Seed: 1837282084
Researcher: 100
Papers: 1400
Edges: 3712
RDensity: None
minScore: 0
maxScore: 10
maxResearcherForPaper: None
maxPaperForResearcher: None
ToAssign: 250
0 161 5
0 277 4
0 356 3
0 365 4
0 441 2
0 539 6
0 549 10
0 692 8
0 1011 5
1 11 2
1 47 3
1 54 3
1 80 2
1 127 9
1 150 4
1 159 5
1 200 1
1 203 7
1 212 3
1 236 8
1 268 8
1 315 7
1 377 5
1 394 8
1 415 9
1 418 1
1 420 5
1 428 5
1 435 5
1 468 6
1 470 9
1 492 7
1 494 3
1 521 4
1 535 6
1 572 1
1 583 7
1 584 3
1 623 7
1 624 5
1 658 4
1 699 6
1 727 4
1 735 6
1 766 3
1 780 2
1 797 2
1 809 8
1 841 9
1 902 4
1 929 5
1 940 8
1 984 4
1 988 5
1 991 0
1 997 8
1 1039 3
1 1099 9
1 1127 7
1 1171 3
1 1201 4
1 1214 5
1 1277 8
1 1329 3
1 1342 6
1 1343 7
1 1346 5
1 1357 0
1 1361 7
2 430 4
2 472 8
2 508 6
2 592 5
2 661 4
2 799 4
2 805 1
2 875 7
2 952 7
2 961 4
2 1051 4
2 1086 7
2 1171 2
2 1245 4
2 1305 1
3 38 3
3 82 4
3 134 3
3 195 8
3 229 2
3 230 5
3 240 9
3 265 3
3 294 5
3 307 3
3 308 4
3 341 2
3 371 4
3 400 7
3 525 4
3 611 8
3 692 8
3 706 7
3 719 7
3 762 5
3 789 4
3 855 6
3 896 4
3 910 6
3 912 6
3 937 4
3 945 5
3 974 5
3 996 5
3 1137 7
3 1164 6
3 1176 6
3 1203 3
3 1236 3
3 1286 4
3 1342 7
4 34 2
4 48 4
4 54 3
4 78 6
4 80 3
4 169 2
4 171 4
4 191 4
4 193 3
4 196 4
4 201 5
4 218 6
4 230 6
4 239 4
4 249 10
4 262 7
4 283 4
4 302 8
4 327 5
4 364 6
4 390 3
4 393 2
4 407 7
4 411 6
4 422 6
4 440 1
4 448 3
4 466 1
4 522 1
4 540 6
4 563 7
4 575 6
4 583 7
4 695 6
4 724 9
4 733 7
4 754 0
4 756 5
4 779 6
4 794 6
4 824 7
4 843 7
4 844 8
4 857 9
4 867 5
4 878 4
4 896 4
4 898 4
4 907 4
4 922 3
4 928 4
4 962 7
4 976 4
4 1001 1
4 1004 6
4 1021 8
4 1061 3
4 1191 1
4 1195 7
4 1246 3
4 1267 8
4 1273 9
4 1294 1
4 1324 3
4 1351 8
4 1356 4
4 1363 1
5 1 5
5 78 6
5 204 5
5 312 7
5 365 4
5 373 3
5 386 3
5 493 5
5 543 7
5 573 3
5 629 5
5 643 5
5 711 3
5 883 1
5 893 5
5 956 7
5 975 9
5 1011 4
5 1062 5
5 1106 8
5 1204 4
5 1217 4
5 1378 0
6 67 4
6 266 5
6 429 3
6 527 4
6 559 2
6 1037 6
6 1096 5
6 1152 2
6 1181 6
6 1185 4
6 1247 4
6 1345 9
7 50 3
7 162 2
7 187 8
7 445 4
7 466 0
7 539 6
7 652 4
7 887 4
7 916 0
7 919 9
7 1165 5
7 1172 6
7 1312 5
8 141 6
8 182 7
8 202 8
8 494 2
8 632 3
8 743 4
8 751 7
8 756 6
8 1031 8
8 1041 4
8 1115 5
8 1176 4
8 1228 2
9 255 6
9 334 8
9 376 7
9 381 3
9 500 5
9 590 7
9 594 4
9 611 8
9 612 1
9 619 5
9 639 2
9 680 5
9 773 6
9 841 9
9 845 5
9 862 9
9 1047 4
9 1079 4
9 1218 4
10 12 7
10 42 8
10 95 7
10 124 7
10 133 9
10 135 4
10 191 4
10 205 6
10 214 3
10 228 7
10 252 7
10 271 8
10 284 1
10 311 5
10 312 6
10 328 1
10 337 5
10 342 0
10 344 5
10 375 6
10 376 8
10 377 4
10 391 5
10 407 6
10 425 4
10 492 5
10 521 5
10 536 9
10 559 2
10 566 8
10 575 6
10 643 5
10 652 3
10 653 7
10 659 4
10 669 4
10 696 5
10 759 6
10 774 3
10 816 3
10 821 2
10 838 4
10 870 3
10 885 8
10 895 2
10 933 5
10 947 4
10 994 8
10 1050 4
10 1065 5
10 1272 5
10 1287 3
10 1333 6
10 1354 6
10 1382 6
10 1398 4
11 25 5
11 70 7
11 127 9
11 183 4
11 191 6
11 229 4
11 305 4
11 329 5
11 331 7
11 336 6
11 362 5
11 373 3
11 389 3
11 407 6
11 442 8
11 463 6
11 497 1
11 578 1
11 654 5
11 688 6
11 690 8
11 692 8
11 705 3
11 733 8
11 740 4
11 741 7
11 742 6
11 766 1
11 778 5
11 782 7
11 836 5
11 907 3
11 948 4
11 972 3
11 974 5
11 1027 7
11 1057 5
11 1077 5
11 1084 4
11 1091 4
11 1104 6
11 1105 7
11 1142 1
11 1251 3
11 1296 6
11 1327 3
11 1331 7
11 1340 4
11 1352 6
11 1373 5
11 1396 4
12 44 3
12 71 2
12 73 2
12 95 7
12 120 9
12 150 3
12 194 6
12 195 7
12 219 7
12 241 4
12 245 1
12 257 2
12 262 7
12 275 6
12 284 0
12 288 4
12 344 4
12 346 5
12 366 5
12 403 4
12 434 5
12 438 7
12 526 7
12 541 8
12 599 4
12 614 3
12 620 9
12 649 2
12 710 7
12 741 7
12 786 7
12 809 6
12 814 5
12 837 6
12 842 2
12 870 2
12 894 4
12 895 4
12 930 5
12 960 5
12 961 4
12 995 3
12 1005 6
12 1026 3
12 1075 2
12 1081 4
12 1106 8
12 1114 6
12 1138 7
12 1157 4
12 1164 5
12 1174 7
12 1185 4
12 1205 4
12 1214 6
12 1238 4
12 1249 2
12 1257 4
12 1260 5
12 1261 7
12 1263 3
12 1356 5
12 1357 0
12 1374 7
12 1393 5
13 6 5
13 14 4
13 45 4
13 49 10
13 56 6
13 108 6
13 126 2
13 133 10
13 136 3
13 153 6
13 163 7
13 211 5
13 232 8
13 234 6
13 274 4
13 285 0
13 289 5
13 291 6
13 361 1
13 371 5
13 402 5
13 518 6
13 588 4
13 606 5
13 667 3
13 828 5
13 837 6
13 838 5
13 841 7
13 858 7
13 888 6
13 892 8
13 906 6
13 957 2
13 968 5
13 999 4
13 1017 7
13 1031 8
13 1035 3
13 1042 6
13 1055 10
13 1064 7
13 1099 10
13 1142 3
13 1162 4
13 1177 4
13 1186 7
13 1207 4
13 1226 3
13 1230 6
13 1239 4
13 1242 10
13 1250 5
13 1269 3
13 1342 6
13 1349 10
13 1367 4
13 1392 6
14 8 4
14 10 3
14 13 1
14 15 5
14 30 8
14 41 2
14 60 0
14 66 5
14 88 5
14 149 6
14 170 5
14 185 5
14 195 8
14 196 5
14 206 3
14 294 4
14 343 5
14 370 2
14 399 4
14 405 7
14 406 5
14 457 10
14 475 3
14 508 5
14 522 2
14 552 4
14 583 6
14 585 3
14 617 5
14 638 5
14 646 3
14 684 7
14 733 7
14 786 8
14 788 4
14 800 10
14 823 4
14 835 1
14 843 7
14 859 1
14 867 5
14 868 7
14 903 4
14 977 1
14 1007 7
14 1012 5
14 1043 4
14 1049 2
14 1103 5
14 1111 6
14 1114 6
14 1121 4
14 1139 7
14 1206 8
14 1225 1
14 1233 6
14 1240 2
14 1243 5
14 1252 5
14 1269 2
14 1271 1
14 1272 5
14 1328 6
14 1334 6
14 1348 4
14 1361 7
14 1383 6
15 13 2
15 51 8
15 376 8
15 392 6
15 405 5
15 482 4
15 529 5
15 617 5
15 758 2
15 763 5
15 833 7
15 835 1
15 851 2
15 878 5
15 909 5
15 931 7
15 937 4
15 1000 6
15 1075 4
15 1089 5
15 1136 1
15 1171 1
15 1231 5
15 1292 5
15 1297 6
15 1316 6
15 1318 6
16 96 7
16 110 6
16 115 4
16 121 5
16 159 6
16 169 4
16 171 3
16 207 7
16 214 4
16 221 1
16 260 8
16 321 6
16 334 8
16 392 7
16 453 7
16 523 5
16 535 4
16 571 10
16 574 6
16 615 6
16 640 7
16 668 6
16 674 6
16 788 5
16 820 3
16 839 6
16 841 9
16 843 7
16 872 4
16 897 5
16 900 6
16 933 7
16 968 3
16 971 5
16 978 7
16 982 3
16 1027 7
16 1040 4
16 1044 9
16 1068 7
16 1135 5
16 1150 7
16 1202 2
16 1214 6
16 1283 9
16 1284 8
16 1293 4
16 1314 8
16 1388 9
17 1 5
17 25 5
17 54 2
17 128 5
17 138 3
17 176 8
17 226 7
17 239 5
17 241 4
17 262 6
17 279 4
17 341 2
17 450 4
17 470 9
17 474 7
17 476 5
17 510 8
17 517 3
17 582 7
17 596 3
17 603 5
17 619 4
17 637 4
17 655 4
17 680 5
17 684 7
17 686 6
17 834 0
17 868 7
17 900 5
17 902 5
17 933 6
17 939 8
17 1023 8
17 1035 4
17 1054 5
17 1101 2
17 1113 4
17 1118 4
17 1148 5
17 1168 8
17 1178 4
17 1189 5
17 1239 5
17 1250 5
17 1279 7
17 1308 2
17 1336 0
17 1361 7
17 1365 7
17 1366 7
17 1393 5
18 93 5
18 171 3
18 204 4
18 244 5
18 260 8
18 284 1
18 323 4
18 386 2
18 391 7
18 438 6
18 449 8
18 460 4
18 532 3
18 636 1
18 642 3
18 650 9
18 664 3
18 681 2
18 728 5
18 759 8
18 769 4
18 790 3
18 837 5
18 846 6
18 855 6
18 883 3
18 902 5
18 961 6
18 1028 6
18 1035 4
18 1151 4
18 1171 2
18 1174 9
18 1281 5
19 51 8
19 52 4
19 86 4
19 88 3
19 90 5
19 141 6
19 207 6
19 208 2
19 237 1
19 283 3
19 314 6
19 328 3
19 383 7
19 418 1
19 441 2
19 483 2
19 486 7
19 495 4
19 523 6
19 555 6
19 617 5
19 630 3
19 652 4
19 676 6
19 682 3
19 760 2
19 761 6
19 764 6
19 773 7
19 777 6
19 827 5
19 847 2
19 856 7
19 974 3
19 1012 4
19 1022 2
19 1060 5
19 1065 7
19 1100 2
19 1114 4
19 1160 5
19 1197 9
19 1202 4
19 1212 3
19 1215 2
19 1250 5
19 1271 3
19 1284 7
19 1285 7
19 1294 1
19 1355 4
19 1365 5
20 4 10
20 10 2
20 27 5
20 54 3
20 102 6
20 106 4
20 116 4
20 126 3
20 134 2
20 185 4
20 223 3
20 336 6
20 356 5
20 400 7
20 424 7
20 425 4
20 434 3
20 438 7
20 479 6
20 519 5
20 593 4
20 598 3
20 608 6
20 639 3
20 661 5
20 672 5
20 690 8
20 694 4
20 700 7
20 724 7
20 735 7
20 750 5
20 761 6
20 764 7
20 797 0
20 802 2
20 806 3
20 855 6
20 879 4
20 917 8
20 919 9
20 946 5
20 1015 4
20 1046 3
20 1079 4
20 1134 5
20 1151 3
20 1154 2
20 1182 7
20 1199 8
20 1214 6
20 1240 4
20 1260 7
20 1264 6
20 1278 9
20 1292 5
20 1318 6
20 1335 8
20 1351 10
20 1356 6
20 1381 5
20 1393 5
21 156 1
21 426 7
21 489 6
21 586 7
21 604 1
21 671 6
21 674 7
21 715 7
21 861 7
21 944 3
21 1127 6
21 1210 9
21 1338 5
22 9 6
22 13 2
22 73 2
22 84 6
22 119 10
22 131 5
22 133 8
22 170 5
22 187 8
22 248 4
22 258 7
22 308 6
22 312 8
22 374 4
22 444 5
22 478 7
22 496 7
22 506 6
22 529 7
22 541 7
22 569 6
22 579 5
22 696 4
22 712 9
22 750 6
22 773 7
22 819 3
22 821 2
22 833 7
22 882 3
22 891 6
22 905 6
22 913 3
22 1062 4
22 1149 4
22 1168 6
22 1207 4
22 1217 5
22 1227 4
22 1244 8
22 1273 8
22 1285 5
22 1313 6
22 1332 8
22 1337 1
23 38 3
23 62 5
23 81 5
23 121 5
23 124 9
23 197 3
23 220 6
23 285 2
23 329 6
23 346 3
23 410 5
23 439 4
23 528 9
23 601 2
23 663 7
23 671 6
23 689 3
23 739 6
23 755 5
23 798 6
23 855 6
23 1203 1
23 1227 6
23 1241 6
23 1331 7
23 1350 5
24 59 4
24 96 5
24 108 6
24 112 6
24 175 7
24 222 4
24 278 1
24 334 7
24 349 6
24 376 7
24 447 4
24 498 6
24 610 2
24 630 2
24 648 7
24 698 4
24 718 4
24 723 8
24 776 5
24 825 2
24 844 8
24 991 0
24 1011 5
24 1044 8
24 1050 3
24 1055 10
24 1078 7
24 1114 5
24 1150 8
24 1241 5
24 1249 2
24 1258 3
24 1260 7
24 1266 4
24 1273 8
24 1275 8
24 1279 5
24 1300 5
24 1376 2
25 124 9
25 185 5
25 226 6
25 331 8
25 356 3
25 380 6
25 392 6
25 435 7
25 483 1
25 515 3
25 533 6
25 553 5
25 668 8
25 671 7
25 767 4
25 771 3
25 801 4
25 822 5
25 906 5
25 1027 7
25 1069 4
25 1078 9
25 1094 4
25 1216 8
25 1225 2
25 1261 8
25 1270 4
25 1305 2
25 1312 5
26 157 3
26 505 5
26 1029 4
26 1219 5
27 14 5
27 15 6
27 23 6
27 52 4
27 91 3
27 100 5
27 133 10
27 196 4
27 232 9
27 290 7
27 292 5
27 297 6
27 324 5
27 342 0
27 379 6
27 404 4
27 444 4
27 448 4
27 471 7
27 504 7
27 532 3
27 535 4
27 568 2
27 578 2
27 698 6
27 700 9
27 724 9
27 744 6
27 749 8
27 755 4
27 765 3
27 767 3
27 793 6
27 818 3
27 872 3
27 875 6
27 886 10
27 897 5
27 916 1
27 935 8
27 940 7
27 949 6
27 976 5
27 1010 5
27 1039 4
27 1068 8
27 1070 3
27 1112 7
27 1122 9
27 1148 7
27 1163 5
27 1172 7
27 1199 8
27 1207 3
27 1227 4
27 1236 2
27 1242 9
27 1250 6
27 1256 4
27 1257 4
27 1269 3
27 1275 7
27 1284 8
27 1301 5
27 1319 5
27 1329 3
27 1348 4
27 1355 5
27 1362 7
27 1367 4
28 22 5
28 77 6
28 125 4
28 150 4
28 162 3
28 214 4
28 217 5
28 227 7
28 237 3
28 238 5
28 274 6
28 307 2
28 345 5
28 454 9
28 464 6
28 488 1
28 515 3
28 546 1
28 562 6
28 609 6
28 625 3
28 717 4
28 725 3
28 731 4
28 739 4
28 758 2
28 797 1
28 819 2
28 823 4
28 849 4
28 862 8
28 901 7
28 922 3
28 961 5
28 971 5
28 993 4
28 1084 4
28 1108 6
28 1196 5
28 1242 10
28 1248 1
28 1302 5
28 1326 7
28 1338 3
28 1357 0
28 1366 7
29 5 4
29 21 5
29 31 3
29 34 3
29 104 6
29 106 3
29 122 7
29 138 5
29 154 7
29 158 4
29 176 6
29 189 5
29 195 6
29 239 5
29 241 4
29 278 1
29 293 2
29 340 5
29 406 6
29 409 3
29 421 6
29 459 6
29 508 6
29 528 9
29 529 7
29 544 3
29 567 7
29 611 8
29 623 7
29 643 4
29 650 7
29 667 3
29 692 7
29 711 1
29 734 7
29 738 3
29 758 2
29 776 6
29 791 7
29 816 4
29 826 4
29 830 8
29 831 5
29 839 5
29 845 4
29 855 6
29 863 5
29 869 10
29 889 5
29 928 3
29 949 8
29 960 5
29 971 5
29 986 5
29 993 5
29 1028 8
29 1040 4
29 1042 6
29 1058 8
29 1085 9
29 1093 4
29 1094 5
29 1143 6
29 1262 3
29 1275 6
29 1304 0
29 1321 4
29 1329 4
29 1372 2
29 1377 2
30 36 8
30 56 6
30 104 4
30 147 1
30 151 3
30 175 5
30 197 4
30 203 7
30 243 4
30 275 6
30 349 7
30 486 7
30 487 7
30 494 2
30 500 7
30 510 6
30 512 4
30 517 2
30 550 6
30 590 5
30 621 7
30 649 2
30 659 4
30 667 2
30 680 4
30 739 6
30 743 6
30 792 8
30 805 2
30 863 5
30 892 7
30 905 8
30 906 5
30 927 4
30 1035 3
30 1041 5
30 1079 4
30 1083 7
30 1164 5
30 1174 9
30 1200 6
30 1207 4
30 1214 6
30 1259 4
30 1288 2
30 1342 7
30 1351 10
30 1358 7
30 1372 3
30 1395 9
31 45 3
31 68 5
31 135 5
31 176 7
31 191 4
31 223 4
31 260 8
31 320 7
31 351 7
31 358 7
31 362 5
31 433 6
31 537 8
31 549 10
31 582 8
31 618 2
31 632 3
31 652 3
31 689 1
31 703 5
31 755 4
31 756 5
31 815 3
31 839 6
31 855 5
31 920 6
31 961 5
31 993 5
31 1001 0
31 1056 5
31 1068 7
31 1130 8
31 1132 2
31 1150 9
31 1175 6
31 1211 4
31 1257 5
31 1316 4
31 1355 5
32 10 2
32 56 4
32 86 4
32 105 3
32 110 5
32 118 5
32 161 5
32 169 4
32 184 4
32 189 6
32 204 5
32 248 5
32 338 4
32 412 5
32 417 4
32 450 4
32 485 6
32 646 3
32 711 1
32 787 4
32 791 7
32 893 4
32 909 7
32 928 5
32 959 2
32 980 3
32 1026 4
32 1096 5
32 1098 5
32 1108 5
32 1121 2
32 1168 7
32 1273 8
32 1292 5
32 1294 2
32 1300 6
32 1306 9
32 1315 4
32 1317 6
32 1318 4
32 1332 9
32 1346 6
32 1386 5
33 6 4
33 119 10
33 198 5
33 289 3
33 291 6
33 327 5
33 362 6
33 407 6
33 460 4
33 541 7
33 562 8
33 616 3
33 622 5
33 816 4
33 886 10
33 887 5
33 905 8
33 926 6
33 935 6
33 964 4
33 1068 6
33 1075 4
33 1087 7
33 1092 6
33 1235 7
33 1304 1
33 1310 5
34 5 4
34 28 7
34 71 2
34 108 6
34 189 5
34 469 8
34 535 5
34 567 7
34 818 4
34 958 7
34 1024 4
34 1256 4
35 26 3
35 38 1
35 119 8
35 125 3
35 128 7
35 233 8
35 252 8
35 258 9
35 318 8
35 398 7
35 506 6
35 549 9
35 570 6
35 591 7
35 597 2
35 637 5
35 647 4
35 682 3
35 721 8
35 732 9
35 757 2
35 797 1
35 848 9
35 865 6
35 930 3
35 948 4
35 999 5
35 1018 4
35 1073 4
35 1074 3
35 1154 1
35 1169 2
35 1185 4
35 1262 3
35 1309 2
35 1330 3
35 1355 6
35 1368 2
35 1391 6
36 15 5
36 25 5
36 41 1
36 51 9
36 58 4
36 84 4
36 154 6
36 156 0
36 163 5
36 221 2
36 247 5
36 291 5
36 292 6
36 315 6
36 318 8
36 326 8
36 348 5
36 400 5
36 409 1
36 422 5
36 448 4
36 453 7
36 515 3
36 516 3
36 523 4
36 626 4
36 642 4
36 664 3
36 685 5
36 686 5
36 700 9
36 713 8
36 756 7
36 799 3
36 838 5
36 904 7
36 969 5
36 998 5
36 1048 5
36 1049 4
36 1052 9
36 1069 4
36 1097 4
36 1125 2
36 1134 5
36 1201 6
36 1283 9
36 1306 9
36 1314 9
36 1320 2
36 1331 5
36 1365 6
37 37 3
37 46 4
37 96 6
37 106 4
37 118 6
37 124 8
37 127 7
37 130 8
37 155 8
37 160 4
37 162 4
37 217 6
37 225 8
37 265 3
37 267 7
37 313 4
37 314 8
37 322 4
37 339 7
37 359 9
37 378 5
37 383 7
37 389 3
37 396 4
37 410 4
37 421 5
37 422 6
37 459 7
37 506 4
37 511 6
37 513 4
37 530 4
37 551 3
37 625 3
37 630 2
37 640 6
37 652 3
37 696 3
37 707 4
37 738 2
37 757 4
37 773 7
37 917 7
37 939 8
37 967 5
37 987 0
37 1008 2
37 1010 5
37 1041 6
37 1072 7
37 1090 6
37 1111 4
37 1124 1
37 1204 3
37 1208 6
37 1209 5
37 1233 7
37 1234 3
37 1237 4
37 1269 4
37 1275 6
37 1277 7
37 1290 4
37 1327 3
37 1330 5
37 1343 6
37 1392 5
38 8 3
38 86 5
38 93 6
38 114 3
38 147 1
38 161 6
38 204 3
38 264 7
38 274 6
38 294 5
38 302 9
38 382 5
38 405 7
38 406 7
38 480 9
38 484 2
38 509 8
38 674 7
38 682 4
38 694 5
38 697 8
38 726 6
38 739 5
38 747 4
38 756 6
38 771 4
38 779 6
38 803 4
38 842 2
38 856 8
38 965 4
38 972 3
38 1008 2
38 1059 4
38 1076 4
38 1083 7
38 1097 4
38 1103 7
38 1104 6
38 1121 2
38 1124 1
38 1133 7
38 1135 3
38 1173 8
38 1197 10
38 1232 6
38 1233 5
38 1281 5
38 1289 6
38 1333 6
38 1337 2
38 1346 7
38 1365 5
38 1370 10
38 1383 6
39 119 9
39 137 3
39 183 5
39 187 8
39 196 4
39 215 7
39 222 5
39 366 5
39 367 4
39 368 5
39 416 3
39 431 3
39 487 9
39 516 4
39 586 6
39 625 3
39 626 3
39 629 6
39 637 5
39 688 5
39 730 5
39 742 6
39 758 3
39 907 3
39 977 3
39 1026 3
39 1053 6
39 1056 7
39 1076 3
39 1094 6
39 1156 4
39 1205 3
39 1219 6
39 1224 5
39 1230 5
39 1234 3
39 1237 5
39 1253 7
39 1298 8
39 1367 3
39 1373 6
39 1390 7
40 0 5
40 48 5
40 87 7
40 152 3
40 424 9
40 578 3
40 641 4
40 653 7
40 654 7
40 734 8
40 1002 6
40 1004 6
40 1089 4
40 1282 2
41 128 5
41 428 5
42 10 4
42 211 5
42 251 4
42 259 10
42 281 6
42 324 3
42 338 4
42 355 4
42 418 3
42 419 7
42 427 5
42 502 5
42 567 5
42 573 3
42 577 6
42 625 3
42 665 4
42 721 7
42 774 2
42 798 4
42 830 6
42 847 3
42 912 6
42 1004 6
42 1032 5
42 1084 4
42 1113 4
42 1148 7
42 1179 6
42 1224 5
42 1268 4
42 1356 6
42 1371 5
42 1377 2
42 1390 6
43 57 9
43 115 6
43 116 4
43 122 7
43 193 2
43 237 1
43 470 7
43 550 6
43 709 8
43 730 7
43 915 2
43 999 3
43 1112 6
43 1122 9
43 1197 8
43 1220 7
43 1228 3
43 1241 4
43 1345 7
44 20 10
44 90 6
44 108 4
44 216 7
44 309 4
44 478 9
44 517 1
44 575 4
44 615 5
44 655 4
44 743 4
44 857 8
44 934 5
44 940 9
44 964 6
44 995 3
44 1034 6
44 1036 2
44 1101 0
44 1188 7
44 1380 4
44 1396 5
45 17 3
45 1049 2
45 1351 10
46 10 2
46 39 2
46 41 2
46 42 8
46 46 4
46 63 1
46 126 3
46 186 3
46 218 6
46 248 6
46 249 10
46 295 2
46 315 7
46 319 4
46 340 6
46 364 7
46 381 4
46 467 5
46 486 6
46 512 5
46 514 7
46 524 6
46 539 6
46 554 5
46 641 6
46 645 5
46 696 5
46 705 5
46 775 2
46 830 8
46 847 2
46 851 4
46 864 7
46 869 8
46 875 5
46 932 6
46 934 5
46 946 6
46 966 6
46 976 4
46 988 5
46 1045 7
46 1062 5
46 1087 5
46 1096 5
46 1102 6
46 1157 6
46 1167 8
46 1179 4
46 1216 7
46 1230 6
46 1242 10
46 1252 6
46 1273 8
46 1290 3
46 1291 3
46 1298 6
46 1308 2
46 1325 5
46 1336 1
46 1347 0
46 1361 8
46 1376 2
47 0 5
47 10 3
47 31 2
47 40 6
47 57 8
47 72 8
47 96 6
47 232 8
47 239 6
47 255 6
47 263 4
47 273 5
47 304 6
47 333 4
47 334 8
47 401 3
47 467 4
47 485 5
47 559 2
47 643 4
47 668 8
47 686 5
47 693 6
47 729 5
47 742 4
47 801 4
47 870 2
47 888 8
47 925 8
47 950 3
47 1004 5
47 1009 7
47 1031 7
47 1034 6
47 1042 6
47 1089 5
47 1095 5
47 1119 4
47 1122 9
47 1142 3
47 1151 3
47 1166 0
47 1174 8
47 1220 7
47 1222 5
47 1225 2
47 1230 6
47 1243 7
47 1288 2
47 1393 6
47 1394 2
48 13 2
48 76 4
48 173 6
48 206 3
48 208 1
48 209 7
48 271 6
48 277 3
48 311 5
48 371 4
48 384 5
48 480 8
48 492 7
48 526 8
48 534 7
48 741 8
48 1212 3
48 1224 5
48 1289 5
48 1325 6
49 27 3
49 29 4
49 34 4
49 60 0
49 114 5
49 145 5
49 250 0
49 257 0
49 299 1
49 312 8
49 379 5
49 385 6
49 386 4
49 406 5
49 448 4
49 491 9
49 494 2
49 507 5
49 510 8
49 513 5
49 544 4
49 617 5
49 624 4
49 633 2
49 645 4
49 660 5
49 724 7
49 725 5
49 756 6
49 770 4
49 782 7
49 814 6
49 820 4
49 823 4
49 871 7
49 893 3
49 894 2
49 916 2
49 937 4
49 1064 7
49 1074 3
49 1102 8
49 1109 2
49 1180 5
49 1240 4
49 1257 6
49 1286 4
49 1297 7
49 1308 1
49 1329 4
50 1 5
50 49 9
50 56 5
50 127 7
50 171 3
50 182 8
50 253 5
50 297 6
50 307 3
50 379 5
50 391 5
50 394 7
50 420 5
50 545 9
50 559 3
50 589 4
50 600 8
50 686 6
50 725 5
50 783 5
50 826 6
50 832 4
50 849 4
50 884 8
50 951 5
50 979 2
50 1019 4
50 1039 5
50 1097 3
50 1100 1
50 1191 2
50 1194 6
50 1241 5
50 1308 3
50 1344 5
51 173 5
51 217 6
51 657 1
51 1148 7
52 25 4
52 41 2
52 51 9
52 67 4
52 74 3
52 85 3
52 88 4
52 110 6
52 115 5
52 135 5
52 157 5
52 239 5
52 245 3
52 304 6
52 391 6
52 403 3
52 414 2
52 431 5
52 445 3
52 523 6
52 530 5
52 539 6
52 556 6
52 601 2
52 648 8
52 677 5
52 686 6
52 700 7
52 759 6
52 769 5
52 840 7
52 859 1
52 931 8
52 932 7
52 950 4
52 983 7
52 1141 3
52 1147 6
52 1224 5
52 1233 5
52 1265 3
52 1310 5
52 1376 4
53 1 7
53 12 5
53 71 2
53 133 10
53 146 8
53 159 6
53 252 6
53 292 6
53 372 7
53 382 6
53 477 4
53 537 6
53 582 8
53 655 4
53 661 4
53 709 9
53 731 5
53 735 6
53 737 3
53 757 4
53 1010 5
53 1012 4
53 1042 6
53 1045 6
53 1104 5
53 1211 5
53 1223 6
53 1233 6
53 1249 2
53 1362 7
53 1365 7
53 1367 4
53 1398 2
54 4 10
54 183 3
54 298 4
54 468 5
54 472 8
54 672 4
54 849 5
54 1039 4
54 1057 6
55 9 8
55 35 5
55 41 3
55 59 6
55 92 8
55 138 5
55 155 7
55 192 4
55 290 6
55 359 7
55 370 3
55 429 3
55 431 3
55 452 8
55 453 6
55 573 4
55 593 3
55 633 3
55 683 6
55 694 4
55 697 8
55 733 6
55 744 5
55 747 6
55 750 5
55 759 8
55 779 5
55 780 2
55 816 5
55 860 6
55 895 4
55 936 3
55 966 7
55 998 4
55 1023 9
55 1071 8
55 1090 6
55 1099 9
55 1135 4
55 1140 7
55 1218 2
55 1253 6
55 1312 3
55 1378 0
55 1379 4
56 22 6
56 34 4
56 88 3
56 98 1
56 121 3
56 135 4
56 155 8
56 201 5
56 202 6
56 214 4
56 256 4
56 267 6
56 280 4
56 327 4
56 332 9
56 347 7
56 349 5
56 356 4
56 372 7
56 378 4
56 380 5
56 381 4
56 457 10
56 459 5
56 468 4
56 473 6
56 532 4
56 624 5
56 655 6
56 656 4
56 674 8
56 718 3
56 748 2
56 835 0
56 853 5
56 857 7
56 885 8
56 952 6
56 965 3
56 985 9
56 1000 6
56 1023 9
56 1040 4
56 1067 7
56 1106 8
56 1149 5
56 1154 1
56 1183 5
56 1377 3
57 34 4
57 70 8
57 75 9
57 86 5
57 99 4
57 103 3
57 127 7
57 159 6
57 286 4
57 303 0
57 309 3
57 310 3
57 319 6
57 383 8
57 440 1
57 443 7
57 452 7
57 453 7
57 479 7
57 541 9
57 543 6
57 563 6
57 576 7
57 579 6
57 629 5
57 660 5
57 734 7
57 746 3
57 760 0
57 770 3
57 771 4
57 780 4
57 821 4
57 830 8
57 836 5
57 870 4
57 873 8
57 889 5
57 901 7
57 923 4
57 925 8
57 926 7
57 945 4
57 946 6
57 1012 4
57 1021 7
57 1072 6
57 1086 6
57 1088 6
57 1102 7
57 1108 6
57 1131 1
57 1132 1
57 1139 7
57 1169 1
57 1185 3
57 1207 4
57 1222 7
57 1233 7
57 1241 5
57 1266 3
57 1298 7
57 1300 6
57 1302 4
57 1311 7
57 1316 6
57 1321 4
57 1349 10
57 1364 7
57 1379 5
58 40 6
58 67 4
58 100 6
58 117 4
58 138 5
58 140 3
58 147 2
58 273 5
58 374 4
58 553 7
58 946 7
58 990 4
58 1003 7
58 1014 5
58 1025 6
58 1041 4
58 1177 4
58 1215 2
59 67 4
59 170 4
59 235 5
59 264 7
59 299 1
59 432 7
59 451 3
59 465 3
59 564 5
59 770 4
59 796 5
59 834 1
59 842 2
59 1008 4
59 1063 4
59 1146 0
59 1156 5
59 1298 6
60 79 5
60 128 5
60 137 4
60 177 5
60 198 6
60 252 6
60 256 5
60 277 3
60 303 1
60 308 5
60 353 6
60 567 7
60 571 10
60 660 5
60 924 7
60 1007 6
60 1011 4
60 1200 7
60 1348 3
61 52 4
61 55 3
61 90 5
61 149 7
61 156 0
61 170 4
61 216 8
61 285 2
61 310 5
61 317 2
61 327 4
61 352 8
61 375 4
61 379 7
61 428 4
61 459 6
61 468 6
61 476 5
61 495 3
61 563 7
61 600 8
61 757 2
61 828 5
61 848 9
61 904 7
61 920 5
61 929 6
61 943 4
61 962 5
61 1044 8
61 1055 8
61 1078 9
61 1114 5
61 1125 3
61 1155 4
61 1160 3
61 1239 3
61 1251 4
61 1268 6
61 1274 6
61 1399 0
62 84 5
62 116 4
62 250 0
62 503 5
62 608 7
62 649 4
62 672 6
62 726 5
62 745 5
62 786 8
62 851 4
62 854 5
62 857 7
62 888 7
62 973 7
62 1090 4
62 1177 4
62 1324 2
63 3 3
63 18 4
63 65 2
63 182 8
63 243 5
63 267 6
63 318 10
63 373 3
63 374 4
63 383 8
63 407 6
63 462 5
63 659 4
63 678 7
63 683 5
63 720 5
63 819 2
63 824 7
63 857 9
63 858 8
63 919 9
63 921 3
63 953 5
63 1082 7
63 1093 4
63 1134 5
63 1137 5
63 1163 3
63 1263 3
63 1342 5
63 1366 8
64 63 2
64 74 1
64 124 8
64 126 2
64 205 8
64 210 4
64 231 7
64 423 4
64 531 5
64 672 6
64 687 8
64 747 6
64 806 3
64 813 10
64 865 4
64 1074 4
64 1111 6
64 1177 3
64 1204 4
64 1244 9
64 1296 6
65 195 6
65 273 6
65 335 7
65 436 4
65 499 7
65 876 2
65 1200 7
65 1253 7
65 1339 6
66 12 5
66 40 7
66 61 8
66 114 5
66 205 6
66 336 5
66 358 7
66 372 6
66 381 4
66 590 5
66 633 3
66 676 8
66 700 7
66 706 7
66 733 8
66 837 7
66 872 3
66 890 7
66 913 3
66 981 3
66 1010 5
66 1013 8
66 1108 5
66 1195 7
67 29 6
67 40 6
67 60 2
67 69 4
67 113 6
67 114 4
67 134 3
67 142 4
67 143 6
67 205 7
67 331 6
67 366 6
67 369 2
67 373 2
67 395 5
67 396 5
67 404 2
67 424 7
67 429 3
67 433 5
67 435 7
67 441 4
67 512 4
67 558 6
67 595 6
67 605 4
67 629 5
67 649 3
67 688 4
67 691 4
67 696 5
67 702 0
67 767 3
67 811 6
67 941 6
67 979 4
67 990 6
67 992 4
67 1032 5
67 1039 3
67 1135 3
67 1138 7
67 1169 2
67 1197 10
67 1199 6
67 1220 9
67 1230 5
67 1238 5
67 1276 3
67 1287 5
67 1288 1
67 1301 4
67 1304 2
67 1320 1
67 1371 5
67 1373 6
67 1390 5
67 1396 5
68 49 10
68 123 3
68 154 6
68 164 7
68 198 5
68 201 7
68 218 5
68 229 3
68 239 6
68 270 2
68 273 7
68 296 5
68 408 4
68 480 8
68 486 8
68 489 5
68 528 9
68 590 5
68 636 0
68 671 6
68 674 6
68 722 4
68 736 6
68 738 3
68 752 5
68 787 5
68 867 6
68 869 8
68 910 5
68 923 3
68 946 6
68 955 3
68 983 5
68 997 7
68 1062 5
68 1100 1
68 1127 6
68 1160 4
68 1164 7
68 1170 2
68 1188 6
68 1204 3
68 1298 7
68 1338 3
68 1350 5
68 1369 5
69 143 5
69 552 3
69 736 4
69 970 7
70 19 6
70 29 4
70 43 7
70 54 1
70 58 5
70 83 6
70 108 4
70 114 3
70 128 7
70 131 6
70 177 6
70 181 9
70 186 2
70 204 5
70 231 6
70 248 5
70 252 8
70 272 4
70 276 2
70 290 7
70 296 6
70 366 5
70 373 4
70 399 6
70 412 6
70 418 3
70 431 4
70 443 6
70 448 5
70 449 7
70 465 4
70 487 7
70 520 10
70 549 8
70 556 7
70 560 5
70 569 5
70 585 3
70 627 5
70 631 4
70 652 5
70 661 5
70 713 8
70 778 6
70 783 5
70 823 4
70 837 6
70 881 7
70 1079 4
70 1095 6
70 1100 1
70 1104 6
70 1126 5
70 1137 5
70 1182 7
70 1201 6
70 1220 7
70 1223 6
70 1227 6
70 1254 3
70 1271 3
70 1286 5
70 1321 3
70 1330 5
70 1336 1
70 1353 5
70 1355 4
70 1363 1
71 110 5
71 773 6
71 938 3
71 1228 1
71 1318 4
72 16 6
72 35 7
72 84 4
72 162 4
72 224 5
72 256 5
72 322 6
72 325 8
72 332 7
72 334 6
72 335 8
72 352 9
72 392 6
72 416 4
72 428 4
72 444 5
72 455 7
72 471 8
72 477 6
72 493 5
72 524 7
72 542 2
72 543 8
72 578 1
72 602 3
72 634 4
72 708 3
72 748 3
72 784 5
72 810 6
72 938 4
72 945 4
72 955 3
72 963 5
72 964 5
72 985 9
72 986 3
72 995 2
72 996 4
72 1083 7
72 1087 6
72 1109 3
72 1112 8
72 1166 2
72 1172 7
72 1191 3
72 1215 1
72 1220 9
72 1266 5
72 1272 4
72 1282 2
72 1295 7
72 1312 3
72 1337 1
72 1339 6
72 1376 3
73 27 5
73 37 5
73 46 6
73 69 3
73 71 2
73 149 6
73 180 2
73 245 1
73 281 7
73 298 3
73 300 3
73 316 4
73 328 1
73 447 3
73 456 7
73 477 6
73 505 7
73 524 7
73 559 2
73 567 5
73 573 3
73 586 7
73 672 4
73 715 6
73 723 9
73 725 4
73 731 5
73 748 1
73 783 4
73 784 5
73 796 4
73 817 6
73 822 7
73 901 7
73 902 4
73 906 6
73 933 7
73 988 7
73 1001 0
73 1091 5
73 1100 2
73 1127 6
73 1137 6
73 1171 3
73 1178 3
73 1225 1
73 1239 5
73 1293 3
73 1324 4
73 1376 3
74 92 6
74 93 6
74 154 8
74 166 9
74 193 2
74 244 6
74 255 5
74 289 3
74 354 2
74 370 2
74 417 5
74 437 6
74 499 6
74 559 2
74 686 7
74 750 4
74 862 7
74 904 6
74 924 6
74 942 9
74 1001 2
74 1046 4
74 1069 3
74 1099 9
74 1172 6
74 1204 2
74 1254 4
74 1354 4
74 1367 3
74 1370 10
75 35 6
75 52 4
75 66 5
75 100 5
75 154 6
75 178 4
75 241 4
75 340 4
75 372 8
75 495 5
75 553 5
75 598 4
75 628 3
75 654 7
75 765 2
75 935 8
75 952 7
75 1184 7
75 1228 3
75 1252 5
76 20 10
76 33 3
76 57 8
76 153 5
76 172 6
76 228 7
76 339 6
76 360 4
76 371 6
76 404 3
76 423 2
76 517 2
76 614 5
76 644 9
76 673 8
76 679 3
76 769 6
76 771 4
76 794 8
76 867 4
76 868 8
76 1149 3
76 1173 6
76 1185 3
76 1242 8
76 1254 3
76 1255 10
76 1257 5
76 1271 2
76 1279 5
77 53 6
77 169 4
77 228 7
77 260 8
77 329 6
77 386 3
77 539 4
77 547 5
77 548 1
77 609 6
77 684 7
77 685 7
77 777 4
77 789 4
77 830 7
77 990 6
77 997 9
77 1064 7
77 1157 4
77 1161 7
77 1180 5
77 1190 5
77 1193 6
77 1324 3
77 1338 3
77 1381 6
78 24 7
78 71 4
78 72 7
78 85 4
78 104 6
78 114 3
78 141 8
78 224 6
78 226 7
78 232 9
78 260 6
78 262 7
78 277 2
78 340 5
78 387 5
78 388 4
78 403 5
78 481 5
78 487 7
78 519 3
78 530 4
78 532 4
78 541 7
78 569 7
78 653 7
78 655 6
78 671 7
78 681 3
78 685 6
78 706 6
78 712 7
78 722 5
78 723 7
78 758 4
78 761 4
78 771 5
78 776 7
78 808 3
78 833 6
78 864 7
78 875 7
78 918 3
78 954 7
78 956 7
78 1000 8
78 1006 7
78 1033 2
78 1049 4
78 1084 4
78 1088 6
78 1175 7
78 1182 6
78 1195 8
78 1245 2
78 1263 2
78 1282 2
78 1322 7
78 1357 0
78 1389 2
79 260 7
79 357 2
79 635 6
79 907 4
79 1262 5
79 1309 1
79 1384 8
79 1397 7
80 58 4
80 187 6
80 199 2
80 236 7
80 256 4
80 261 6
80 268 7
80 287 6
80 304 8
80 319 5
80 397 6
80 436 4
80 460 6
80 461 5
80 481 7
80 527 4
80 528 7
80 580 8
80 607 8
80 629 6
80 630 3
80 649 4
80 650 8
80 670 2
80 678 7
80 684 6
80 702 0
80 775 2
80 795 1
80 806 2
80 811 5
80 888 8
80 919 9
80 939 9
80 940 8
80 959 4
80 1003 9
80 1051 5
80 1060 7
80 1083 7
80 1102 7
80 1123 7
80 1165 6
80 1232 8
80 1305 2
80 1309 2
80 1320 3
80 1338 5
80 1385 4
81 12 5
81 53 7
81 56 6
81 97 9
81 120 9
81 132 5
81 167 4
81 194 6
81 269 3
81 286 6
81 299 3
81 339 6
81 340 6
81 360 3
81 362 4
81 383 8
81 446 6
81 454 8
81 466 0
81 470 7
81 482 5
81 514 5
81 537 7
81 565 9
81 572 1
81 575 6
81 578 2
81 580 7
81 585 3
81 604 2
81 624 6
81 636 2
81 639 2
81 641 5
81 644 8
81 671 6
81 730 5
81 743 5
81 761 6
81 811 4
81 823 5
81 885 7
81 928 4
81 956 5
81 981 3
81 984 4
81 1047 5
81 1050 4
81 1110 2
81 1120 5
81 1168 6
81 1182 6
81 1188 6
81 1236 3
81 1245 2
81 1281 6
81 1309 3
81 1322 7
81 1331 6
81 1359 4
81 1367 2
81 1374 7
81 1389 2
82 168 4
82 190 3
82 194 4
82 203 8
82 295 0
82 301 6
82 350 9
82 391 6
82 401 3
82 408 5
82 425 6
82 427 4
82 566 7
82 852 6
82 977 1
82 994 9
82 1015 3
82 1053 4
82 1169 1
82 1176 4
82 1218 2
82 1229 6
82 1281 5
82 1325 4
83 2 7
83 27 5
83 79 5
83 81 7
83 97 7
83 125 3
83 130 6
83 132 5
83 143 7
83 145 6
83 173 6
83 174 8
83 183 4
83 199 2
83 268 8
83 335 6
83 344 4
83 350 8
83 388 4
83 396 5
83 401 4
83 405 7
83 501 8
83 521 6
83 523 5
83 553 7
83 601 4
83 609 6
83 645 4
83 654 6
83 665 3
83 714 3
83 716 9
83 745 7
83 781 4
83 804 9
83 848 9
83 870 3
83 880 3
83 895 2
83 920 7
83 935 6
83 952 5
83 961 5
83 1003 9
83 1033 4
83 1035 2
83 1071 6
83 1087 6
83 1144 6
83 1158 1
83 1163 5
83 1168 8
83 1174 8
83 1260 6
83 1287 3
83 1288 1
83 1299 3
83 1335 6
83 1386 4
84 56 6
84 98 3
84 155 8
84 184 4
84 188 7
84 211 6
84 263 6
84 285 0
84 292 5
84 325 9
84 338 4
84 339 6
84 356 5
84 451 3
84 458 4
84 553 7
84 616 3
84 664 3
84 737 5
84 739 5
84 743 5
84 753 5
84 866 5
84 925 9
84 954 9
84 974 4
84 992 6
84 1187 3
84 1195 6
84 1215 1
84 1278 9
84 1304 0
84 1325 5
84 1383 8
85 7 9
85 86 5
85 91 2
85 109 3
85 179 8
85 244 6
85 255 4
85 305 3
85 357 3
85 500 5
85 600 7
85 662 2
85 782 8
85 852 7
85 969 5
85 971 7
85 978 7
85 1050 2
85 1077 4
85 1255 9
85 1363 3
86 8 5
86 38 3
86 51 8
86 53 8
86 69 2
86 80 2
86 83 7
86 85 2
86 134 2
86 155 8
86 159 6
86 205 7
86 250 2
86 270 2
86 294 3
86 330 4
86 332 7
86 367 6
86 390 5
86 397 5
86 424 7
86 449 8
86 477 4
86 527 4
86 571 10
86 653 6
86 697 8
86 701 3
86 710 8
86 721 8
86 785 3
86 792 7
86 804 10
86 852 8
86 861 7
86 869 8
86 877 4
86 890 7
86 899 8
86 979 4
86 981 3
86 996 4
86 1002 6
86 1017 7
86 1019 6
86 1028 8
86 1030 3
86 1035 3
86 1043 6
86 1064 6
86 1134 4
86 1141 2
86 1153 5
86 1175 8
86 1184 7
86 1187 2
86 1196 3
86 1232 6
86 1238 5
86 1302 5
86 1326 6
86 1328 5
86 1386 3
87 67 4
87 71 3
87 76 5
87 111 6
87 130 6
87 147 1
87 149 7
87 180 3
87 191 6
87 202 8
87 203 7
87 228 6
87 266 3
87 301 6
87 312 8
87 356 3
87 375 4
87 404 4
87 453 5
87 506 4
87 512 3
87 528 8
87 546 3
87 571 10
87 616 3
87 636 0
87 759 7
87 760 2
87 767 5
87 776 5
87 796 3
87 801 6
87 835 1
87 836 5
87 854 6
87 862 8
87 926 6
87 935 8
87 995 3
87 997 8
87 1009 6
87 1012 3
87 1020 3
87 1023 8
87 1055 10
87 1066 5
87 1069 3
87 1086 7
87 1093 2
87 1100 1
87 1145 5
87 1159 5
87 1174 8
87 1234 3
87 1242 9
87 1279 5
87 1289 5
87 1291 2
87 1310 5
87 1313 8
87 1317 7
87 1341 4
87 1395 10
88 12 5
88 25 5
88 110 4
88 111 6
88 131 5
88 151 4
88 153 6
88 177 7
88 186 2
88 187 8
88 205 7
88 222 6
88 276 4
88 294 3
88 334 8
88 358 8
88 380 5
88 400 5
88 538 2
88 544 4
88 630 3
88 667 2
88 672 5
88 750 4
88 752 6
88 768 3
88 804 8
88 809 7
88 829 4
88 839 7
88 852 7
88 890 9
88 909 5
88 911 5
88 929 6
88 950 3
88 958 6
88 965 2
88 972 3
88 1031 7
88 1042 4
88 1119 6
88 1178 5
88 1203 1
88 1213 8
88 1248 3
88 1281 7
89 11 3
89 32 7
89 64 6
89 89 4
89 99 3
89 102 8
89 110 5
89 125 4
89 139 4
89 165 7
89 236 9
89 293 3
89 301 8
89 375 5
89 380 7
89 408 4
89 436 5
89 442 9
89 449 8
89 474 9
89 492 6
89 508 7
89 521 4
89 522 2
89 535 4
89 539 6
89 561 0
89 574 7
89 579 5
89 581 5
89 735 8
89 739 4
89 763 3
89 770 4
89 811 6
89 837 7
89 857 9
89 868 7
89 870 3
89 894 2
89 901 6
89 932 7
89 959 4
89 1015 4
89 1018 2
89 1089 4
89 1096 4
89 1148 5
89 1162 3
89 1166 0
89 1224 6
89 1270 4
89 1273 9
89 1275 6
89 1284 9
89 1294 3
89 1305 2
90 26 2
90 37 4
90 84 4
90 124 7
90 129 0
90 148 5
90 169 4
90 170 6
90 177 6
90 185 5
90 229 3
90 269 3
90 307 4
90 330 4
90 354 2
90 360 2
90 390 5
90 401 4
90 410 4
90 419 6
90 461 5
90 471 7
90 479 7
90 483 1
90 487 8
90 508 7
90 516 5
90 532 3
90 552 3
90 557 4
90 586 8
90 590 7
90 594 4
90 616 1
90 626 4
90 628 2
90 667 3
90 712 7
90 715 8
90 718 5
90 726 5
90 737 4
90 753 5
90 759 8
90 803 5
90 831 3
90 854 5
90 912 6
90 914 5
90 928 4
90 984 2
90 1007 6
90 1028 7
90 1078 7
90 1106 9
90 1121 2
90 1155 4
90 1164 6
90 1182 6
90 1206 9
90 1207 3
90 1260 5
90 1275 8
90 1281 7
90 1310 5
90 1329 2
90 1370 10
90 1375 2
90 1391 7
91 3 4
91 41 2
91 94 3
91 95 7
91 99 4
91 107 4
91 122 7
91 174 7
91 229 4
91 242 4
91 264 6
91 310 3
91 332 8
91 340 5
91 353 5
91 478 9
91 485 5
91 505 6
91 511 5
91 543 8
91 555 8
91 636 1
91 647 5
91 677 5
91 704 2
91 806 3
91 819 3
91 826 5
91 862 9
91 890 7
91 908 4
91 922 3
91 951 5
91 969 6
91 973 5
91 1050 4
91 1066 6
91 1078 9
91 1098 3
91 1115 7
91 1179 6
91 1182 7
91 1184 5
91 1198 5
91 1202 3
91 1243 6
91 1256 5
91 1265 3
91 1320 2
91 1332 9
91 1386 5
91 1390 7
92 108 4
92 187 6
92 210 2
92 218 5
92 243 4
92 254 3
92 281 6
92 307 2
92 331 6
92 363 5
92 393 4
92 413 6
92 417 6
92 419 5
92 439 6
92 490 7
92 491 9
92 587 4
92 614 3
92 624 5
92 645 6
92 656 3
92 701 2
92 733 7
92 769 5
92 839 7
92 841 8
92 848 8
92 902 4
92 934 6
92 956 5
92 958 7
92 965 4
92 986 3
92 994 7
92 1012 3
92 1024 5
92 1033 4
92 1046 3
92 1067 9
92 1119 6
92 1120 6
92 1123 9
92 1128 5
92 1131 1
92 1133 6
92 1137 5
92 1151 2
92 1175 6
92 1221 10
92 1229 6
92 1258 4
92 1265 5
92 1288 1
92 1368 1
92 1375 2
92 1383 8
92 1399 0
93 23 6
93 706 6
93 1295 7
93 1387 0
94 502 5
94 509 7
94 588 4
94 708 4
94 724 9
94 839 6
94 947 2
94 996 5
94 1016 6
94 1209 5
94 1314 8
95 101 5
95 246 2
95 282 4
95 304 6
95 370 4
95 387 6
95 388 3
95 445 4
95 633 3
95 809 6
95 850 5
95 910 5
95 965 3
95 1048 7
95 1080 1
95 1129 4
95 1262 4
95 1360 2
95 1375 4
96 11 4
96 14 5
96 43 7
96 51 8
96 132 6
96 150 2
96 208 2
96 319 4
96 421 4
96 429 1
96 443 7
96 465 4
96 613 7
96 656 3
96 662 1
96 666 5
96 711 2
96 754 1
96 757 4
96 772 2
96 783 4
96 798 4
96 802 2
96 812 8
96 867 6
96 909 5
96 918 3
96 929 6
96 931 6
96 932 6
96 989 7
96 1036 3
96 1057 6
96 1069 3
96 1105 8
96 1148 6
96 1163 4
96 1179 5
96 1224 4
96 1296 6
96 1303 5
96 1357 0
96 1368 1
96 1387 1
97 35 5
97 92 8
97 99 4
97 123 3
97 144 3
97 150 2
97 154 6
97 213 3
97 265 4
97 267 6
97 298 5
97 311 7
97 313 2
97 336 5
97 358 7
97 396 5
97 397 5
97 471 6
97 488 1
97 505 6
97 517 2
97 521 4
97 589 4
97 617 7
97 675 10
97 696 5
97 704 4
97 711 3
97 740 4
97 760 0
97 782 9
97 803 5
97 823 4
97 858 8
97 859 2
97 900 4
97 936 4
97 954 8
97 981 4
97 995 3
97 1005 4
97 1007 7
97 1034 8
97 1047 5
97 1055 9
97 1061 5
97 1069 2
97 1076 4
97 1099 10
97 1119 6
97 1127 8
97 1147 7
97 1152 3
97 1169 2
97 1192 6
97 1256 5
97 1280 6
97 1293 3
97 1315 5
97 1349 10
97 1368 2
97 1386 4
97 1389 3
97 1396 6
98 33 3
98 204 5
98 242 5
98 251 2
98 264 6
98 306 7
98 313 2
98 379 5
98 400 6
98 608 6
98 611 6
98 651 3
98 668 7
98 677 4
98 700 7
98 722 5
98 768 3
98 821 4
98 858 8
98 860 6
98 928 4
98 938 4
98 987 0
98 1107 9
98 1143 4
98 1219 7
98 1258 5
98 1307 1
98 1375 4
98 1390 7
99 60 1
99 61 8
99 64 6
99 118 5
99 132 5
99 216 7
99 288 3
99 305 3
99 325 8
99 337 7
99 362 5
99 449 7
99 452 7
99 455 6
99 477 5
99 500 7
99 508 5
99 511 6
99 578 3
99 593 2
99 666 4
99 743 5
99 750 6
99 807 6
99 835 1
99 848 8
99 868 7
99 874 0
99 935 8
99 949 8
99 1038 8
99 1043 4
99 1050 2
99 1111 6
99 1116 5
99 1117 6
99 1171 3
99 1214 5
99 1261 6
99 1276 4
99 1304 0
99 1314 10
99 1315 5
99 1323 7
99 1333 4
99 1366 8
