Seed: 4153931614
Researcher: 140
Papers: 1960
Edges: 7052
RDensity: None
minScore: 0
maxScore: 10
maxResearcherForPaper: None
maxPaperForResearcher: None
ToAssign: 350
0 5 4
0 11 3
0 24 1
0 25 8
0 27 4
0 30 5
0 90 7
0 118 7
0 141 1
0 197 7
0 202 7
0 231 2
0 247 7
0 323 4
0 338 6
0 354 5
0 373 5
0 381 5
0 451 3
0 471 9
0 504 7
0 539 7
0 552 6
0 564 5
0 576 1
0 600 4
0 628 8
0 655 5
0 666 5
0 675 1
0 681 6
0 702 1
0 732 4
0 751 4
0 771 8
0 787 3
0 794 1
0 800 8
0 819 4
0 845 3
0 858 5
0 863 7
0 967 4
0 999 3
0 1008 3
0 1055 3
0 1087 10
0 1158 4
0 1174 5
0 1249 4
0 1274 1
0 1299 3
0 1322 10
0 1334 4
0 1344 4
0 1369 5
0 1372 6
0 1391 5
0 1399 4
0 1402 8
0 1403 8
0 1426 4
0 1432 7
0 1434 3
0 1448 8
0 1454 4
0 1483 6
0 1505 5
0 1531 10
0 1546 0
0 1574 4
0 1599 10
0 1610 5
0 1666 2
0 1687 6
0 1712 10
0 1725 3
0 1732 4
0 1733 5
0 1734 1
0 1781 5
0 1817 7
0 1819 4
0 1866 5
0 1922 8
1 71 7
1 105 7
1 154 3
1 166 8
1 195 7
1 331 7
1 340 2
1 393 8
1 396 4
1 525 6
1 537 8
1 585 4
1 692 7
1 697 10
1 704 6
1 727 3
1 740 9
1 751 6
1 775 7
1 784 5
1 861 4
1 874 4
1 887 9
1 890 4
1 905 5
1 923 5
1 924 6
1 934 7
1 955 6
1 1019 7
1 1025 6
1 1027 7
1 1046 6
1 1052 5
1 1065 8
1 1082 2
1 1088 5
1 1090 4
1 1098 8
1 1106 5
1 1119 9
1 1131 4
1 1149 2
1 1171 8
1 1195 7
1 1197 2
1 1215 10
1 1236 7
1 1252 4
1 1257 4
1 1293 3
1 1333 4
1 1338 8
1 1360 4
1 1449 6
1 1487 4
1 1552 6
1 1580 5
1 1603 8
1 1610 7
1 1615 5
1 1629 6
1 1644 2
1 1678 5
1 1689 4
1 1702 6
1 1716 5
1 1785 4
1 1855 7
1 1871 5
1 1892 4
1 1894 3
1 1921 7
1 1923 7
1 1927 6
1 1929 0
1 1955 3
2 15 4
2 98 5
2 117 6
2 120 6
2 124 4
2 164 2
2 173 4
2 218 2
2 249 4
2 304 1
2 309 3
2 431 7
2 456 3
2 646 6
2 655 3
2 673 6
2 698 6
2 702 1
2 711 4
2 741 9
2 742 4
2 780 6
2 796 6
2 807 8
2 871 6
2 872 1
2 980 4
2 985 3
2 1057 3
2 1071 3
2 1093 4
2 1187 10
2 1200 4
2 1222 6
2 1269 8
2 1380 6
2 1424 8
2 1456 5
2 1484 3
2 1493 7
2 1532 8
2 1707 2
2 1876 9
3 5 6
3 96 7
3 118 7
3 122 0
3 139 3
3 142 4
3 143 2
3 148 7
3 202 5
3 223 5
3 240 3
3 253 5
3 306 6
3 311 7
3 380 4
3 383 6
3 415 3
3 417 8
3 454 7
3 473 5
3 475 5
3 490 5
3 506 7
3 515 3
3 516 8
3 536 6
3 571 7
3 576 1
3 629 4
3 640 5
3 663 4
3 684 4
3 685 5
3 742 5
3 776 3
3 827 8
3 831 6
3 840 2
3 851 2
3 955 8
3 959 8
3 960 9
3 973 4
3 986 4
3 995 6
3 1015 4
3 1039 8
3 1077 8
3 1114 4
3 1117 4
3 1156 3
3 1157 5
3 1178 2
3 1181 6
3 1188 6
3 1190 7
3 1195 8
3 1214 4
3 1216 3
3 1233 9
3 1244 7
3 1268 8
3 1276 6
3 1289 5
3 1304 4
3 1339 1
3 1347 7
3 1362 4
3 1372 5
3 1399 5
3 1418 3
3 1466 10
3 1490 3
3 1495 6
3 1515 7
3 1536 2
3 1544 6
3 1550 2
3 1590 4
3 1613 6
3 1626 7
3 1659 4
3 1670 7
3 1692 1
3 1709 4
3 1742 3
3 1790 5
3 1808 1
3 1827 4
3 1867 6
3 1873 5
3 1887 4
3 1901 4
3 1906 3
3 1913 4
3 1931 4
3 1942 7
4 105 6
4 1417 4
4 1512 3
5 50 3
5 67 6
5 92 3
5 104 3
5 179 3
5 186 7
5 190 6
5 536 5
5 558 5
5 572 4
5 595 3
5 715 9
5 739 5
5 807 7
5 914 4
5 972 3
5 1120 4
5 1462 5
5 1545 2
5 1549 4
5 1552 5
5 1584 7
5 1646 8
5 1741 5
5 1769 9
5 1877 4
5 1923 7
6 223 6
6 394 3
6 630 7
6 680 2
6 709 7
6 768 0
6 911 7
6 934 6
6 990 4
6 1039 7
6 1228 5
6 1279 4
6 1392 4
6 1423 2
6 1437 0
6 1626 8
6 1682 6
6 1723 4
6 1748 5
6 1783 4
6 1835 4
6 1922 8
6 1939 4
7 10 5
7 114 5
7 166 8
7 197 6
7 249 2
7 269 1
7 272 3
7 274 5
7 304 2
7 314 6
7 326 3
7 349 4
7 353 1
7 403 5
7 437 6
7 611 8
7 640 7
7 693 0
7 721 2
7 773 6
7 775 8
7 896 2
7 909 6
7 921 3
7 948 7
7 975 0
7 989 4
7 1007 3
7 1021 4
7 1035 3
7 1076 2
7 1083 3
7 1119 7
7 1158 3
7 1188 5
7 1216 2
7 1233 8
7 1274 1
7 1296 5
7 1320 2
7 1334 4
7 1355 9
7 1380 5
7 1385 5
7 1408 4
7 1414 9
7 1436 3
7 1458 4
7 1487 4
7 1514 6
7 1539 5
7 1554 9
7 1576 6
7 1661 7
7 1665 5
7 1667 4
7 1680 8
7 1682 6
7 1730 2
7 1764 5
7 1802 7
7 1808 1
7 1815 7
7 1826 7
7 1862 7
7 1882 1
7 1891 7
7 1932 5
7 1943 7
8 26 9
8 82 5
8 122 2
8 157 6
8 167 6
8 188 5
8 243 2
8 499 4
8 609 6
8 737 6
8 768 0
8 873 4
8 1024 0
8 1235 4
8 1298 6
8 1322 8
8 1340 8
8 1537 4
8 1635 6
8 1658 8
8 1701 7
8 1755 5
8 1846 5
8 1911 6
9 52 8
9 57 6
9 65 3
9 69 0
9 127 8
9 132 2
9 158 3
9 180 6
9 249 3
9 251 6
9 262 5
9 295 5
9 329 6
9 361 5
9 390 4
9 400 6
9 413 5
9 414 9
9 473 5
9 492 6
9 546 7
9 562 4
9 573 3
9 623 4
9 668 5
9 686 3
9 713 6
9 723 7
9 732 4
9 735 8
9 763 3
9 818 3
9 820 6
9 847 4
9 867 3
9 899 4
9 909 5
9 918 1
9 919 1
9 927 5
9 934 7
9 938 6
9 939 4
9 970 6
9 1081 9
9 1140 5
9 1155 6
9 1172 3
9 1176 4
9 1191 0
9 1199 2
9 1203 5
9 1258 2
9 1271 6
9 1303 5
9 1310 4
9 1318 5
9 1319 9
9 1379 1
9 1388 4
9 1419 5
9 1472 5
9 1606 6
9 1611 5
9 1639 7
9 1675 3
9 1680 7
9 1689 5
9 1701 8
9 1704 7
9 1709 3
9 1737 5
9 1795 6
9 1804 4
9 1807 4
9 1835 4
9 1839 7
9 1841 7
9 1846 4
9 1863 4
9 1887 5
9 1926 6
9 1943 6
9 1944 7
10 18 4
10 45 2
10 49 4
10 225 7
10 282 3
10 390 4
10 476 5
10 516 9
10 521 0
10 530 7
10 581 0
10 583 7
10 586 6
10 694 5
10 827 8
10 852 3
10 881 6
10 982 4
10 1080 6
10 1090 3
10 1211 5
10 1289 5
10 1366 6
10 1386 6
10 1397 5
10 1407 10
10 1441 3
10 1544 4
10 1638 6
10 1647 4
11 5 4
11 38 9
11 81 6
11 95 7
11 132 0
11 145 4
11 235 2
11 281 7
11 344 9
11 379 2
11 388 8
11 393 8
11 442 8
11 488 5
11 625 5
11 691 7
11 694 3
11 704 5
11 707 5
11 729 5
11 800 8
11 846 0
11 889 6
11 909 7
11 958 3
11 962 7
11 982 6
11 986 5
11 1024 0
11 1035 1
11 1058 7
11 1085 7
11 1139 3
11 1145 3
11 1185 5
11 1201 5
11 1213 5
11 1266 4
11 1325 8
11 1344 6
11 1490 5
11 1570 6
11 1588 2
11 1600 6
11 1604 5
11 1617 5
11 1622 2
11 1684 5
11 1701 7
11 1705 5
11 1718 5
11 1767 8
11 1794 6
11 1812 9
11 1819 4
11 1829 5
11 1876 8
11 1877 4
11 1909 5
12 84 5
12 85 1
12 138 5
12 142 3
12 216 4
12 367 6
12 375 6
12 480 3
12 750 4
12 793 4
12 898 4
12 1061 2
12 1188 6
12 1247 2
12 1269 9
12 1285 9
12 1290 4
12 1317 6
12 1329 6
12 1360 4
12 1364 5
12 1383 5
12 1400 8
12 1476 3
12 1542 6
12 1710 6
12 1755 5
12 1800 7
12 1852 3
13 161 8
13 226 3
13 246 4
13 350 5
13 394 4
13 666 5
13 683 6
13 852 2
13 869 3
13 875 6
13 885 4
13 1039 8
13 1049 3
13 1070 2
13 1092 5
13 1093 4
13 1108 4
13 1229 3
13 1245 8
13 1248 5
13 1266 3
13 1324 5
13 1387 1
13 1405 6
13 1534 6
13 1549 4
13 1654 4
13 1702 4
13 1703 5
13 1705 4
13 1729 5
13 1767 8
13 1814 5
13 1918 3
13 1923 7
14 49 5
14 63 6
14 79 8
14 97 7
14 104 2
14 141 1
14 143 2
14 147 9
14 148 5
14 155 5
14 187 3
14 192 4
14 219 6
14 246 3
14 250 2
14 257 7
14 260 2
14 274 3
14 275 3
14 286 1
14 336 7
14 346 6
14 352 4
14 370 8
14 388 8
14 420 8
14 499 5
14 500 4
14 519 2
14 523 5
14 560 5
14 585 5
14 595 2
14 600 3
14 676 6
14 698 6
14 709 6
14 732 5
14 735 8
14 783 7
14 789 6
14 841 8
14 842 4
14 877 2
14 884 6
14 899 5
14 943 5
14 961 6
14 1009 5
14 1038 7
14 1050 4
14 1081 8
14 1090 3
14 1101 7
14 1121 4
14 1143 6
14 1152 3
14 1176 2
14 1210 4
14 1281 3
14 1301 4
14 1315 5
14 1334 4
14 1335 4
14 1344 4
14 1355 9
14 1411 4
14 1424 10
14 1443 4
14 1452 5
14 1456 5
14 1479 6
14 1501 6
14 1504 5
14 1533 4
14 1609 5
14 1637 3
14 1672 4
14 1711 4
14 1721 1
14 1738 3
14 1744 8
14 1753 7
14 1781 5
14 1796 3
14 1801 7
14 1830 3
14 1890 5
14 1892 4
15 53 4
15 58 1
15 60 5
15 122 0
15 152 5
15 163 7
15 180 7
15 194 2
15 201 3
15 225 9
15 229 2
15 244 4
15 279 3
15 290 4
15 294 5
15 305 6
15 316 4
15 326 2
15 352 6
15 397 6
15 412 2
15 451 2
15 455 6
15 456 3
15 469 5
15 472 1
15 502 7
15 517 4
15 553 3
15 566 10
15 598 8
15 614 5
15 631 8
15 632 9
15 677 5
15 682 2
15 686 5
15 722 6
15 772 3
15 776 5
15 806 4
15 817 6
15 823 4
15 848 3
15 863 8
15 870 7
15 875 6
15 878 4
15 907 4
15 940 1
15 943 6
15 967 4
15 1017 8
15 1039 6
15 1067 6
15 1072 5
15 1078 2
15 1092 4
15 1105 5
15 1110 7
15 1175 6
15 1187 9
15 1213 7
15 1222 5
15 1231 7
15 1242 4
15 1274 0
15 1279 4
15 1326 4
15 1390 5
15 1395 8
15 1509 6
15 1551 4
15 1565 3
15 1593 6
15 1600 7
15 1673 4
15 1700 6
15 1702 4
15 1730 2
15 1736 4
15 1752 7
15 1755 3
15 1782 5
15 1800 7
15 1811 1
15 1867 4
15 1868 7
15 1873 5
15 1938 5
15 1954 4
16 1 2
16 33 5
16 69 0
16 119 5
16 136 4
16 205 9
16 294 6
16 320 4
16 335 3
16 344 10
16 347 4
16 395 7
16 451 3
16 461 6
16 500 4
16 536 7
16 578 7
16 627 5
16 675 2
16 691 5
16 701 5
16 787 4
16 815 2
16 820 6
16 835 5
16 878 2
16 931 1
16 944 5
16 945 7
16 1102 1
16 1157 5
16 1195 8
16 1201 6
16 1203 6
16 1209 9
16 1228 3
16 1295 6
16 1339 2
16 1345 2
16 1350 4
16 1370 7
16 1382 6
16 1398 4
16 1418 3
16 1441 3
16 1444 7
16 1477 6
16 1500 2
16 1502 3
16 1534 5
16 1571 4
16 1600 7
16 1620 5
16 1708 7
16 1710 7
16 1736 2
16 1742 3
16 1766 8
16 1767 8
16 1789 7
16 1833 6
16 1844 4
16 1858 5
16 1920 3
16 1926 5
16 1928 7
16 1934 4
16 1957 6
17 15 5
17 24 3
17 45 4
17 55 9
17 95 8
17 126 7
17 149 4
17 150 5
17 179 3
17 203 4
17 275 3
17 317 3
17 380 5
17 382 5
17 406 8
17 410 6
17 441 4
17 447 5
17 491 8
17 563 2
17 580 7
17 590 4
17 603 4
17 609 5
17 611 8
17 658 5
17 677 5
17 684 4
17 725 5
17 765 8
17 788 6
17 804 5
17 853 7
17 900 3
17 912 0
17 923 5
17 962 7
17 988 5
17 1007 3
17 1009 4
17 1026 6
17 1053 3
17 1059 5
17 1068 6
17 1136 8
17 1144 4
17 1158 3
17 1246 5
17 1269 7
17 1294 5
17 1318 3
17 1324 5
17 1378 5
17 1385 4
17 1431 5
17 1441 3
17 1453 8
17 1495 6
17 1586 10
17 1593 7
17 1608 7
17 1624 1
17 1677 5
17 1699 8
17 1738 2
17 1780 7
17 1831 4
17 1855 7
17 1874 6
18 30 6
18 73 6
18 80 7
18 111 2
18 131 6
18 136 3
18 175 9
18 279 3
18 336 6
18 341 5
18 342 3
18 347 3
18 362 6
18 369 8
18 411 5
18 463 10
18 479 4
18 523 4
18 528 9
18 530 5
18 531 5
18 539 5
18 547 6
18 549 6
18 574 7
18 656 1
18 657 9
18 661 6
18 811 7
18 853 5
18 888 7
18 951 4
18 1039 6
18 1043 3
18 1050 4
18 1113 3
18 1149 3
18 1170 4
18 1244 7
18 1300 6
18 1347 9
18 1368 3
18 1376 7
18 1459 6
18 1483 6
18 1485 7
18 1488 3
18 1536 3
18 1542 4
18 1543 6
18 1559 4
18 1628 5
18 1643 6
18 1698 4
18 1712 8
18 1714 8
18 1723 4
18 1740 1
18 1745 6
18 1760 0
18 1799 4
18 1817 6
18 1891 7
18 1898 5
18 1908 5
18 1937 4
19 23 5
19 109 7
19 152 5
19 156 7
19 290 3
19 472 1
19 505 6
19 522 6
19 547 7
19 549 8
19 617 5
19 787 4
19 954 5
19 981 4
19 1027 5
19 1052 4
19 1088 7
19 1097 5
19 1115 3
19 1157 6
19 1208 6
19 1251 7
19 1273 5
19 1284 8
19 1290 5
19 1335 5
19 1366 6
19 1427 5
19 1451 7
19 1492 5
19 1494 7
19 1505 7
19 1550 2
19 1552 5
19 1569 7
19 1596 6
19 1607 6
19 1610 7
19 1652 6
19 1694 4
19 1717 1
19 1803 2
19 1809 4
19 1830 5
19 1861 4
19 1870 5
19 1882 3
19 1893 6
19 1907 7
19 1918 5
19 1932 3
19 1935 5
20 15 6
20 19 7
20 39 7
20 111 4
20 154 5
20 168 5
20 205 8
20 265 1
20 270 2
20 273 6
20 275 2
20 334 9
20 340 3
20 353 0
20 413 6
20 424 5
20 438 6
20 448 5
20 473 5
20 525 4
20 529 4
20 552 7
20 562 5
20 584 4
20 610 3
20 613 3
20 621 8
20 652 6
20 658 4
20 712 7
20 720 8
20 721 2
20 750 5
20 751 5
20 782 7
20 795 2
20 832 4
20 857 4
20 890 6
20 936 4
20 974 6
20 995 6
20 1008 3
20 1083 4
20 1094 2
20 1111 6
20 1151 6
20 1186 7
20 1188 5
20 1194 6
20 1238 4
20 1266 5
20 1288 2
20 1305 5
20 1312 4
20 1326 6
20 1354 4
20 1360 5
20 1363 6
20 1379 2
20 1392 2
20 1445 3
20 1458 5
20 1510 7
20 1562 3
20 1567 3
20 1585 7
20 1635 6
20 1681 6
20 1682 6
20 1700 5
20 1749 2
20 1790 4
20 1793 0
20 1825 3
20 1861 6
20 1864 4
20 1865 4
20 1879 6
20 1883 2
20 1884 2
20 1887 4
20 1893 5
20 1907 6
20 1950 6
21 37 6
21 102 7
21 111 3
21 123 3
21 187 2
21 249 2
21 265 2
21 313 6
21 341 4
21 373 6
21 385 5
21 395 7
21 413 4
21 415 4
21 420 9
21 457 7
21 538 6
21 581 1
21 590 3
21 641 3
21 650 5
21 695 4
21 747 8
21 806 5
21 810 3
21 866 4
21 901 7
21 903 4
21 938 4
21 963 10
21 989 5
21 1042 7
21 1153 9
21 1168 5
21 1181 5
21 1196 4
21 1204 5
21 1369 3
21 1423 2
21 1547 8
21 1562 2
21 1569 7
21 1642 2
21 1667 4
21 1672 4
21 1673 5
21 1703 3
21 1708 6
21 1726 5
21 1793 0
21 1867 5
21 1881 6
21 1890 5
21 1936 6
21 1939 4
22 59 4
22 89 5
22 203 4
22 303 4
22 402 4
22 417 7
22 635 8
22 770 6
22 793 3
22 1375 6
22 1524 2
22 1928 5
23 62 5
23 163 7
23 167 5
23 177 3
23 186 7
23 218 4
23 233 4
23 238 6
23 351 3
23 367 5
23 389 7
23 475 6
23 494 5
23 559 8
23 574 7
23 648 5
23 676 6
23 682 2
23 698 6
23 720 8
23 758 5
23 802 5
23 811 6
23 870 6
23 888 7
23 896 2
23 965 2
23 979 4
23 991 4
23 1055 4
23 1079 5
23 1096 7
23 1107 5
23 1116 9
23 1121 4
23 1133 10
23 1200 2
23 1225 6
23 1270 3
23 1421 4
23 1441 3
23 1510 5
23 1594 6
23 1606 7
23 1607 6
23 1619 6
23 1652 5
23 1743 5
23 1780 8
23 1878 4
23 1889 3
23 1945 3
24 30 5
24 38 9
24 97 8
24 111 2
24 114 4
24 159 5
24 237 4
24 246 3
24 248 7
24 270 0
24 278 6
24 279 4
24 298 5
24 315 8
24 345 5
24 374 5
24 448 7
24 495 4
24 500 5
24 520 5
24 523 6
24 550 5
24 585 6
24 591 3
24 606 5
24 609 6
24 654 7
24 665 5
24 679 3
24 680 1
24 691 7
24 696 3
24 703 3
24 713 4
24 721 3
24 748 7
24 759 4
24 788 5
24 843 8
24 886 3
24 929 4
24 941 9
24 984 5
24 1041 5
24 1047 3
24 1075 8
24 1185 5
24 1194 5
24 1305 3
24 1374 3
24 1408 5
24 1431 3
24 1434 5
24 1443 5
24 1451 7
24 1479 8
24 1530 5
24 1571 5
24 1592 1
24 1596 7
24 1638 5
24 1661 8
24 1755 4
24 1787 10
24 1847 5
24 1852 4
24 1877 3
24 1895 5
24 1926 6
25 12 2
25 38 7
25 63 6
25 83 5
25 91 6
25 148 5
25 181 3
25 275 2
25 332 6
25 383 5
25 405 5
25 419 4
25 425 8
25 455 5
25 506 7
25 526 3
25 537 8
25 706 3
25 718 5
25 783 7
25 790 7
25 816 5
25 831 6
25 834 2
25 841 8
25 868 7
25 883 6
25 927 6
25 930 4
25 951 5
25 958 5
25 972 3
25 1003 6
25 1014 3
25 1026 5
25 1035 1
25 1128 5
25 1182 0
25 1222 4
25 1234 5
25 1247 3
25 1278 5
25 1373 4
25 1411 4
25 1415 9
25 1458 5
25 1495 8
25 1535 4
25 1574 6
25 1578 4
25 1586 10
25 1608 7
25 1616 4
25 1668 2
25 1674 7
25 1710 7
25 1713 7
25 1714 8
25 1717 3
25 1726 7
25 1763 8
25 1799 3
25 1824 8
25 1842 10
25 1846 4
25 1861 5
25 1881 6
25 1883 4
25 1898 4
25 1900 4
25 1904 6
25 1916 1
25 1925 4
25 1953 6
26 40 4
26 666 7
26 857 4
26 1048 9
26 1167 4
26 1201 4
26 1701 8
26 1863 4
26 1913 4
27 15 5
27 64 8
27 83 7
27 106 5
27 160 6
27 183 7
27 190 8
27 195 7
27 242 6
27 262 6
27 264 4
27 267 8
27 286 2
27 324 4
27 337 9
27 339 7
27 404 1
27 458 7
27 488 7
27 496 3
27 507 6
27 559 8
27 572 4
27 576 3
27 617 4
27 620 7
27 622 8
27 633 6
27 634 5
27 659 6
27 661 5
27 714 6
27 720 8
27 735 7
27 776 5
27 783 7
27 792 3
27 812 5
27 929 3
27 958 5
27 985 2
27 1003 7
27 1019 6
27 1042 8
27 1078 1
27 1142 6
27 1150 6
27 1176 3
27 1215 10
27 1226 4
27 1245 9
27 1272 4
27 1275 9
27 1319 9
27 1335 4
27 1340 8
27 1378 5
27 1396 9
27 1497 7
27 1516 2
27 1520 9
27 1529 8
27 1530 7
27 1533 5
27 1554 8
27 1559 4
27 1572 7
27 1592 0
27 1618 2
27 1620 5
27 1637 4
27 1668 2
27 1678 5
27 1754 7
27 1772 4
27 1800 7
27 1811 3
27 1819 2
27 1825 3
27 1830 3
27 1854 7
27 1897 4
27 1917 6
27 1931 4
28 48 5
28 143 1
28 178 6
28 199 6
28 209 7
28 216 3
28 260 2
28 300 4
28 308 7
28 334 9
28 335 3
28 341 6
28 412 2
28 429 6
28 529 6
28 586 5
28 637 4
28 638 3
28 732 4
28 827 6
28 834 2
28 889 6
28 949 4
28 1020 3
28 1051 8
28 1102 1
28 1139 4
28 1143 5
28 1180 8
28 1216 2
28 1264 3
28 1295 6
28 1313 5
28 1348 6
28 1360 4
28 1395 9
28 1465 3
28 1485 5
28 1514 4
28 1519 2
28 1521 4
28 1547 6
28 1550 4
28 1560 4
28 1591 6
28 1619 7
28 1689 4
28 1732 4
28 1753 5
28 1788 7
28 1805 3
28 1834 0
28 1836 6
28 1849 6
28 1858 6
28 1859 2
28 1914 3
28 1927 5
29 70 5
29 135 5
29 194 1
29 207 7
29 313 6
29 333 1
29 533 7
29 535 5
29 575 4
29 589 5
29 617 4
29 679 4
29 786 6
29 832 3
29 989 6
29 1013 6
29 1126 7
29 1171 8
29 1210 3
29 1348 7
29 1411 2
29 1440 5
29 1485 6
29 1575 5
29 1701 6
29 1716 4
29 1729 6
29 1732 3
29 1737 3
29 1775 4
29 1905 3
30 11 3
30 34 6
30 182 1
30 204 8
30 221 3
30 250 2
30 293 3
30 308 7
30 361 5
30 363 8
30 416 4
30 434 5
30 448 6
30 486 8
30 499 5
30 524 5
30 526 4
30 584 5
30 602 1
30 609 7
30 618 6
30 686 5
30 706 4
30 710 4
30 721 2
30 723 6
30 727 2
30 739 5
30 837 8
30 875 4
30 884 5
30 891 2
30 908 5
30 914 6
30 934 7
30 940 3
30 966 6
30 967 4
30 982 4
30 1056 3
30 1080 7
30 1090 2
30 1095 5
30 1123 4
30 1160 3
30 1238 5
30 1266 3
30 1317 6
30 1323 4
30 1329 8
30 1349 7
30 1373 4
30 1446 6
30 1461 5
30 1543 6
30 1552 5
30 1593 6
30 1603 8
30 1616 4
30 1623 4
30 1661 6
30 1680 7
30 1697 3
30 1763 6
30 1800 8
30 1815 7
30 1856 7
30 1892 5
30 1897 5
30 1914 2
30 1934 3
30 1944 5
30 1949 7
31 175 9
31 561 5
31 937 5
32 73 6
32 81 4
32 198 2
32 280 1
32 320 3
32 372 2
32 452 6
32 530 6
32 612 7
32 619 8
32 868 7
32 884 5
32 953 6
32 1045 3
32 1155 4
32 1251 8
32 1343 5
32 1371 7
32 1394 8
32 1421 4
32 1446 7
32 1584 9
32 1615 4
32 1734 2
32 1743 7
32 1859 4
32 1903 3
33 12 4
33 31 7
33 46 4
33 51 6
33 65 3
33 96 7
33 113 9
33 117 6
33 120 6
33 121 6
33 123 4
33 151 3
33 196 10
33 213 2
33 242 4
33 284 8
33 300 5
33 322 3
33 327 1
33 390 4
33 398 5
33 408 4
33 419 3
33 426 6
33 447 6
33 473 7
33 509 4
33 514 6
33 548 5
33 569 7
33 579 8
33 599 6
33 619 7
33 630 8
33 640 6
33 665 5
33 720 9
33 727 2
33 735 9
33 744 3
33 751 5
33 803 5
33 835 5
33 873 4
33 900 3
33 941 10
33 956 3
33 972 3
33 978 7
33 984 4
33 987 7
33 1018 8
33 1029 4
33 1030 6
33 1031 3
33 1112 3
33 1147 8
33 1154 6
33 1166 5
33 1191 2
33 1217 5
33 1256 2
33 1282 3
33 1314 6
33 1316 4
33 1327 3
33 1350 6
33 1352 10
33 1365 1
33 1429 1
33 1456 4
33 1457 2
33 1507 4
33 1525 1
33 1531 8
33 1551 3
33 1615 3
33 1674 5
33 1692 1
33 1748 5
33 1794 7
33 1867 5
33 1870 4
33 1878 2
33 1881 5
33 1887 5
33 1899 4
33 1905 5
34 29 6
34 48 5
34 72 0
34 128 8
34 262 4
34 295 6
34 305 6
34 309 3
34 331 5
34 351 3
34 369 7
34 381 5
34 387 8
34 398 4
34 444 7
34 450 8
34 493 5
34 575 4
34 578 6
34 642 7
34 655 4
34 705 5
34 778 6
34 847 3
34 1003 8
34 1042 7
34 1076 3
34 1128 4
34 1144 3
34 1159 3
34 1208 7
34 1234 5
34 1300 6
34 1345 3
34 1349 5
34 1420 6
34 1445 3
34 1454 5
34 1489 10
34 1528 8
34 1547 6
34 1570 8
34 1616 4
34 1696 8
34 1705 5
34 1719 6
34 1722 4
34 1863 3
34 1883 2
35 68 4
35 90 8
35 113 7
35 160 7
35 184 6
35 224 5
35 232 5
35 372 4
35 375 4
35 442 6
35 564 3
35 612 7
35 656 3
35 709 7
35 726 4
35 780 5
35 814 6
35 938 4
35 951 3
35 996 3
35 999 4
35 1017 8
35 1082 2
35 1088 6
35 1290 6
35 1344 6
35 1382 5
35 1472 5
35 1646 6
35 1802 7
35 1842 9
35 1852 2
35 1858 7
36 19 6
36 40 5
36 43 8
36 200 4
36 262 6
36 299 7
36 375 5
36 475 7
36 483 2
36 493 3
36 623 2
36 655 5
36 661 7
36 697 9
36 788 4
36 851 2
36 1114 4
36 1228 3
36 1260 5
36 1351 6
36 1397 6
36 1498 2
36 1548 4
36 1617 4
36 1651 7
36 1722 5
36 1724 5
36 1740 3
36 1821 2
36 1845 7
36 1920 3
37 61 5
37 141 3
37 331 6
37 415 4
37 763 2
37 856 9
37 1144 2
37 1262 5
37 1338 7
37 1355 8
37 1366 4
37 1486 7
37 1571 5
37 1939 6
38 22 2
38 74 8
38 93 4
38 146 8
38 153 4
38 178 8
38 245 3
38 273 6
38 286 1
38 443 3
38 553 2
38 578 7
38 971 5
38 1022 4
38 1064 4
38 1195 8
38 1230 8
38 1503 5
38 1511 7
38 1618 4
38 1628 6
38 1672 4
38 1729 6
38 1857 5
38 1859 2
38 1925 4
38 1951 5
39 117 5
39 307 4
39 365 3
39 387 6
39 501 9
39 590 4
39 720 7
39 834 3
39 835 5
39 924 6
39 930 5
39 935 5
39 1116 7
39 1162 3
39 1207 5
39 1236 6
39 1650 4
39 1741 4
39 1757 6
39 1878 3
40 16 4
40 123 5
40 250 4
40 294 6
40 470 7
40 475 5
40 521 0
40 534 7
40 577 6
40 614 5
40 618 8
40 645 4
40 678 6
40 724 4
40 795 1
40 797 3
40 871 4
40 877 2
40 983 3
40 992 4
40 1011 5
40 1065 8
40 1079 5
40 1154 7
40 1250 5
40 1268 6
40 1276 6
40 1293 2
40 1367 7
40 1407 8
40 1410 6
40 1450 9
40 1482 5
40 1549 3
40 1602 3
40 1657 0
40 1806 7
40 1861 4
40 1886 9
40 1912 6
40 1948 4
41 16 3
41 18 4
41 69 0
41 126 7
41 131 6
41 135 3
41 187 4
41 216 2
41 220 8
41 222 4
41 239 1
41 246 3
41 272 2
41 290 3
41 305 4
41 334 9
41 368 4
41 379 3
41 388 9
41 393 7
41 401 5
41 435 4
41 474 3
41 483 2
41 493 3
41 524 3
41 530 5
41 541 6
41 545 7
41 589 3
41 611 6
41 643 3
41 665 4
41 689 5
41 749 4
41 756 7
41 758 7
41 765 7
41 784 5
41 808 3
41 816 6
41 822 9
41 845 5
41 864 5
41 922 7
41 942 5
41 948 6
41 950 5
41 999 5
41 1018 6
41 1025 6
41 1045 3
41 1077 9
41 1144 2
41 1166 5
41 1173 9
41 1186 7
41 1187 10
41 1229 5
41 1235 4
41 1269 9
41 1300 5
41 1303 3
41 1339 2
41 1375 5
41 1382 5
41 1388 5
41 1396 9
41 1400 6
41 1474 2
41 1504 5
41 1517 5
41 1524 4
41 1539 4
41 1569 5
41 1572 5
41 1575 7
41 1579 7
41 1609 5
41 1625 3
41 1635 4
41 1677 4
41 1678 7
41 1679 1
41 1704 7
41 1734 0
41 1784 5
41 1818 6
41 1849 5
41 1877 4
41 1899 4
41 1917 7
41 1929 1
41 1935 5
41 1953 8
42 60 3
42 306 6
42 753 5
42 822 9
42 1016 7
42 1135 10
42 1181 7
42 1275 8
42 1379 3
42 1402 6
42 1570 8
42 1856 6
43 20 3
43 103 6
43 571 6
43 862 4
43 963 10
43 1059 5
43 1072 5
43 1211 5
43 1413 6
43 1828 4
43 1886 10
44 88 8
44 172 5
44 204 8
44 251 4
44 286 1
44 391 6
44 424 4
44 501 9
44 619 7
44 627 4
44 778 7
44 804 5
44 811 5
44 894 5
44 996 3
44 1130 8
44 1216 4
44 1291 7
44 1337 6
44 1674 6
44 1890 4
44 1931 2
45 10 5
45 21 3
45 22 2
45 47 2
45 64 8
45 96 5
45 149 4
45 261 8
45 289 4
45 335 3
45 386 10
45 435 3
45 453 10
45 525 4
45 571 6
45 579 7
45 600 3
45 627 6
45 678 7
45 688 7
45 694 5
45 711 2
45 820 6
45 828 5
45 840 2
45 858 5
45 911 7
45 1006 10
45 1023 6
45 1139 5
45 1157 4
45 1196 5
45 1201 5
45 1269 8
45 1276 6
45 1286 4
45 1326 5
45 1365 0
45 1397 5
45 1491 1
45 1517 3
45 1522 4
45 1622 2
45 1641 5
45 1659 4
45 1697 3
45 1743 6
45 1755 5
45 1798 7
45 1818 5
45 1840 6
45 1867 6
45 1875 7
45 1885 1
45 1935 5
45 1942 5
46 26 10
46 35 4
46 42 4
46 63 8
46 93 6
46 102 6
46 128 7
46 138 5
46 159 4
46 170 3
46 174 2
46 177 5
46 208 8
46 226 3
46 227 3
46 240 3
46 265 0
46 320 3
46 343 0
46 355 7
46 381 6
46 388 10
46 432 2
46 466 7
46 471 9
46 478 5
46 537 7
46 539 7
46 558 6
46 626 3
46 640 6
46 652 6
46 782 6
46 801 5
46 854 5
46 895 6
46 904 3
46 942 3
46 972 3
46 1000 3
46 1059 7
46 1063 6
46 1076 3
46 1080 6
46 1108 2
46 1120 3
46 1185 6
46 1213 6
46 1256 1
46 1275 7
46 1283 6
46 1296 7
46 1330 5
46 1338 7
46 1340 8
46 1449 6
46 1468 2
46 1553 1
46 1556 4
46 1593 6
46 1596 8
46 1621 0
46 1655 5
46 1665 6
46 1666 3
46 1671 5
46 1672 6
46 1699 6
46 1707 2
46 1719 4
46 1752 6
46 1798 6
46 1817 7
46 1841 6
46 1845 7
46 1848 1
46 1886 9
46 1923 6
46 1932 3
47 19 8
47 66 6
47 72 0
47 110 3
47 112 7
47 192 5
47 215 2
47 247 9
47 310 3
47 331 7
47 351 4
47 446 4
47 476 6
47 477 8
47 506 7
47 512 8
47 545 7
47 565 2
47 579 7
47 649 5
47 696 4
47 712 9
47 808 4
47 850 7
47 856 7
47 861 6
47 884 6
47 912 0
47 980 3
47 1119 8
47 1164 5
47 1173 9
47 1174 5
47 1179 6
47 1235 3
47 1243 6
47 1247 3
47 1288 2
47 1314 7
47 1345 3
47 1349 5
47 1356 0
47 1394 6
47 1426 5
47 1428 4
47 1443 6
47 1465 2
47 1477 5
47 1497 6
47 1522 3
47 1557 6
47 1610 6
47 1659 6
47 1676 6
47 1743 5
47 1752 6
47 1813 4
47 1848 3
48 8 10
48 26 9
48 38 7
48 73 6
48 160 7
48 231 2
48 314 6
48 356 7
48 415 4
48 444 7
48 504 8
48 543 3
48 563 1
48 602 0
48 639 5
48 648 6
48 671 4
48 710 3
48 782 5
48 841 9
48 875 5
48 909 7
48 913 2
48 1071 3
48 1086 5
48 1133 10
48 1144 4
48 1237 5
48 1243 6
48 1244 7
48 1246 4
48 1346 4
48 1439 5
48 1454 5
48 1475 9
48 1520 7
48 1631 4
48 1677 4
48 1683 3
48 1689 5
48 1747 5
48 1790 4
48 1837 5
49 8 8
49 60 3
49 174 1
49 213 1
49 230 4
49 245 1
49 358 7
49 374 5
49 426 5
49 468 4
49 515 4
49 612 7
49 623 2
49 650 5
49 657 9
49 676 6
49 1126 7
49 1137 0
49 1250 6
49 1311 3
49 1361 4
49 1399 5
49 1410 8
49 1461 5
49 1672 4
49 1871 5
50 3 5
50 13 5
50 61 4
50 69 0
50 133 4
50 180 6
50 257 6
50 283 5
50 350 5
50 352 5
50 398 5
50 493 3
50 598 8
50 666 5
50 811 7
50 836 8
50 892 6
50 895 4
50 1124 5
50 1135 9
50 1148 9
50 1179 4
50 1191 0
50 1219 9
50 1225 5
50 1233 8
50 1255 3
50 1257 2
50 1287 4
50 1297 2
50 1438 2
50 1477 4
50 1539 5
50 1630 4
50 1783 5
50 1784 5
50 1792 6
50 1809 4
50 1836 6
50 1920 3
50 1936 7
50 1945 4
51 80 8
51 89 5
51 94 5
51 110 4
51 181 3
51 186 5
51 256 3
51 271 8
51 280 3
51 298 5
51 336 8
51 343 2
51 394 5
51 395 8
51 397 7
51 405 4
51 450 9
51 455 6
51 504 9
51 510 3
51 624 3
51 644 8
51 707 7
51 786 5
51 790 6
51 792 5
51 798 3
51 824 8
51 853 7
51 855 5
51 914 4
51 942 3
51 983 2
51 997 2
51 1009 5
51 1061 3
51 1073 5
51 1085 6
51 1087 8
51 1125 3
51 1188 5
51 1199 4
51 1204 5
51 1210 2
51 1271 5
51 1289 5
51 1298 7
51 1306 1
51 1338 8
51 1376 5
51 1416 4
51 1418 1
51 1423 3
51 1430 8
51 1457 2
51 1491 1
51 1518 8
51 1628 5
51 1644 1
51 1655 6
51 1693 2
51 1703 4
51 1733 3
51 1741 5
51 1764 3
51 1822 5
51 1833 6
51 1848 1
51 1849 5
51 1878 2
51 1897 3
51 1917 7
51 1930 2
51 1939 5
51 1958 5
51 1959 0
52 26 10
52 29 5
52 124 3
52 151 3
52 168 5
52 170 2
52 227 4
52 296 5
52 333 2
52 362 5
52 492 8
52 521 0
52 563 2
52 690 6
52 708 5
52 750 4
52 841 8
52 883 5
52 893 5
52 1019 8
52 1075 9
52 1189 6
52 1190 6
52 1198 6
52 1220 4
52 1282 1
52 1290 4
52 1293 2
52 1301 4
52 1349 6
52 1399 6
52 1419 5
52 1545 2
52 1561 8
52 1562 2
52 1582 5
52 1583 5
52 1585 8
52 1631 6
52 1681 6
52 1780 6
52 1826 8
52 1829 5
52 1864 6
52 1872 1
52 1886 8
52 1890 5
52 1918 4
52 1945 5
52 1952 1
53 158 3
53 216 3
53 287 8
53 298 6
53 319 7
53 421 4
53 590 3
53 812 4
53 893 6
53 932 4
53 1043 5
53 1094 1
53 1139 5
53 1241 4
53 1251 6
53 1308 5
53 1406 3
53 1470 4
53 1553 2
53 1815 7
53 1868 7
53 1957 6
54 4 3
54 87 3
54 191 5
54 202 7
54 260 2
54 272 3
54 277 5
54 308 8
54 363 6
54 429 6
54 454 5
54 480 3
54 637 3
54 647 3
54 693 0
54 700 6
54 752 3
54 870 7
54 981 4
54 1016 8
54 1226 3
54 1335 6
54 1495 8
54 1535 6
54 1576 8
54 1608 6
54 1655 7
54 1699 6
54 1719 5
55 21 4
55 46 4
55 62 6
55 122 0
55 132 0
55 152 4
55 182 3
55 183 6
55 202 7
55 304 1
55 358 6
55 367 5
55 411 4
55 440 8
55 499 4
55 588 7
55 615 3
55 733 6
55 754 6
55 764 5
55 851 1
55 852 2
55 911 7
55 921 4
55 944 6
55 947 7
55 981 4
55 1037 6
55 1051 7
55 1086 3
55 1111 4
55 1167 5
55 1194 5
55 1253 3
55 1274 0
55 1284 9
55 1327 4
55 1417 3
55 1469 2
55 1526 5
55 1567 3
55 1569 6
55 1575 7
55 1576 7
55 1655 7
55 1658 8
55 1664 1
55 1675 4
55 1700 4
55 1714 6
55 1757 8
55 1776 1
55 1783 4
55 1807 2
55 1843 6
55 1937 4
56 30 6
56 36 5
56 39 6
56 71 6
56 92 4
56 102 7
56 177 4
56 181 3
56 282 5
56 292 4
56 298 6
56 309 3
56 325 4
56 351 2
56 529 6
56 562 3
56 579 7
56 617 5
56 621 8
56 650 7
56 800 7
56 805 2
56 825 3
56 837 8
56 878 2
56 884 5
56 893 5
56 965 2
56 968 3
56 982 5
56 990 5
56 1033 3
56 1105 4
56 1169 5
56 1208 7
56 1210 4
56 1305 3
56 1319 8
56 1323 6
56 1359 7
56 1388 4
56 1420 6
56 1427 4
56 1432 7
56 1451 9
56 1467 7
56 1489 9
56 1529 7
56 1531 10
56 1552 5
56 1575 6
56 1587 7
56 1613 7
56 1627 7
56 1658 7
56 1731 5
56 1762 5
56 1816 10
56 1879 6
56 1922 8
56 1929 0
56 1933 7
56 1957 6
56 1958 4
57 116 5
57 153 4
57 273 6
57 478 6
57 484 4
57 633 7
57 686 4
57 818 4
57 865 6
57 976 4
57 984 5
57 1054 6
57 1057 1
57 1137 0
57 1265 5
57 1302 4
57 1304 6
57 1317 6
57 1351 8
57 1386 5
57 1412 6
57 1418 3
57 1423 1
57 1504 7
57 1548 4
57 1652 6
57 1688 6
57 1714 6
57 1716 3
57 1919 5
58 0 6
58 24 1
58 33 3
58 38 8
58 152 3
58 184 5
58 223 6
58 306 5
58 315 7
58 336 6
58 377 7
58 383 7
58 409 4
58 453 8
58 480 3
58 566 9
58 580 7
58 593 1
58 619 9
58 624 4
58 630 6
58 693 2
58 697 10
58 727 2
58 779 3
58 783 5
58 832 4
58 844 6
58 880 2
58 896 1
58 901 9
58 905 7
58 919 2
58 963 10
58 993 3
58 1050 5
58 1109 7
58 1118 4
58 1142 4
58 1157 4
58 1165 4
58 1194 6
58 1205 3
58 1236 8
58 1282 1
58 1305 5
58 1308 4
58 1382 7
58 1412 6
58 1435 2
58 1440 5
58 1460 6
58 1464 5
58 1480 5
58 1498 0
58 1502 3
58 1537 4
58 1558 5
58 1576 7
58 1594 5
58 1599 9
58 1600 6
58 1624 3
58 1687 6
58 1722 5
58 1725 3
58 1765 3
58 1792 6
58 1855 7
58 1858 5
58 1898 4
58 1933 5
59 52 9
59 89 5
59 134 4
59 172 4
59 177 5
59 221 5
59 247 9
59 264 3
59 270 0
59 276 8
59 393 7
59 424 3
59 430 4
59 440 7
59 504 8
59 522 5
59 554 7
59 560 5
59 574 5
59 643 3
59 674 7
59 733 4
59 747 8
59 770 5
59 801 5
59 887 9
59 1017 7
59 1037 8
59 1052 5
59 1082 4
59 1084 7
59 1098 8
59 1164 4
59 1247 3
59 1286 6
59 1295 7
59 1330 5
59 1536 2
59 1568 5
59 1655 6
59 1710 8
59 1773 0
59 1779 2
59 1830 3
59 1857 3
59 1892 4
59 1931 4
60 92 3
60 232 7
60 583 6
60 630 6
60 667 4
60 730 6
60 774 6
60 1069 5
60 1077 9
60 1333 4
60 1377 8
60 1445 4
60 1450 8
60 1465 3
60 1533 6
60 1567 3
61 140 5
61 546 7
61 757 5
61 832 4
61 907 5
61 939 4
61 971 5
61 975 2
61 1043 4
61 1547 8
62 682 4
62 1619 5
63 88 9
63 95 8
63 116 3
63 120 8
63 124 5
63 150 4
63 155 4
63 263 4
63 287 7
63 313 6
63 349 5
63 397 5
63 406 9
63 439 6
63 441 4
63 452 4
63 475 5
63 487 5
63 512 7
63 542 7
63 549 7
63 584 4
63 610 1
63 625 5
63 631 6
63 720 9
63 769 10
63 806 5
63 850 8
63 885 3
63 891 2
63 931 2
63 943 5
63 948 6
63 952 6
63 990 4
63 1043 4
63 1051 8
63 1056 5
63 1057 3
63 1060 7
63 1062 6
63 1089 5
63 1125 3
63 1146 5
63 1174 4
63 1182 0
63 1213 7
63 1344 4
63 1350 6
63 1404 4
63 1522 3
63 1531 8
63 1536 2
63 1573 4
63 1588 3
63 1607 5
63 1624 2
63 1638 6
63 1646 6
63 1708 7
63 1728 2
63 1730 3
63 1732 5
63 1737 4
63 1738 4
63 1766 6
63 1774 6
63 1776 2
63 1788 6
63 1833 4
63 1855 8
63 1856 6
63 1863 4
63 1865 5
63 1901 3
63 1934 2
63 1941 4
63 1942 7
63 1947 1
63 1958 5
64 35 6
64 61 5
64 339 7
64 367 4
64 391 4
64 431 8
64 437 6
64 444 8
64 475 5
64 485 2
64 516 7
64 522 6
64 543 3
64 561 4
64 737 6
64 744 5
64 811 6
64 919 1
64 1021 6
64 1070 2
64 1133 10
64 1146 5
64 1165 3
64 1177 5
64 1182 0
64 1192 4
64 1256 1
64 1278 4
64 1328 2
64 1468 2
64 1519 2
64 1553 1
64 1643 5
64 1674 6
64 1761 6
64 1796 4
64 1802 9
64 1828 3
64 1938 4
65 10 6
65 73 6
65 125 6
65 182 2
65 406 8
65 541 4
65 601 8
65 718 5
65 724 2
65 726 4
65 861 5
65 878 3
65 924 4
65 951 3
65 978 7
65 1003 8
65 1128 5
65 1205 2
65 1236 6
65 1240 7
65 1297 3
65 1374 5
65 1387 2
65 1393 7
65 1414 7
65 1428 5
65 1432 7
65 1434 3
65 1466 10
65 1478 5
65 1508 4
65 1522 4
65 1532 6
65 1584 9
65 1598 2
65 1639 7
65 1659 5
65 1749 3
65 1761 5
65 1808 2
66 63 7
66 76 2
66 79 9
66 108 7
66 169 3
66 193 3
66 299 9
66 342 3
66 369 6
66 376 2
66 668 4
66 688 7
66 833 4
66 884 5
66 897 4
66 911 6
66 915 3
66 922 8
66 971 5
66 1055 4
66 1074 4
66 1155 6
66 1207 4
66 1280 6
66 1298 7
66 1332 1
66 1380 7
66 1391 4
66 1428 6
66 1436 4
66 1453 6
66 1540 2
66 1570 8
66 1592 0
66 1606 6
66 1695 6
66 1770 3
66 1825 3
66 1891 9
67 80 6
67 101 5
67 156 8
67 245 1
67 502 7
67 528 8
67 559 8
67 701 3
67 713 6
67 834 3
67 850 6
67 865 8
67 917 7
67 1150 7
67 1271 5
67 1296 5
67 1306 1
67 1390 7
67 1546 0
67 1811 1
67 1869 6
67 1870 4
67 1938 6
68 21 5
68 24 3
68 46 5
68 100 7
68 117 6
68 119 6
68 145 3
68 177 5
68 198 3
68 233 3
68 249 3
68 251 6
68 281 7
68 298 7
68 299 8
68 338 5
68 375 6
68 381 4
68 399 5
68 410 6
68 471 9
68 480 2
68 485 2
68 518 2
68 523 6
68 543 3
68 546 6
68 560 5
68 593 3
68 629 5
68 635 9
68 650 6
68 657 8
68 674 7
68 677 6
68 695 2
68 708 4
68 718 7
68 744 5
68 773 6
68 803 4
68 821 5
68 826 3
68 835 6
68 849 5
68 883 6
68 924 6
68 930 5
68 1000 4
68 1037 8
68 1040 6
68 1042 7
68 1067 7
68 1080 6
68 1082 4
68 1097 5
68 1129 2
68 1140 5
68 1212 5
68 1254 8
68 1286 5
68 1333 5
68 1345 2
68 1355 8
68 1363 5
68 1370 7
68 1429 2
68 1471 6
68 1530 5
68 1587 6
68 1603 8
68 1604 5
68 1629 5
68 1667 3
68 1689 4
68 1698 6
68 1715 5
68 1726 7
68 1753 7
68 1812 8
68 1818 6
68 1825 5
68 1880 5
68 1882 2
68 1896 4
69 344 10
69 447 4
69 1134 7
69 1197 1
69 1351 8
69 1659 5
69 1722 5
69 1959 0
70 53 5
70 81 5
70 204 7
70 217 6
70 242 4
70 273 6
70 297 4
70 298 7
70 330 6
70 354 5
70 364 3
70 379 2
70 643 3
70 656 2
70 719 6
70 750 4
70 767 6
70 829 3
70 857 2
70 928 5
70 987 5
70 1018 6
70 1084 7
70 1090 3
70 1109 8
70 1118 5
70 1201 5
70 1206 4
70 1311 5
70 1386 7
70 1389 3
70 1419 6
70 1453 7
70 1463 7
70 1506 8
70 1525 1
70 1605 4
70 1629 6
70 1646 8
70 1727 4
70 1759 6
70 1888 5
70 1892 4
71 20 3
71 356 8
71 1042 8
71 1154 7
71 1706 1
71 1862 5
71 1884 3
71 1916 2
72 77 5
72 517 5
72 712 8
72 1431 3
73 51 5
73 58 1
73 62 5
73 76 3
73 110 3
73 181 4
73 203 3
73 226 5
73 240 4
73 271 6
73 279 3
73 314 6
73 317 3
73 327 2
73 343 1
73 376 0
73 404 3
73 409 4
73 427 6
73 439 8
73 444 9
73 448 5
73 484 5
73 508 4
73 556 1
73 578 7
73 582 8
73 607 8
73 674 6
73 681 7
73 687 7
73 691 7
73 713 4
73 748 6
73 762 5
73 770 6
73 806 4
73 846 0
73 850 7
73 854 7
73 857 2
73 863 8
73 925 5
73 962 9
73 1024 1
73 1035 1
73 1040 5
73 1044 2
73 1067 6
73 1134 5
73 1139 5
73 1159 5
73 1169 6
73 1215 10
73 1221 8
73 1264 3
73 1278 5
73 1321 6
73 1409 3
73 1414 8
73 1491 1
73 1492 3
73 1501 6
73 1504 7
73 1557 5
73 1591 5
73 1607 5
73 1616 2
73 1639 8
73 1658 8
73 1663 7
73 1674 7
73 1682 4
73 1686 7
73 1702 4
73 1706 3
73 1712 9
73 1749 3
73 1765 5
73 1785 5
73 1862 7
73 1897 5
73 1900 6
73 1902 5
73 1932 4
74 17 5
74 79 7
74 92 3
74 283 5
74 386 8
74 400 6
74 404 2
74 458 6
74 602 2
74 626 3
74 701 3
74 711 2
74 732 6
74 752 3
74 836 6
74 849 6
74 1006 9
74 1107 5
74 1154 7
74 1307 10
74 1313 7
74 1356 0
74 1362 3
74 1397 5
74 1431 5
74 1458 3
74 1502 2
74 1518 9
74 1537 4
74 1539 5
74 1588 2
74 1641 3
74 1662 4
74 1744 7
74 1753 6
74 1757 8
74 1758 3
74 1783 3
74 1815 6
74 1816 10
74 1820 4
74 1822 6
74 1855 6
74 1861 6
74 1871 5
74 1930 1
75 81 6
75 126 8
75 134 3
75 158 4
75 206 6
75 208 8
75 241 10
75 268 5
75 295 6
75 349 4
75 354 5
75 358 7
75 371 5
75 383 7
75 397 5
75 400 6
75 407 8
75 418 4
75 436 2
75 437 6
75 454 6
75 487 5
75 503 2
75 551 2
75 650 5
75 663 5
75 683 5
75 707 6
75 773 5
75 810 5
75 835 5
75 861 6
75 889 5
75 905 5
75 914 5
75 939 4
75 945 5
75 949 5
75 950 5
75 1001 5
75 1045 4
75 1097 4
75 1131 4
75 1132 4
75 1228 4
75 1234 5
75 1287 4
75 1304 4
75 1331 5
75 1357 3
75 1394 7
75 1430 8
75 1439 7
75 1472 7
75 1479 7
75 1486 5
75 1501 5
75 1554 8
75 1558 3
75 1559 4
75 1561 9
75 1617 5
75 1633 6
75 1705 6
75 1706 1
75 1720 5
75 1744 8
75 1766 7
75 1774 4
75 1782 5
75 1787 10
75 1832 5
75 1846 4
75 1849 4
75 1855 8
75 1863 3
75 1879 6
75 1893 5
75 1902 3
75 1915 4
75 1942 5
76 16 4
76 29 6
76 46 4
76 63 7
76 64 9
76 107 2
76 113 8
76 156 8
76 162 8
76 170 3
76 229 1
76 296 3
76 303 6
76 323 3
76 332 8
76 385 3
76 420 10
76 450 10
76 453 9
76 482 7
76 542 6
76 550 6
76 569 5
76 582 8
76 593 2
76 595 4
76 670 6
76 671 4
76 703 4
76 705 6
76 740 10
76 744 3
76 761 2
76 766 5
76 772 3
76 779 3
76 792 3
76 796 5
76 810 4
76 816 7
76 844 6
76 956 4
76 965 1
76 967 4
76 1007 4
76 1029 4
76 1063 6
76 1077 8
76 1145 5
76 1204 6
76 1252 3
76 1273 7
76 1274 0
76 1304 6
76 1306 1
76 1339 1
76 1345 2
76 1385 5
76 1397 7
76 1411 3
76 1420 7
76 1434 3
76 1558 4
76 1562 2
76 1605 5
76 1613 6
76 1631 5
76 1678 5
76 1687 4
76 1691 5
76 1836 6
76 1869 4
76 1890 4
76 1913 6
76 1954 5
77 197 6
77 289 3
77 315 7
77 362 4
77 422 4
77 433 2
77 1309 5
77 1356 2
77 1497 6
77 1602 4
77 1739 6
78 35 4
78 76 2
78 79 9
78 143 3
78 160 6
78 176 6
78 232 5
78 312 6
78 348 7
78 381 5
78 416 2
78 451 3
78 726 4
78 767 7
78 772 1
78 776 5
78 957 5
78 1032 9
78 1037 6
78 1238 5
78 1482 5
78 1495 7
78 1544 4
78 1585 8
78 1676 6
78 1681 7
78 1778 5
78 1792 7
79 48 7
79 55 9
79 156 6
79 179 3
79 207 7
79 208 8
79 240 5
79 254 4
79 323 5
79 360 6
79 401 3
79 479 5
79 481 5
79 539 5
79 545 6
79 549 6
79 584 6
79 594 5
79 787 4
79 831 6
79 935 5
79 1014 5
79 1067 5
79 1134 5
79 1148 10
79 1189 6
79 1237 6
79 1301 2
79 1402 6
79 1425 3
79 1459 8
79 1469 4
79 1497 6
79 1519 3
79 1548 6
79 1591 6
79 1650 6
79 1663 5
79 1694 3
79 1764 5
79 1807 4
79 1924 5
79 1934 2
80 13 5
80 181 4
80 201 5
80 230 4
80 257 6
80 284 7
80 289 3
80 323 5
80 366 3
80 389 7
80 437 4
80 524 3
80 610 3
80 639 5
80 651 4
80 674 7
80 705 7
80 845 4
80 964 6
80 1017 6
80 1059 6
80 1136 8
80 1148 9
80 1180 8
80 1239 4
80 1344 4
80 1428 6
80 1523 6
80 1546 0
80 1554 9
81 28 8
81 29 6
81 69 0
81 75 1
81 87 1
81 112 5
81 145 3
81 163 6
81 199 8
81 212 6
81 254 4
81 285 7
81 309 3
81 311 5
81 316 5
81 339 6
81 421 4
81 434 5
81 458 7
81 459 3
81 472 3
81 492 7
81 500 4
81 516 8
81 597 8
81 621 8
81 706 3
81 863 6
81 887 8
81 915 5
81 929 2
81 938 4
81 948 8
81 974 6
81 975 0
81 984 6
81 1013 4
81 1030 6
81 1033 3
81 1049 5
81 1063 6
81 1078 3
81 1091 7
81 1106 7
81 1138 8
81 1143 6
81 1200 4
81 1207 4
81 1283 7
81 1327 4
81 1335 5
81 1375 7
81 1571 5
81 1624 3
81 1625 2
81 1665 4
81 1765 4
81 1786 3
81 1816 9
81 1818 7
81 1825 5
81 1833 4
81 1883 2
81 1944 5
81 1946 8
81 1954 4
82 3 6
82 6 6
82 14 3
82 33 4
82 44 9
82 50 4
82 53 3
82 68 3
82 108 6
82 109 5
82 111 4
82 180 6
82 212 6
82 264 4
82 278 7
82 282 4
82 304 2
82 326 4
82 332 7
82 346 6
82 355 7
82 360 6
82 367 5
82 375 4
82 384 4
82 397 6
82 496 3
82 532 6
82 546 5
82 556 1
82 583 6
82 587 4
82 597 8
82 609 5
82 612 6
82 733 4
82 782 5
82 790 7
82 799 7
82 813 5
82 852 2
82 916 3
82 930 4
82 932 5
82 994 5
82 1043 5
82 1062 6
82 1085 7
82 1134 5
82 1152 5
82 1182 1
82 1190 7
82 1214 3
82 1216 2
82 1248 3
82 1263 5
82 1331 6
82 1337 5
82 1351 7
82 1379 1
82 1380 6
82 1403 7
82 1417 3
82 1446 5
82 1467 6
82 1513 10
82 1556 4
82 1557 7
82 1571 4
82 1573 5
82 1591 7
82 1597 1
82 1609 7
82 1754 7
82 1765 5
82 1797 7
82 1807 3
82 1812 9
82 1820 3
82 1878 4
82 1881 5
82 1906 4
82 1954 6
83 41 4
83 48 6
83 66 4
83 175 9
83 236 6
83 268 4
83 312 7
83 333 1
83 380 5
83 467 6
83 515 3
83 601 8
83 759 2
83 774 6
83 812 5
83 821 3
83 842 5
83 870 6
83 895 6
83 911 8
83 977 7
83 1032 9
83 1099 7
83 1130 9
83 1166 7
83 1180 8
83 1215 9
83 1239 3
83 1259 4
83 1284 8
83 1393 7
83 1419 5
83 1427 6
83 1440 6
83 1445 5
83 1511 5
83 1516 3
83 1531 9
83 1563 4
83 1586 10
83 1645 7
83 1680 8
83 1788 8
83 1804 5
83 1824 7
83 1883 4
83 1902 3
83 1925 3
84 27 4
84 28 8
84 108 6
84 118 5
84 133 5
84 138 6
84 144 5
84 152 5
84 213 2
84 225 9
84 243 3
84 335 3
84 342 3
84 377 6
84 387 7
84 390 3
84 391 6
84 407 8
84 437 5
84 461 7
84 463 9
84 468 2
84 503 0
84 505 7
84 526 5
84 527 4
84 639 5
84 709 7
84 739 6
84 743 7
84 792 3
84 895 4
84 994 5
84 1018 7
84 1079 5
84 1091 8
84 1200 4
84 1243 4
84 1370 7
84 1373 5
84 1462 5
84 1490 3
84 1493 5
84 1500 2
84 1513 9
84 1566 4
84 1575 7
84 1707 1
84 1726 7
84 1747 6
84 1768 1
84 1784 5
84 1802 9
84 1894 5
84 1917 5
84 1939 4
84 1949 7
85 22 2
85 35 5
85 56 4
85 121 6
85 123 3
85 145 3
85 197 7
85 203 5
85 222 4
85 233 2
85 278 7
85 284 6
85 291 4
85 301 8
85 326 2
85 343 0
85 375 4
85 440 8
85 441 6
85 455 6
85 489 4
85 507 5
85 536 6
85 545 6
85 564 3
85 570 6
85 571 7
85 582 8
85 667 4
85 688 5
85 723 6
85 731 3
85 734 3
85 748 7
85 779 4
85 795 2
85 796 4
85 841 8
85 865 6
85 918 1
85 919 3
85 973 4
85 986 5
85 1015 4
85 1029 2
85 1038 8
85 1072 5
85 1077 7
85 1091 9
85 1114 4
85 1137 0
85 1138 8
85 1181 6
85 1182 2
85 1217 5
85 1223 4
85 1235 2
85 1245 9
85 1281 4
85 1318 4
85 1333 4
85 1347 8
85 1357 5
85 1360 5
85 1373 5
85 1395 8
85 1404 5
85 1406 4
85 1413 5
85 1424 9
85 1474 4
85 1504 5
85 1507 5
85 1523 5
85 1540 4
85 1543 6
85 1577 1
85 1597 1
85 1606 6
85 1622 4
85 1632 8
85 1633 6
85 1651 6
85 1682 6
85 1737 4
85 1752 8
85 1754 5
85 1757 8
85 1782 4
85 1784 6
85 1804 6
85 1846 6
85 1892 4
85 1898 6
85 1941 6
86 42 3
86 65 2
86 91 7
86 92 4
86 106 7
86 150 6
86 161 10
86 168 5
86 182 3
86 200 4
86 239 1
86 248 6
86 264 3
86 268 4
86 282 5
86 290 4
86 415 5
86 423 4
86 433 3
86 434 4
86 439 6
86 452 6
86 457 5
86 512 8
86 527 4
86 600 5
86 640 7
86 684 6
86 699 8
86 751 6
86 843 10
86 871 5
86 903 6
86 964 6
86 1013 6
86 1060 7
86 1107 6
86 1141 5
86 1161 5
86 1165 3
86 1337 5
86 1377 7
86 1449 7
86 1504 6
86 1526 5
86 1527 3
86 1541 7
86 1564 10
86 1572 7
86 1573 5
86 1643 5
86 1674 6
86 1685 7
86 1765 3
87 12 3
87 638 3
87 671 3
87 677 5
87 840 4
87 905 5
87 962 7
87 1092 5
87 1498 1
87 1579 8
87 1601 7
87 1663 6
87 1693 2
87 1898 6
88 9 0
88 17 5
88 24 2
88 40 4
88 59 3
88 82 6
88 145 3
88 173 4
88 178 7
88 184 6
88 232 5
88 235 4
88 257 7
88 268 3
88 278 6
88 305 6
88 310 4
88 314 6
88 320 4
88 366 3
88 410 6
88 443 1
88 451 1
88 512 6
88 524 5
88 527 3
88 554 6
88 563 1
88 579 8
88 601 7
88 612 7
88 621 7
88 628 7
88 642 8
88 643 4
88 664 4
88 673 6
88 717 7
88 743 5
88 796 6
88 817 6
88 844 5
88 855 5
88 890 5
88 915 4
88 963 10
88 973 5
88 1018 8
88 1044 1
88 1057 2
88 1080 7
88 1110 7
88 1113 4
88 1149 3
88 1184 6
88 1193 1
88 1203 4
88 1217 5
88 1218 7
88 1222 4
88 1228 4
88 1242 3
88 1247 4
88 1295 7
88 1336 9
88 1360 4
88 1367 8
88 1376 6
88 1390 6
88 1419 4
88 1477 6
88 1497 5
88 1531 10
88 1549 2
88 1550 3
88 1566 3
88 1577 0
88 1580 3
88 1582 5
88 1660 1
88 1689 4
88 1720 3
88 1811 1
88 1824 6
88 1834 1
88 1842 8
88 1876 7
88 1910 5
88 1935 5
88 1940 3
88 1948 4
88 1952 2
88 1953 6
88 1955 3
89 797 2
89 1320 2
90 87 1
90 254 6
90 953 7
90 988 6
91 23 4
91 139 5
91 144 7
91 213 3
91 254 4
91 257 7
91 312 6
91 313 6
91 347 4
91 378 7
91 386 8
91 458 6
91 493 4
91 581 0
91 642 8
91 715 7
91 757 6
91 765 8
91 802 5
91 832 4
91 860 7
91 980 3
91 1187 8
91 1267 5
91 1271 6
91 1423 1
91 1614 5
91 1681 6
91 1734 0
91 1941 6
92 158 4
92 184 4
92 193 4
92 195 6
92 230 3
92 237 4
92 280 2
92 294 5
92 341 5
92 373 5
92 405 5
92 409 5
92 429 8
92 448 7
92 478 4
92 669 3
92 672 4
92 692 8
92 734 3
92 746 5
92 794 1
92 846 0
92 917 8
92 954 3
92 977 7
92 990 5
92 1070 1
92 1078 2
92 1147 8
92 1172 3
92 1292 4
92 1300 5
92 1319 7
92 1321 4
92 1373 4
92 1374 5
92 1439 7
92 1526 3
92 1543 6
92 1551 5
92 1553 1
92 1577 0
92 1623 4
92 1651 7
92 1680 7
92 1681 6
92 1757 8
92 1797 7
92 1850 5
93 0 5
93 12 3
93 30 6
93 53 4
93 55 7
93 116 3
93 125 7
93 151 3
93 154 3
93 163 6
93 168 5
93 169 4
93 185 3
93 226 3
93 235 2
93 240 4
93 245 1
93 247 9
93 270 2
93 300 5
93 309 5
93 333 0
93 391 6
93 420 9
93 423 6
93 425 7
93 504 8
93 527 3
93 543 4
93 594 7
93 626 4
93 636 5
93 646 6
93 676 5
93 708 4
93 763 3
93 807 7
93 809 6
93 815 1
93 817 7
93 845 4
93 855 5
93 857 4
93 955 8
93 959 9
93 1003 7
93 1015 3
93 1069 5
93 1154 6
93 1183 8
93 1194 7
93 1235 3
93 1255 5
93 1270 4
93 1355 9
93 1370 7
93 1409 4
93 1427 4
93 1435 4
93 1480 6
93 1482 6
93 1486 6
93 1499 5
93 1502 4
93 1573 4
93 1608 6
93 1612 9
93 1625 3
93 1645 8
93 1659 4
93 1669 7
93 1730 3
93 1780 7
93 1788 8
93 1835 4
93 1873 4
93 1909 4
93 1916 1
93 1927 6
93 1951 5
93 1957 4
94 28 8
94 49 5
94 68 3
94 74 9
94 104 2
94 171 2
94 190 8
94 237 4
94 270 2
94 279 3
94 286 2
94 304 3
94 386 9
94 415 3
94 416 4
94 441 5
94 452 6
94 487 7
94 496 4
94 531 6
94 549 6
94 564 5
94 574 7
94 586 5
94 595 4
94 606 5
94 642 7
94 680 1
94 746 5
94 754 8
94 824 8
94 852 3
94 856 8
94 950 5
94 951 5
94 959 8
94 1012 5
94 1067 6
94 1094 3
94 1099 6
94 1140 5
94 1198 6
94 1232 6
94 1245 8
94 1269 9
94 1304 6
94 1306 0
94 1315 5
94 1317 7
94 1322 8
94 1333 6
94 1353 7
94 1453 7
94 1544 4
94 1552 5
94 1567 3
94 1577 1
94 1591 6
94 1613 7
94 1617 6
94 1626 8
94 1640 8
94 1649 5
94 1665 6
94 1666 3
94 1707 2
94 1715 4
94 1750 7
94 1754 5
94 1759 7
94 1789 5
94 1808 3
94 1828 4
94 1838 3
94 1840 5
94 1851 2
94 1908 5
94 1949 7
95 19 7
95 38 7
95 63 6
95 154 3
95 207 9
95 223 5
95 238 5
95 343 2
95 377 8
95 489 3
95 550 7
95 597 7
95 637 5
95 735 9
95 824 7
95 921 4
95 944 5
95 951 5
95 958 3
95 964 8
95 1066 3
95 1091 9
95 1096 9
95 1129 4
95 1165 3
95 1195 7
95 1215 10
95 1217 6
95 1221 8
95 1242 4
95 1307 10
95 1322 9
95 1381 4
95 1413 7
95 1602 2
95 1670 7
95 1675 5
95 1765 5
95 1774 4
95 1796 4
95 1807 4
95 1815 6
95 1835 6
95 1859 2
95 1886 8
95 1928 7
95 1953 7
96 8 9
96 44 10
96 79 9
96 102 5
96 103 8
96 167 5
96 179 3
96 189 4
96 195 7
96 200 4
96 229 3
96 234 5
96 247 8
96 256 3
96 291 2
96 325 4
96 334 8
96 341 6
96 345 5
96 374 4
96 463 8
96 474 5
96 532 5
96 577 7
96 590 3
96 628 8
96 637 4
96 640 7
96 670 6
96 681 7
96 760 9
96 779 4
96 809 7
96 826 3
96 834 2
96 837 7
96 853 5
96 876 5
96 888 6
96 894 7
96 918 2
96 922 9
96 974 5
96 977 7
96 1084 8
96 1085 7
96 1096 7
96 1103 4
96 1113 4
96 1116 9
96 1126 7
96 1201 6
96 1223 3
96 1224 6
96 1227 5
96 1231 7
96 1307 8
96 1338 6
96 1386 6
96 1401 6
96 1449 6
96 1468 3
96 1481 9
96 1529 6
96 1557 7
96 1602 2
96 1616 2
96 1628 7
96 1640 9
96 1693 2
96 1698 6
96 1709 4
96 1747 6
96 1757 8
96 1771 9
96 1856 8
96 1862 5
96 1899 4
96 1917 6
96 1932 5
97 78 7
97 465 5
97 492 8
97 559 8
97 762 7
97 895 6
97 911 8
97 927 4
97 1013 5
97 1020 2
97 1278 3
97 1315 6
98 55 8
98 72 0
98 82 7
98 83 6
98 120 7
98 121 6
98 207 9
98 216 3
98 223 4
98 252 7
98 261 8
98 302 3
98 322 3
98 339 6
98 356 7
98 368 4
98 369 6
98 406 9
98 493 4
98 531 4
98 533 7
98 541 6
98 583 7
98 595 4
98 604 3
98 774 6
98 847 5
98 881 7
98 888 7
98 905 5
98 923 5
98 988 6
98 998 3
98 1009 4
98 1036 6
98 1065 8
98 1085 8
98 1113 2
98 1124 4
98 1149 4
98 1204 6
98 1205 3
98 1210 4
98 1224 7
98 1248 3
98 1255 3
98 1285 8
98 1327 5
98 1367 6
98 1388 5
98 1453 8
98 1471 7
98 1483 7
98 1485 6
98 1492 4
98 1508 5
98 1520 8
98 1537 4
98 1554 7
98 1588 4
98 1634 7
98 1685 6
98 1719 4
98 1746 6
98 1771 9
98 1825 4
98 1828 4
98 1841 5
98 1865 4
98 1917 6
99 5 5
99 13 6
99 49 4
99 84 4
99 114 3
99 116 4
99 125 8
99 126 8
99 148 7
99 160 7
99 181 3
99 183 5
99 204 7
99 237 6
99 257 6
99 279 4
99 283 4
99 332 7
99 357 8
99 368 3
99 377 7
99 384 6
99 410 4
99 455 6
99 463 8
99 497 7
99 516 9
99 552 6
99 576 2
99 608 5
99 696 3
99 698 7
99 705 7
99 708 5
99 732 4
99 737 4
99 780 5
99 800 8
99 822 7
99 828 3
99 834 3
99 889 4
99 906 6
99 946 3
99 1005 6
99 1053 2
99 1058 8
99 1117 5
99 1134 6
99 1142 5
99 1145 5
99 1208 8
99 1270 4
99 1273 7
99 1276 8
99 1280 4
99 1291 9
99 1353 7
99 1425 3
99 1441 5
99 1456 6
99 1496 5
99 1508 5
99 1523 5
99 1527 4
99 1576 7
99 1600 7
99 1629 4
99 1644 1
99 1683 2
99 1686 7
99 1701 7
99 1731 5
99 1754 7
99 1791 9
99 1806 7
99 1828 4
99 1875 6
99 1956 3
100 65 2
100 81 4
100 123 5
100 128 7
100 246 5
100 290 2
100 310 3
100 333 2
100 358 6
100 360 7
100 398 3
100 433 1
100 442 7
100 594 6
100 603 5
100 646 6
100 671 5
100 761 3
100 768 0
100 774 5
100 785 5
100 890 6
100 1037 7
100 1105 4
100 1109 6
100 1120 4
100 1133 10
100 1153 7
100 1158 4
100 1163 4
100 1164 4
100 1217 7
100 1277 7
100 1278 3
100 1284 10
100 1355 7
100 1371 8
100 1618 4
100 1661 8
100 1691 4
100 1700 4
100 1764 3
100 1777 4
100 1893 6
100 1900 5
100 1935 6
101 13 6
101 27 3
101 31 7
101 53 3
101 68 4
101 72 0
101 78 7
101 81 6
101 104 4
101 130 1
101 145 4
101 171 4
101 175 8
101 210 1
101 220 7
101 237 4
101 248 8
101 278 7
101 296 4
101 351 4
101 353 2
101 358 5
101 359 7
101 362 4
101 368 4
101 382 6
101 406 8
101 444 9
101 462 7
101 464 7
101 480 2
101 482 7
101 522 5
101 524 5
101 598 9
101 599 6
101 613 3
101 628 7
101 653 5
101 667 4
101 689 5
101 697 10
101 716 3
101 758 7
101 771 7
101 777 1
101 798 3
101 826 2
101 840 2
101 858 4
101 861 6
101 877 2
101 882 3
101 887 7
101 901 7
101 942 3
101 954 4
101 966 6
101 1008 3
101 1120 4
101 1138 8
101 1149 2
101 1158 5
101 1170 5
101 1183 7
101 1214 5
101 1249 2
101 1250 5
101 1255 5
101 1273 6
101 1339 2
101 1363 6
101 1413 6
101 1417 3
101 1420 8
101 1430 8
101 1445 3
101 1458 3
101 1480 7
101 1538 7
101 1580 3
101 1605 5
101 1620 4
101 1637 3
101 1682 5
101 1691 4
101 1705 4
101 1716 3
101 1724 5
101 1735 3
101 1771 8
101 1808 3
101 1835 6
101 1838 2
101 1872 0
101 1899 3
101 1909 5
102 36 6
102 48 6
102 49 5
102 117 6
102 143 3
102 195 6
102 220 8
102 242 6
102 306 5
102 315 8
102 343 2
102 394 5
102 416 4
102 444 7
102 496 5
102 519 2
102 539 6
102 567 0
102 612 6
102 614 4
102 621 7
102 656 1
102 670 7
102 673 5
102 774 7
102 781 3
102 789 6
102 820 6
102 859 7
102 881 5
102 882 5
102 899 5
102 913 4
102 923 4
102 932 4
102 944 6
102 953 5
102 959 8
102 980 4
102 1041 4
102 1060 8
102 1068 6
102 1069 5
102 1079 5
102 1106 7
102 1134 6
102 1199 3
102 1209 8
102 1210 4
102 1233 10
102 1302 5
102 1323 5
102 1342 4
102 1348 6
102 1353 7
102 1385 4
102 1418 3
102 1455 7
102 1480 6
102 1514 5
102 1628 6
102 1650 5
102 1660 2
102 1702 6
102 1742 5
102 1756 5
102 1832 4
102 1853 4
102 1868 8
102 1914 1
102 1924 4
103 0 6
103 96 6
103 139 4
103 146 7
103 258 5
103 319 8
103 326 4
103 370 9
103 373 4
103 378 5
103 381 5
103 417 7
103 511 4
103 620 5
103 762 5
103 827 8
103 963 9
103 1400 7
103 1603 7
103 1679 2
103 1749 4
103 1763 8
103 1844 5
103 1908 4
104 49 5
104 270 2
104 366 1
104 386 9
104 490 6
104 509 5
104 582 8
104 793 4
104 831 6
104 930 4
104 1026 6
104 1125 4
104 1145 5
104 1152 5
104 1181 7
104 1471 7
104 1603 8
104 1612 7
104 1709 5
104 1816 9
104 1906 4
105 17 7
105 90 8
105 355 6
105 373 4
105 403 7
105 445 9
105 559 9
105 722 5
105 851 3
105 870 8
105 894 5
105 1040 5
105 1058 7
105 1069 5
105 1244 7
105 1277 7
105 1291 9
105 1450 7
105 1465 4
105 1471 7
105 1480 6
105 1527 3
105 1541 5
105 1543 6
105 1573 5
105 1597 0
105 1678 5
105 1923 7
105 1931 3
105 1959 0
106 162 9
106 266 6
106 321 3
106 355 6
106 387 6
106 427 5
106 597 6
106 807 8
106 878 3
106 938 4
106 1112 4
106 1331 7
106 1384 8
106 1429 1
106 1440 7
106 1487 2
106 1498 2
106 1533 6
106 1629 6
106 1693 1
106 1716 5
106 1756 7
106 1827 5
106 1938 6
107 5 6
107 22 3
107 76 3
107 96 6
107 119 5
107 141 2
107 153 5
107 165 6
107 198 3
107 211 3
107 216 2
107 226 4
107 234 4
107 245 3
107 265 2
107 293 4
107 295 5
107 318 5
107 322 3
107 325 3
107 392 5
107 397 6
107 433 2
107 489 3
107 506 6
107 522 4
107 544 7
107 552 5
107 557 5
107 582 6
107 639 5
107 663 3
107 665 3
107 763 4
107 837 8
107 854 7
107 872 2
107 903 4
107 927 6
107 935 5
107 962 8
107 988 4
107 994 5
107 1088 6
107 1191 1
107 1225 5
107 1243 4
107 1244 8
107 1255 4
107 1256 0
107 1285 7
107 1323 5
107 1359 7
107 1393 7
107 1401 7
107 1473 8
107 1476 3
107 1489 9
107 1550 4
107 1564 9
107 1611 6
107 1632 6
107 1639 6
107 1680 6
107 1690 5
107 1714 7
107 1733 4
107 1737 3
107 1743 6
107 1753 5
107 1795 6
107 1828 4
107 1845 5
107 1873 3
107 1900 4
107 1903 4
107 1924 5
107 1935 4
108 83 6
108 99 3
108 127 8
108 153 4
108 159 5
108 198 2
108 222 5
108 255 6
108 288 5
108 316 6
108 362 5
108 399 4
108 422 4
108 449 4
108 465 5
108 474 4
108 479 6
108 481 3
108 492 6
108 506 6
108 516 7
108 558 4
108 570 5
108 638 3
108 644 9
108 669 3
108 672 4
108 697 10
108 708 6
108 733 6
108 747 7
108 760 7
108 794 3
108 823 4
108 824 7
108 836 7
108 838 5
108 848 3
108 852 3
108 864 6
108 869 4
108 962 7
108 964 8
108 1016 6
108 1023 6
108 1046 6
108 1071 5
108 1100 4
108 1117 5
108 1132 5
108 1180 8
108 1224 8
108 1236 6
108 1295 7
108 1302 5
108 1312 5
108 1315 6
108 1331 6
108 1334 6
108 1364 6
108 1371 6
108 1405 5
108 1452 4
108 1457 3
108 1547 8
108 1587 7
108 1592 0
108 1635 4
108 1675 4
108 1707 2
108 1727 6
108 1745 5
108 1755 5
108 1803 4
108 1808 3
108 1819 3
108 1820 4
108 1834 1
108 1849 4
108 1896 4
108 1903 3
109 2 4
109 68 4
109 105 8
109 124 3
109 127 7
109 214 5
109 228 8
109 231 2
109 245 1
109 258 4
109 271 6
109 272 1
109 275 2
109 305 4
109 322 4
109 332 6
109 341 4
109 357 8
109 373 6
109 405 6
109 476 6
109 489 2
109 507 5
109 527 3
109 533 8
109 538 6
109 540 1
109 585 4
109 597 6
109 600 4
109 611 6
109 621 8
109 669 4
109 687 6
109 700 7
109 733 5
109 738 8
109 774 5
109 785 7
109 808 5
109 820 5
109 827 7
109 836 7
109 873 4
109 877 3
109 900 4
109 907 4
109 955 7
109 988 6
109 1010 4
109 1036 5
109 1041 6
109 1091 9
109 1111 6
109 1125 4
109 1139 4
109 1159 3
109 1205 2
109 1224 8
109 1238 3
109 1262 4
109 1268 6
109 1273 7
109 1293 4
109 1334 6
109 1361 4
109 1374 5
109 1422 7
109 1446 6
109 1495 7
109 1507 3
109 1514 6
109 1521 3
109 1522 3
109 1528 7
109 1559 4
109 1616 4
109 1636 7
109 1648 6
109 1649 7
109 1668 3
109 1683 4
109 1716 4
109 1734 0
109 1804 4
109 1817 5
109 1823 5
109 1837 4
109 1840 6
109 1865 4
109 1894 3
109 1929 1
109 1936 8
109 1948 5
110 7 4
110 12 4
110 24 2
110 51 6
110 57 8
110 93 5
110 114 5
110 126 6
110 134 4
110 151 2
110 165 5
110 180 8
110 205 9
110 228 8
110 258 5
110 259 9
110 260 3
110 273 5
110 310 5
110 324 4
110 334 7
110 342 5
110 377 7
110 443 3
110 451 3
110 470 6
110 503 2
110 511 2
110 577 7
110 616 6
110 638 5
110 651 4
110 658 4
110 667 4
110 672 6
110 675 0
110 682 2
110 730 7
110 757 7
110 874 3
110 875 4
110 908 6
110 921 4
110 935 4
110 953 5
110 965 1
110 981 5
110 1026 6
110 1029 3
110 1068 6
110 1125 4
110 1129 4
110 1135 10
110 1145 4
110 1205 4
110 1237 5
110 1251 8
110 1277 6
110 1285 7
110 1302 3
110 1337 5
110 1383 4
110 1427 4
110 1506 8
110 1511 6
110 1567 5
110 1584 9
110 1597 0
110 1644 2
110 1693 1
110 1744 8
110 1745 5
110 1764 3
110 1784 6
110 1803 2
110 1888 4
110 1898 4
110 1956 3
111 29 6
111 55 7
111 83 7
111 313 7
111 396 3
111 401 3
111 428 5
111 665 5
111 784 4
111 823 4
111 1008 5
111 1233 10
111 1431 5
111 1479 6
111 1684 4
111 1837 5
111 1857 3
112 33 3
112 50 4
112 102 7
112 142 3
112 175 8
112 182 1
112 225 9
112 325 3
112 370 8
112 380 5
112 395 6
112 427 4
112 430 6
112 589 3
112 618 7
112 691 6
112 705 7
112 730 6
112 749 4
112 907 5
112 934 6
112 944 5
112 965 2
112 1005 7
112 1108 3
112 1122 4
112 1162 3
112 1187 9
112 1253 2
112 1286 6
112 1298 7
112 1332 1
112 1350 4
112 1557 7
112 1568 5
112 1569 5
112 1586 10
112 1611 5
112 1622 2
112 1643 7
112 1673 4
112 1721 0
112 1733 5
112 1823 6
112 1858 7
112 1897 4
112 1915 4
113 3 4
113 16 4
113 66 6
113 76 1
113 91 8
113 98 4
113 119 7
113 182 3
113 209 8
113 255 6
113 305 5
113 307 6
113 368 5
113 387 6
113 390 3
113 431 6
113 472 3
113 483 3
113 502 9
113 518 4
113 526 5
113 533 7
113 541 6
113 573 3
113 584 4
113 587 4
113 626 4
113 629 4
113 646 4
113 662 7
113 672 5
113 673 6
113 699 8
113 709 6
113 759 3
113 776 4
113 791 4
113 849 6
113 875 6
113 903 6
113 904 2
113 906 6
113 920 10
113 979 5
113 983 4
113 1005 7
113 1019 6
113 1020 1
113 1032 10
113 1050 5
113 1066 1
113 1083 4
113 1105 4
113 1159 5
113 1174 4
113 1202 8
113 1209 9
113 1218 6
113 1243 4
113 1270 4
113 1279 5
113 1327 4
113 1347 8
113 1356 0
113 1357 3
113 1358 5
113 1359 6
113 1372 6
113 1392 4
113 1401 5
113 1415 9
113 1463 6
113 1481 8
113 1498 1
113 1509 5
113 1512 4
113 1542 4
113 1548 6
113 1589 5
113 1597 2
113 1614 3
113 1664 1
113 1673 3
113 1771 9
113 1783 3
113 1791 9
113 1803 3
113 1838 2
113 1851 4
113 1861 5
113 1863 5
113 1879 4
113 1888 5
113 1908 4
113 1932 3
114 3 6
114 5 5
114 42 3
114 53 3
114 292 6
114 325 4
114 430 6
114 432 1
114 435 4
114 484 4
114 563 1
114 585 6
114 592 8
114 743 6
114 863 7
114 872 2
114 873 4
114 935 6
114 994 6
114 1028 6
114 1048 7
114 1056 4
114 1156 4
114 1159 4
114 1166 5
114 1172 2
114 1180 9
114 1212 6
114 1276 7
114 1286 5
114 1316 5
114 1337 5
114 1363 7
114 1411 4
114 1457 4
114 1458 5
114 1465 4
114 1500 3
114 1538 8
114 1612 7
114 1639 6
114 1647 4
114 1698 6
114 1786 3
114 1794 5
114 1805 3
114 1911 4
115 136 2
115 141 2
115 242 6
115 313 8
115 584 4
115 759 3
115 933 7
115 943 5
115 1003 7
115 1041 4
115 1074 2
115 1076 4
115 1086 4
115 1146 3
115 1213 7
115 1225 6
115 1433 5
115 1678 5
115 1766 8
115 1802 8
115 1905 4
115 1927 4
116 13 4
116 73 6
116 147 10
116 159 3
116 209 6
116 211 3
116 234 6
116 292 6
116 327 1
116 328 5
116 334 9
116 354 6
116 382 6
116 432 3
116 465 7
116 473 5
116 486 8
116 487 7
116 505 5
116 513 4
116 526 3
116 527 4
116 558 6
116 582 6
116 680 2
116 726 4
116 763 3
116 793 2
116 800 8
116 816 5
116 817 7
116 850 7
116 922 8
116 935 5
116 943 5
116 987 5
116 999 3
116 1006 10
116 1007 5
116 1029 3
116 1083 3
116 1092 5
116 1112 4
116 1136 7
116 1173 9
116 1275 7
116 1281 3
116 1302 5
116 1476 5
116 1486 6
116 1496 6
116 1525 2
116 1562 1
116 1580 5
116 1604 4
116 1610 7
116 1612 7
116 1649 5
116 1744 8
116 1788 8
116 1837 6
116 1850 5
116 1867 4
116 1885 2
116 1902 4
116 1929 0
116 1951 6
116 1954 4
117 1 1
117 126 8
117 198 3
117 206 6
117 424 5
117 545 8
117 587 4
117 674 6
117 757 7
117 918 1
117 1060 6
117 1061 3
117 1115 3
117 1191 1
117 1323 6
117 1404 6
117 1443 6
117 1560 5
117 1617 5
117 1778 6
117 1874 5
117 1904 7
117 1952 2
118 48 7
118 86 2
118 95 8
118 111 2
118 127 9
118 128 7
118 185 1
118 230 5
118 232 5
118 346 4
118 393 6
118 429 8
118 452 4
118 460 8
118 466 8
118 477 8
118 557 3
118 591 3
118 618 6
118 626 3
118 639 5
118 660 7
118 669 3
118 719 7
118 721 4
118 786 5
118 795 1
118 809 5
118 849 5
118 860 5
118 868 9
118 869 3
118 870 8
118 883 5
118 894 5
118 907 3
118 992 5
118 1004 1
118 1022 4
118 1051 7
118 1062 6
118 1070 3
118 1076 3
118 1085 8
118 1088 7
118 1101 7
118 1118 3
118 1150 8
118 1159 3
118 1172 2
118 1189 7
118 1208 7
118 1289 6
118 1313 7
118 1328 3
118 1353 7
118 1374 5
118 1382 6
118 1388 5
118 1418 1
118 1422 6
118 1446 6
118 1460 6
118 1486 5
118 1489 8
118 1507 5
118 1569 5
118 1583 6
118 1633 4
118 1660 3
118 1662 6
118 1669 8
118 1712 10
118 1745 6
118 1758 2
118 1843 4
118 1900 5
118 1907 7
118 1922 7
118 1934 4
118 1942 5
118 1954 6
119 6 5
119 27 4
119 65 3
119 70 7
119 82 6
119 123 5
119 132 0
119 176 8
119 195 7
119 220 8
119 224 4
119 321 5
119 335 3
119 356 7
119 401 3
119 419 4
119 476 6
119 515 4
119 539 7
119 661 6
119 669 4
119 683 6
119 704 7
119 708 6
119 790 6
119 793 3
119 898 5
119 945 5
119 983 2
119 995 6
119 1033 3
119 1109 8
119 1132 5
119 1194 7
119 1221 8
119 1252 4
119 1387 2
119 1396 8
119 1438 3
119 1457 2
119 1469 3
119 1471 6
119 1488 2
119 1508 4
119 1613 5
119 1621 0
119 1641 4
119 1649 7
119 1736 4
119 1817 7
119 1833 6
119 1856 7
119 1887 3
119 1899 4
119 1904 8
119 1907 7
120 26 10
120 35 6
120 110 3
120 120 6
120 192 5
120 306 6
120 422 3
120 448 6
120 496 4
120 546 6
120 631 7
120 684 6
120 719 7
120 728 1
120 742 3
120 750 4
120 839 1
120 925 6
120 968 4
120 981 4
120 1077 8
120 1080 8
120 1147 7
120 1176 3
120 1186 5
120 1270 3
120 1310 4
120 1326 4
120 1341 7
120 1394 6
120 1425 3
120 1489 10
120 1570 7
120 1607 7
120 1656 4
120 1742 4
120 1759 7
120 1843 6
120 1845 6
120 1938 6
120 1950 6
120 1951 4
121 1 1
121 9 2
121 16 2
121 17 5
121 32 7
121 64 7
121 128 7
121 138 4
121 151 2
121 188 5
121 223 4
121 286 3
121 291 4
121 324 4
121 428 5
121 447 4
121 477 8
121 478 4
121 525 5
121 545 6
121 613 2
121 637 5
121 650 6
121 660 7
121 675 2
121 680 1
121 689 6
121 692 7
121 791 4
121 804 4
121 820 6
121 851 1
121 857 4
121 896 2
121 926 5
121 928 5
121 932 4
121 988 6
121 998 3
121 1006 9
121 1013 6
121 1040 7
121 1078 1
121 1082 3
121 1087 8
121 1112 2
121 1136 7
121 1137 2
121 1143 7
121 1167 4
121 1177 3
121 1192 4
121 1211 3
121 1227 7
121 1273 6
121 1277 7
121 1279 5
121 1280 4
121 1285 7
121 1331 5
121 1343 4
121 1354 4
121 1359 7
121 1412 6
121 1421 4
121 1422 7
121 1455 7
121 1462 6
121 1538 7
121 1540 4
121 1597 2
121 1622 4
121 1665 6
121 1702 6
121 1707 2
121 1744 8
121 1747 5
121 1751 3
121 1775 4
121 1814 4
121 1847 4
121 1849 6
121 1866 5
121 1868 6
121 1904 6
121 1920 4
121 1934 2
122 58 1
122 92 3
122 94 6
122 105 8
122 143 3
122 193 4
122 205 8
122 228 7
122 258 5
122 365 5
122 372 4
122 390 2
122 417 9
122 499 5
122 504 7
122 543 3
122 615 5
122 647 5
122 656 3
122 686 4
122 689 5
122 693 0
122 705 6
122 723 5
122 725 3
122 734 3
122 743 5
122 761 4
122 775 9
122 808 5
122 812 6
122 882 4
122 901 9
122 909 7
122 915 3
122 928 5
122 963 10
122 1008 3
122 1034 4
122 1125 2
122 1140 3
122 1153 9
122 1241 3
122 1261 3
122 1279 3
122 1281 4
122 1317 5
122 1319 8
122 1356 2
122 1379 1
122 1410 8
122 1432 6
122 1522 3
122 1567 3
122 1574 4
122 1588 3
122 1591 6
122 1644 0
122 1712 9
122 1747 6
122 1793 0
122 1842 9
122 1893 4
122 1902 4
123 7 3
123 9 2
123 40 6
123 89 5
123 101 6
123 105 8
123 130 1
123 154 4
123 160 6
123 199 7
123 203 5
123 252 6
123 376 2
123 391 5
123 408 5
123 477 8
123 478 6
123 490 5
123 512 7
123 518 4
123 591 5
123 609 5
123 632 10
123 656 2
123 670 7
123 690 7
123 724 2
123 728 1
123 773 5
123 800 8
123 802 4
123 806 3
123 816 5
123 827 7
123 841 9
123 880 2
123 881 6
123 918 1
123 950 3
123 961 4
123 1001 7
123 1063 5
123 1161 5
123 1164 4
123 1181 5
123 1234 4
123 1258 2
123 1261 3
123 1271 6
123 1356 0
123 1364 5
123 1371 8
123 1392 4
123 1402 7
123 1434 5
123 1464 3
123 1477 4
123 1488 3
123 1517 3
123 1526 4
123 1556 4
123 1561 9
123 1589 5
123 1594 5
123 1601 7
123 1638 4
123 1639 8
123 1666 3
123 1679 0
123 1754 6
123 1853 3
124 3 6
124 8 8
124 29 5
124 44 9
124 59 5
124 60 3
124 72 0
124 84 5
124 101 5
124 153 5
124 174 3
124 206 5
124 214 5
124 221 5
124 232 6
124 383 5
124 395 6
124 404 2
124 441 5
124 463 10
124 470 7
124 477 8
124 479 5
124 517 3
124 523 4
124 526 4
124 543 4
124 550 5
124 566 10
124 576 2
124 601 8
124 606 5
124 610 3
124 639 3
124 641 5
124 663 4
124 665 4
124 675 1
124 676 4
124 702 2
124 704 7
124 723 5
124 762 5
124 789 5
124 792 4
124 796 6
124 801 3
124 814 8
124 815 3
124 817 5
124 885 3
124 900 5
124 902 3
124 903 5
124 920 9
124 927 6
124 942 4
124 984 6
124 999 3
124 1020 2
124 1029 3
124 1048 7
124 1058 8
124 1062 4
124 1113 2
124 1117 5
124 1118 4
124 1124 5
124 1149 4
124 1176 4
124 1184 5
124 1187 10
124 1189 7
124 1192 4
124 1193 1
124 1198 6
124 1232 6
124 1310 5
124 1317 5
124 1357 4
124 1386 7
124 1388 4
124 1472 6
124 1479 6
124 1533 6
124 1535 6
124 1555 9
124 1560 5
124 1561 7
124 1585 7
124 1592 0
124 1600 5
124 1715 5
124 1732 5
124 1758 3
124 1789 5
125 1 1
125 3 5
125 66 5
125 97 7
125 102 7
125 156 8
125 187 4
125 221 3
125 243 4
125 254 5
125 278 5
125 308 6
125 404 2
125 476 6
125 497 7
125 502 7
125 523 4
125 525 5
125 560 5
125 580 8
125 595 2
125 651 6
125 654 8
125 673 6
125 701 4
125 711 4
125 816 6
125 817 7
125 830 1
125 843 9
125 855 3
125 856 8
125 866 5
125 883 5
125 938 6
125 948 6
125 950 3
125 954 4
125 972 3
125 979 4
125 1024 2
125 1036 6
125 1037 6
125 1072 4
125 1101 8
125 1108 4
125 1116 8
125 1126 6
125 1140 3
125 1144 2
125 1207 4
125 1288 3
125 1337 6
125 1348 6
125 1359 6
125 1383 6
125 1385 4
125 1389 3
125 1401 6
125 1410 6
125 1432 8
125 1449 6
125 1481 9
125 1497 7
125 1570 8
125 1589 4
125 1644 0
125 1646 6
125 1677 5
125 1690 5
125 1699 6
125 1706 1
125 1713 6
125 1738 3
125 1739 5
125 1750 8
125 1792 6
125 1810 3
125 1858 5
125 1872 1
125 1884 4
125 1943 8
125 1946 6
125 1956 4
126 40 6
126 80 8
126 139 5
126 213 1
126 264 3
126 288 4
126 321 5
126 452 4
126 457 7
126 467 6
126 468 4
126 531 4
126 546 6
126 623 3
126 635 8
126 664 2
126 666 5
126 718 6
126 741 10
126 811 5
126 829 2
126 847 4
126 848 4
126 879 5
126 886 4
126 908 5
126 919 2
126 926 6
126 965 1
126 1021 5
126 1033 2
126 1057 3
126 1090 3
126 1102 1
126 1211 5
126 1376 6
126 1379 1
126 1420 6
126 1445 3
126 1454 5
126 1535 5
126 1602 3
126 1675 3
126 1676 6
126 1742 5
126 1813 5
126 1859 3
126 1876 8
126 1887 5
126 1913 4
127 37 7
127 71 6
127 87 3
127 88 10
127 106 7
127 107 3
127 211 3
127 299 7
127 308 7
127 362 6
127 484 3
127 524 3
127 549 8
127 556 0
127 565 4
127 570 6
127 625 6
127 635 9
127 698 7
127 727 3
127 807 6
127 808 4
127 826 4
127 849 6
127 891 2
127 943 6
127 950 3
127 973 6
127 987 6
127 1005 7
127 1021 5
127 1038 7
127 1065 7
127 1066 1
127 1104 3
127 1224 7
127 1234 4
127 1238 3
127 1256 2
127 1259 5
127 1272 4
127 1277 5
127 1302 3
127 1307 10
127 1309 5
127 1315 5
127 1442 6
127 1447 2
127 1463 6
127 1578 5
127 1631 4
127 1672 4
127 1732 5
127 1805 3
127 1806 6
127 1874 5
127 1918 4
127 1931 3
128 18 6
128 42 5
128 104 2
128 170 1
128 201 3
128 218 4
128 273 4
128 274 4
128 288 4
128 379 2
128 624 4
128 667 4
128 684 6
128 701 4
128 702 1
128 703 3
128 718 7
128 746 4
128 789 5
128 876 4
128 903 4
128 905 7
128 914 4
128 924 4
128 931 2
128 987 5
128 1034 2
128 1045 4
128 1083 3
128 1155 4
128 1170 5
128 1184 6
128 1279 5
128 1295 6
128 1300 7
128 1305 5
128 1327 4
128 1386 5
128 1397 7
128 1401 6
128 1411 2
128 1471 7
128 1503 6
128 1584 9
128 1610 5
128 1622 4
128 1632 8
128 1684 6
128 1726 7
128 1730 3
128 1770 5
128 1797 5
128 1798 8
128 1815 5
128 1860 7
128 1897 3
128 1909 6
128 1924 6
129 116 3
129 489 4
129 596 4
129 653 5
129 1349 5
129 1496 7
129 1798 7
130 16 2
130 64 7
130 68 4
130 112 5
130 129 5
130 139 4
130 140 6
130 151 2
130 156 7
130 180 8
130 251 4
130 289 3
130 309 5
130 325 3
130 349 6
130 382 5
130 420 9
130 441 4
130 446 3
130 447 4
130 495 4
130 578 7
130 588 8
130 615 3
130 689 6
130 690 6
130 710 2
130 736 7
130 750 4
130 766 7
130 770 6
130 782 6
130 805 3
130 809 7
130 833 2
130 847 4
130 873 5
130 901 7
130 908 5
130 1044 2
130 1102 1
130 1157 4
130 1173 10
130 1195 7
130 1240 7
130 1251 8
130 1270 3
130 1299 5
130 1322 9
130 1404 4
130 1441 4
130 1480 5
130 1512 5
130 1526 4
130 1529 8
130 1561 9
130 1593 7
130 1625 2
130 1662 6
130 1758 1
130 1788 6
130 1840 5
130 1944 7
131 65 1
131 86 4
131 97 8
131 127 9
131 133 6
131 134 4
131 205 9
131 220 7
131 287 6
131 289 4
131 324 5
131 328 5
131 335 3
131 339 7
131 351 2
131 353 0
131 355 8
131 386 10
131 434 5
131 447 4
131 477 6
131 492 6
131 673 4
131 683 6
131 745 8
131 775 8
131 851 2
131 860 7
131 886 4
131 932 3
131 1040 5
131 1046 4
131 1094 1
131 1127 5
131 1132 6
131 1142 4
131 1150 8
131 1160 2
131 1235 2
131 1255 4
131 1306 1
131 1319 7
131 1323 6
131 1339 2
131 1374 3
131 1431 5
131 1532 8
131 1581 5
131 1633 6
131 1665 4
131 1694 4
131 1729 5
131 1748 5
131 1753 6
131 1783 4
131 1860 7
131 1865 5
131 1871 4
131 1900 4
131 1924 5
131 1927 6
131 1930 1
132 35 5
132 40 4
132 52 10
132 70 6
132 89 7
132 98 5
132 124 5
132 165 6
132 173 5
132 192 6
132 203 3
132 205 7
132 220 7
132 222 4
132 234 5
132 256 4
132 261 8
132 266 5
132 272 1
132 288 4
132 294 5
132 322 4
132 329 6
132 394 4
132 406 9
132 463 10
132 469 5
132 498 3
132 505 6
132 538 6
132 565 2
132 590 4
132 600 3
132 614 3
132 669 3
132 698 6
132 703 4
132 707 6
132 744 5
132 757 5
132 770 5
132 783 6
132 836 8
132 837 7
132 846 1
132 847 4
132 856 8
132 879 5
132 891 4
132 902 3
132 909 6
132 913 2
132 914 5
132 936 5
132 969 3
132 1039 8
132 1065 9
132 1071 3
132 1152 4
132 1170 4
132 1175 5
132 1229 4
132 1271 5
132 1276 6
132 1310 6
132 1353 8
132 1394 7
132 1417 4
132 1436 4
132 1447 3
132 1498 0
132 1506 7
132 1547 6
132 1556 5
132 1562 2
132 1595 5
132 1608 8
132 1624 2
132 1631 4
132 1637 4
132 1643 5
132 1649 5
132 1692 3
132 1695 5
132 1730 3
132 1800 8
132 1807 2
132 1853 3
132 1905 3
132 1925 5
132 1936 7
133 183 5
133 267 9
133 515 2
133 838 5
133 889 4
133 1238 5
133 1274 1
133 1322 8
133 1335 6
133 1446 6
133 1462 5
134 6 4
134 26 10
134 124 5
134 131 5
134 155 4
134 162 7
134 197 5
134 267 8
134 379 3
134 392 6
134 495 4
134 513 3
134 514 7
134 530 6
134 555 8
134 568 5
134 604 1
134 625 5
134 631 6
134 651 6
134 715 7
134 755 9
134 765 9
134 809 5
134 822 7
134 888 5
134 1079 3
134 1100 6
134 1107 5
134 1182 1
134 1185 5
134 1288 3
134 1297 3
134 1300 5
134 1311 3
134 1324 6
134 1416 5
134 1450 7
134 1473 10
134 1515 7
134 1556 5
134 1558 4
134 1571 4
134 1604 5
134 1613 5
134 1653 5
134 1731 6
134 1761 5
134 1767 6
134 1771 7
134 1790 5
134 1813 4
134 1819 4
134 1840 4
134 1857 4
134 1884 3
134 1886 8
135 21 3
135 84 4
135 133 5
135 185 2
135 410 6
135 450 10
135 556 1
135 631 6
135 657 9
135 782 7
135 809 7
135 861 4
135 878 2
135 895 6
135 898 5
135 979 3
135 1026 4
135 1036 7
135 1058 7
135 1082 2
135 1083 3
135 1096 9
135 1103 4
135 1113 2
135 1174 4
135 1185 5
135 1188 5
135 1208 7
135 1378 6
135 1415 9
135 1429 2
135 1465 4
135 1492 5
135 1503 5
135 1568 5
135 1632 7
135 1695 4
135 1789 6
135 1902 3
135 1904 6
135 1938 5
135 1944 6
135 1952 2
136 14 4
136 51 7
136 54 6
136 61 4
136 79 9
136 93 6
136 97 8
136 110 3
136 129 4
136 147 9
136 168 6
136 187 3
136 212 5
136 235 4
136 244 5
136 274 4
136 290 3
136 303 5
136 316 6
136 324 4
136 378 6
136 402 3
136 410 5
136 420 10
136 425 7
136 462 8
136 483 4
136 560 5
136 565 2
136 572 4
136 626 3
136 670 6
136 721 3
136 776 5
136 778 8
136 788 4
136 789 5
136 792 3
136 813 7
136 854 5
136 977 8
136 990 4
136 1002 3
136 1010 4
136 1038 8
136 1055 3
136 1078 1
136 1095 6
136 1117 3
136 1126 6
136 1143 5
136 1192 5
136 1229 4
136 1259 5
136 1268 8
136 1299 5
136 1305 3
136 1311 4
136 1352 8
136 1354 4
136 1371 7
136 1390 7
136 1391 4
136 1420 7
136 1423 3
136 1429 2
136 1460 7
136 1475 10
136 1479 8
136 1492 4
136 1515 8
136 1542 6
136 1573 4
136 1592 0
136 1617 6
136 1651 7
136 1686 6
136 1712 9
136 1714 7
136 1725 3
136 1756 5
136 1760 0
136 1799 3
136 1839 8
136 1880 7
136 1891 7
136 1915 3
136 1957 5
136 1958 6
137 0 6
137 6 4
137 32 9
137 39 7
137 41 3
137 56 4
137 83 5
137 90 8
137 101 4
137 115 9
137 116 5
137 137 4
137 155 6
137 158 3
137 159 3
137 167 6
137 197 5
137 229 1
137 235 4
137 268 5
137 284 6
137 294 6
137 300 4
137 301 7
137 329 5
137 365 3
137 379 2
137 394 3
137 404 2
137 408 4
137 421 4
137 520 6
137 522 5
137 548 7
137 556 2
137 559 7
137 575 4
137 579 8
137 605 8
137 647 5
137 660 6
137 684 6
137 686 3
137 688 7
137 693 2
137 713 6
137 806 4
137 824 8
137 848 3
137 867 2
137 883 7
137 899 4
137 930 6
137 932 4
137 978 6
137 1006 10
137 1021 6
137 1065 9
137 1169 7
137 1281 2
137 1326 5
137 1332 2
137 1342 3
137 1363 6
137 1371 6
137 1373 6
137 1376 6
137 1392 3
137 1403 7
137 1414 8
137 1429 1
137 1473 10
137 1489 10
137 1513 9
137 1528 7
137 1555 8
137 1587 6
137 1625 2
137 1649 6
137 1686 5
137 1780 6
137 1786 3
137 1797 6
137 1846 4
137 1875 6
137 1926 6
137 1941 5
137 1952 3
137 1955 4
138 106 7
138 157 7
138 263 4
138 306 5
138 540 3
138 771 8
138 777 2
138 897 4
138 906 6
138 912 0
138 996 3
138 1130 9
138 1401 5
138 1576 7
138 1619 7
138 1628 5
138 1711 4
138 1713 5
138 1792 6
139 54 7
139 110 3
139 380 5
139 472 2
139 496 5
139 537 7
139 557 3
139 578 7
139 586 5
139 625 4
139 738 6
139 833 3
139 910 4
139 928 5
139 1013 4
139 1051 8
139 1242 3
139 1244 7
139 1333 4
139 1393 6
139 1540 4
139 1543 5
139 1561 7
139 1747 7
139 1944 7
