Seed: 2788050460
Researcher: 120
Papers: 720
Edges: 2170
RDensity: None
minScore: 0
maxScore: 10
maxResearcherForPaper: None
maxPaperForResearcher: None
ToAssign: 300
0 173 5
0 224 3
0 279 8
0 302 4
0 575 4
0 617 5
0 620 4
1 54 6
1 92 6
1 107 2
1 113 4
1 115 6
1 157 9
1 198 7
1 200 4
1 220 4
1 246 7
1 256 7
1 264 9
1 305 2
1 340 10
1 349 5
1 356 0
1 418 4
1 421 8
1 423 4
1 424 8
1 483 6
1 486 3
1 503 4
1 521 8
1 649 5
1 655 6
1 657 0
1 679 2
1 690 0
1 694 7
1 703 7
1 704 6
2 37 7
2 166 5
2 235 5
2 260 7
2 272 6
2 340 8
3 1 5
3 141 5
3 243 3
3 283 3
3 294 3
3 340 8
3 545 2
3 591 4
3 622 3
3 676 6
4 82 6
4 429 6
4 444 4
4 493 7
4 494 3
4 586 5
4 617 5
4 626 4
4 688 9
5 70 5
5 83 4
5 91 4
5 98 5
5 107 2
5 111 6
5 190 6
5 208 7
5 236 5
5 249 5
5 257 0
5 262 2
5 267 8
5 285 5
5 289 3
5 293 5
5 393 8
5 396 1
5 402 2
5 411 3
5 461 2
5 510 2
5 523 9
5 538 5
5 562 5
5 570 4
5 588 3
5 606 2
5 609 3
5 625 4
5 644 3
5 664 5
5 705 6
6 288 6
6 329 1
6 333 7
6 391 4
6 493 7
6 668 3
6 697 5
7 15 4
7 135 5
7 218 4
7 281 7
7 618 7
8 22 8
8 23 2
8 33 8
8 53 8
8 150 8
8 173 6
8 198 6
8 304 9
8 315 6
8 411 3
8 485 3
8 555 6
8 564 4
8 565 2
8 575 4
8 600 7
8 669 9
9 186 3
9 226 2
9 301 6
9 487 7
9 492 6
9 676 5
10 3 6
10 62 5
10 120 3
10 121 6
10 132 6
10 310 7
10 337 2
10 386 4
10 441 5
10 448 4
10 515 5
10 549 0
10 639 1
10 649 5
10 666 1
10 684 1
11 37 8
11 104 6
11 125 2
11 130 7
11 151 0
11 152 6
11 160 8
11 166 5
11 176 5
11 180 8
11 187 4
11 262 2
11 269 7
11 291 2
11 357 9
11 386 4
11 412 5
11 417 1
11 435 3
11 450 7
11 465 5
11 497 9
11 521 8
11 657 0
11 677 5
11 680 5
12 75 6
12 171 5
12 204 5
12 521 10
12 540 5
13 34 8
13 36 4
13 68 9
13 188 3
13 242 1
13 298 7
13 345 2
13 437 2
13 508 3
13 621 1
13 655 7
13 701 5
14 17 8
14 52 7
14 68 8
14 78 6
14 100 2
14 101 4
14 114 5
14 124 5
14 145 7
14 163 2
14 182 6
14 187 5
14 193 7
14 233 6
14 245 3
14 260 8
14 317 2
14 332 4
14 335 4
14 389 8
14 398 1
14 428 3
14 480 5
14 523 9
14 540 3
14 568 9
14 581 5
14 603 1
14 630 4
14 633 8
14 635 1
14 661 6
14 666 1
14 675 6
14 683 1
14 703 7
15 27 5
15 40 5
15 66 5
15 71 5
15 102 3
15 189 9
15 201 5
15 231 6
15 239 2
15 244 0
15 250 3
15 252 2
15 300 4
15 303 6
15 307 4
15 315 6
15 333 5
15 352 2
15 355 5
15 360 6
15 371 6
15 398 1
15 488 5
15 507 7
15 566 2
15 571 3
15 655 6
15 677 5
15 700 5
16 40 5
16 67 3
16 82 5
16 99 7
16 290 4
16 320 3
16 346 7
16 450 9
16 456 4
16 457 8
16 578 7
16 590 5
16 593 6
16 655 7
16 713 3
17 43 8
17 61 3
17 62 4
17 180 8
17 189 10
17 341 5
17 344 4
17 383 7
17 521 9
17 558 3
17 682 6
17 697 5
17 714 5
17 718 4
18 0 5
18 8 4
18 57 7
18 245 5
18 369 9
18 440 7
18 616 4
18 660 3
18 690 0
19 0 6
19 96 2
19 100 1
19 101 3
19 134 0
19 166 4
19 208 6
19 209 3
19 296 6
19 316 7
19 338 7
19 376 0
19 393 8
19 422 5
19 449 5
19 470 3
19 493 8
19 501 4
19 510 2
19 519 9
19 542 7
19 559 2
19 597 2
19 659 6
19 677 3
19 701 5
19 702 4
20 30 6
20 50 6
20 56 5
20 57 7
20 61 4
20 155 6
20 156 9
20 178 8
20 187 3
20 217 9
20 218 5
20 231 7
20 248 7
20 271 5
20 300 4
20 321 6
20 348 2
20 365 5
20 386 4
20 394 4
20 415 8
20 469 3
20 470 3
20 477 1
20 506 6
20 591 2
20 593 8
20 611 9
20 637 3
20 705 4
20 718 6
21 31 7
21 44 6
21 575 6
22 14 4
22 19 0
22 65 5
22 77 8
22 93 2
22 112 3
22 167 5
22 260 6
22 261 6
22 345 2
22 348 2
22 353 5
22 370 4
22 395 4
22 422 4
22 436 3
22 470 2
22 483 8
22 513 5
22 555 6
22 560 6
22 563 7
22 566 3
22 575 5
22 576 7
22 589 4
22 640 5
22 643 5
22 676 7
23 194 5
23 251 5
23 470 2
23 481 1
23 522 3
23 571 3
23 582 7
23 592 3
23 598 6
24 230 2
24 542 7
25 144 2
25 148 8
25 153 8
25 161 5
25 373 4
25 433 5
25 490 7
25 554 7
25 585 3
25 712 5
26 15 4
26 33 8
26 87 2
26 122 5
26 152 6
26 163 2
26 165 5
26 180 7
26 186 4
26 262 3
26 303 6
26 311 8
26 318 9
26 328 6
26 385 2
26 387 4
26 409 5
26 414 1
26 417 1
26 438 7
26 445 4
26 453 4
26 467 4
26 483 8
26 546 4
26 550 3
26 552 4
26 560 6
26 579 4
26 606 4
26 608 5
26 641 1
26 647 4
26 689 5
26 707 4
27 191 3
27 253 7
27 280 7
27 545 0
27 608 5
27 660 2
28 10 5
28 19 0
28 92 6
28 125 4
28 126 7
28 163 3
28 185 5
28 191 3
28 225 5
28 227 4
28 259 8
28 289 4
28 292 5
28 318 10
28 321 5
28 363 8
28 381 8
28 400 3
28 407 3
28 481 1
28 499 1
28 510 3
28 521 10
28 557 7
28 565 3
28 627 5
28 694 7
29 39 3
29 62 6
29 103 2
29 106 10
29 135 5
29 184 4
29 210 5
29 211 5
29 236 4
29 260 7
29 297 3
29 301 8
29 314 8
29 340 10
29 361 6
29 380 7
29 381 9
29 391 4
29 404 5
29 411 4
29 432 6
29 448 5
29 497 10
29 525 6
29 530 7
29 562 5
29 566 2
29 641 1
29 704 5
29 709 9
30 59 6
30 151 0
30 198 5
30 217 9
30 519 8
30 670 4
30 675 7
31 22 8
31 98 6
31 123 7
31 143 7
31 165 4
31 189 10
31 204 5
31 219 6
31 267 7
31 277 5
31 292 3
31 301 6
31 391 4
31 407 4
31 420 5
31 431 4
31 439 5
31 465 5
31 517 4
31 534 6
31 587 7
31 614 9
31 638 2
31 643 4
31 692 8
31 701 6
31 712 4
32 2 2
32 22 6
32 28 3
32 47 7
32 58 6
32 84 8
32 100 2
32 106 10
32 139 3
32 217 10
32 221 7
32 233 5
32 269 7
32 273 8
32 277 4
32 326 4
32 375 9
32 388 6
32 416 3
32 478 4
32 491 6
32 522 3
32 560 5
32 626 6
32 627 4
32 684 1
32 702 5
33 32 5
33 40 3
33 142 6
33 144 4
33 165 6
33 176 6
33 187 5
33 218 5
33 231 7
33 264 7
33 265 6
33 278 0
33 281 8
33 306 7
33 364 4
33 385 2
33 475 4
33 550 1
33 568 7
33 597 3
33 606 3
33 686 7
34 25 8
34 62 6
34 130 8
34 144 2
34 186 3
34 208 7
34 263 7
34 271 5
34 287 5
34 360 6
34 400 3
34 407 3
34 414 1
34 450 8
34 463 4
34 505 6
34 512 7
34 615 5
34 630 5
34 643 5
34 653 3
34 657 0
34 679 0
34 690 1
34 712 4
35 26 9
35 47 7
35 48 7
35 59 4
35 69 5
35 75 5
35 88 5
35 117 6
35 122 7
35 154 6
35 156 8
35 200 6
35 204 6
35 206 6
35 454 4
35 539 2
35 615 4
35 661 7
35 688 9
35 693 7
36 37 7
36 116 7
36 129 4
36 241 6
36 253 6
36 303 6
36 389 8
36 411 3
36 459 2
36 534 6
36 543 4
36 558 5
36 564 4
36 699 4
36 719 0
37 266 5
37 466 3
37 580 5
37 610 6
37 645 5
38 265 7
38 344 5
38 352 3
38 404 4
38 417 2
38 526 6
39 16 1
39 32 5
39 43 7
39 53 7
39 90 6
39 104 4
39 142 6
39 181 1
39 184 5
39 193 8
39 217 10
39 236 4
39 244 0
39 247 7
39 302 4
39 319 8
39 335 5
39 338 9
39 391 4
39 400 5
39 448 5
39 561 2
39 580 7
39 674 5
40 0 4
40 124 3
40 135 5
40 173 6
40 176 4
40 216 6
40 301 7
40 338 8
40 382 6
40 435 3
40 518 4
40 549 0
40 625 5
40 646 0
40 665 3
41 12 4
41 25 8
41 42 6
41 117 6
41 126 8
41 179 2
41 244 2
41 252 3
41 272 7
41 301 8
41 313 3
41 341 6
41 348 4
41 375 9
41 423 5
41 432 7
41 456 2
41 458 5
41 469 3
41 471 5
41 490 7
41 556 6
41 565 2
41 603 1
41 614 8
41 654 2
41 707 3
41 713 4
42 75 7
42 150 8
42 269 5
42 401 4
42 455 8
42 547 7
42 614 8
43 43 6
43 109 5
43 114 7
43 158 8
43 169 5
43 207 4
43 225 5
43 230 4
43 232 3
43 241 8
43 251 5
43 257 0
43 332 5
43 383 6
43 434 4
43 482 4
43 490 8
43 551 3
43 567 4
43 642 4
44 17 6
44 20 5
44 58 7
44 98 4
44 103 2
44 119 7
44 134 0
44 137 5
44 152 5
44 223 5
44 234 5
44 269 6
44 291 2
44 296 5
44 301 8
44 303 6
44 436 3
44 466 4
44 496 2
44 507 7
44 516 2
44 517 5
44 522 5
44 530 5
44 541 9
44 556 4
44 566 3
44 599 2
44 612 0
44 655 6
44 657 0
44 664 7
44 703 8
44 712 6
45 1 6
45 80 4
45 83 6
45 95 5
45 123 7
45 128 5
45 140 10
45 149 7
45 191 2
45 210 5
45 221 6
45 258 5
45 303 6
45 309 3
45 341 4
45 364 4
45 419 6
45 449 5
45 492 7
45 522 4
45 523 8
45 530 5
45 627 4
45 633 8
45 643 5
45 656 5
45 695 6
46 4 7
46 25 7
46 28 4
46 33 6
46 117 5
46 182 8
46 217 9
46 255 4
46 262 1
46 270 7
46 279 8
46 316 9
46 347 4
46 369 7
46 426 6
46 436 5
46 454 4
46 472 7
46 561 3
46 629 6
46 630 4
46 651 4
46 674 4
46 707 5
46 717 10
47 66 3
47 190 8
47 309 3
47 469 3
47 522 3
47 551 4
47 642 5
48 76 6
48 102 2
48 150 7
48 188 3
48 190 8
48 197 5
48 255 3
48 332 5
48 362 7
48 401 4
48 411 5
48 447 7
48 469 4
48 470 4
48 487 8
48 504 5
48 515 6
48 530 5
48 543 4
48 567 4
48 568 7
48 577 4
48 588 3
48 647 4
48 703 9
49 23 4
49 43 8
49 78 7
49 95 3
49 115 5
49 128 6
49 198 7
49 231 5
49 274 3
49 283 2
49 564 5
49 581 6
49 616 3
49 658 7
50 55 5
50 85 1
50 98 5
50 122 7
50 194 5
50 208 6
50 273 8
50 284 4
50 351 4
50 377 4
50 423 5
50 425 6
50 438 7
50 450 9
50 580 5
50 586 4
50 612 0
50 630 6
50 645 4
51 409 5
51 559 4
51 706 5
52 1 7
52 12 3
52 127 7
52 148 8
52 344 5
52 459 1
52 470 4
52 686 6
52 704 7
53 131 3
53 177 5
53 230 2
53 362 7
53 662 4
54 68 8
54 197 4
54 226 1
54 244 0
54 252 4
54 255 2
54 288 4
54 302 4
54 358 7
54 359 1
54 449 6
54 491 5
54 589 3
54 663 2
54 666 1
54 710 5
55 15 2
55 40 5
55 74 4
55 83 6
55 113 3
55 150 7
55 154 7
55 174 4
55 188 5
55 225 5
55 251 4
55 262 3
55 284 5
55 330 7
55 356 1
55 357 8
55 387 4
55 397 8
55 431 5
55 448 4
55 465 7
55 473 2
55 518 5
55 572 4
55 585 4
55 588 4
55 623 6
55 653 5
55 672 4
55 679 0
55 701 7
56 198 6
56 235 5
56 691 4
57 13 7
57 142 4
57 168 4
57 207 2
57 225 6
57 230 2
57 253 5
57 265 5
57 339 8
57 376 1
57 399 5
57 418 6
57 433 5
57 438 6
57 480 3
57 515 5
57 528 5
57 569 4
57 580 7
57 584 7
57 619 5
57 628 2
57 634 8
57 671 7
58 19 0
58 21 3
58 30 6
58 33 6
58 41 8
58 69 7
58 72 3
58 86 6
58 89 2
58 115 4
58 159 7
58 174 3
58 186 3
58 249 5
58 264 8
58 272 7
58 298 5
58 311 6
58 317 4
58 321 5
58 360 5
58 378 0
58 379 6
58 413 6
58 425 6
58 431 5
58 467 3
58 487 9
58 497 8
58 502 5
58 645 4
58 674 4
58 676 7
58 719 0
59 13 6
59 34 6
59 49 3
59 102 2
59 111 7
59 114 7
59 120 1
59 162 7
59 187 3
59 222 5
59 243 1
59 246 5
59 278 1
59 336 4
59 344 4
59 384 4
59 410 7
59 488 3
59 506 6
59 516 2
59 534 6
59 630 4
59 696 6
60 4 6
60 10 6
60 15 3
60 19 0
60 32 4
60 36 2
60 55 4
60 61 4
60 65 3
60 74 4
60 90 5
60 174 3
60 189 10
60 192 6
60 195 4
60 215 10
60 240 7
60 245 4
60 343 8
60 368 7
60 394 4
60 399 5
60 409 4
60 433 5
60 469 5
60 480 3
60 505 5
60 511 0
60 532 5
60 611 8
60 682 4
60 686 7
60 687 4
60 693 7
60 711 8
61 15 3
61 17 6
61 27 3
61 165 4
61 215 9
61 239 2
61 427 6
61 458 4
61 468 6
61 554 6
61 564 3
61 565 4
61 666 1
61 694 5
61 706 6
62 138 4
62 464 4
62 638 4
63 152 5
63 157 9
63 201 6
63 208 6
63 247 6
63 288 6
63 313 2
63 351 4
63 387 6
63 536 2
63 627 4
64 272 7
64 333 5
64 462 4
64 510 3
64 526 6
64 528 5
64 535 2
64 660 4
64 707 5
64 710 6
65 74 3
65 83 5
65 206 5
65 211 7
65 219 5
65 257 0
65 271 6
65 295 6
65 312 6
65 332 5
65 335 5
65 354 3
65 366 1
65 429 4
65 443 6
65 487 8
65 498 7
65 548 5
65 570 6
65 590 5
65 593 6
65 597 4
65 656 5
65 681 4
66 29 4
66 110 3
66 127 8
66 156 9
66 208 5
66 230 2
66 271 7
66 272 6
66 314 6
66 365 5
66 381 7
66 418 6
66 476 5
66 479 2
66 481 1
66 529 6
66 582 7
66 600 7
66 609 5
66 625 6
66 637 3
66 642 3
67 40 3
67 79 4
67 113 2
67 142 5
67 281 9
67 290 2
67 307 3
67 333 6
67 335 5
67 361 6
67 370 3
67 422 4
67 446 5
67 477 3
67 482 5
67 520 7
67 578 6
67 585 2
67 710 7
68 91 6
68 110 3
68 144 4
68 509 8
68 652 7
69 147 4
69 203 4
69 270 7
69 329 2
69 356 0
69 382 4
69 398 3
69 536 2
69 622 3
69 680 6
70 101 4
70 161 6
70 181 2
70 249 4
70 325 3
70 326 4
70 375 9
70 391 3
70 486 4
70 513 4
70 643 4
70 663 4
70 676 6
71 1 5
71 3 6
71 4 6
71 24 8
71 26 8
71 55 3
71 71 5
71 125 4
71 186 4
71 211 6
71 248 8
71 250 2
71 309 2
71 312 4
71 325 3
71 358 9
71 369 9
71 381 8
71 386 3
71 438 7
71 466 4
71 472 5
71 496 3
71 505 7
71 515 5
71 547 6
71 586 5
71 619 4
71 622 5
71 666 3
71 667 8
71 674 3
71 685 5
72 85 0
72 129 3
72 171 4
72 214 2
72 251 5
72 264 7
72 390 6
72 568 7
72 598 6
72 614 8
72 639 0
72 658 6
72 675 8
72 678 2
72 695 8
73 32 4
73 52 8
73 66 5
73 90 5
73 104 5
73 105 5
73 123 7
73 132 6
73 192 6
73 210 6
73 247 7
73 268 3
73 285 5
73 317 4
73 318 8
73 326 5
73 351 4
73 361 7
73 363 6
73 406 4
73 408 7
73 411 3
73 495 6
73 501 4
73 505 7
73 513 4
73 531 6
73 532 7
73 559 3
73 571 1
73 585 4
73 610 7
73 661 6
73 716 6
74 65 5
74 116 8
74 172 6
74 327 6
74 339 8
74 537 3
75 6 4
75 61 3
75 154 6
75 155 6
75 238 6
75 249 4
75 359 3
75 385 2
75 420 6
75 427 5
75 626 6
75 628 2
75 647 3
75 709 9
75 711 6
76 23 2
76 46 3
76 74 3
76 124 4
76 159 5
76 194 6
76 195 6
76 244 0
76 276 10
76 296 6
76 358 8
76 452 6
76 491 5
76 494 5
76 602 4
76 644 2
76 686 6
76 696 6
77 26 9
77 77 6
77 155 6
77 171 6
77 195 6
77 284 6
77 425 7
77 436 4
77 454 5
77 498 6
77 499 3
77 506 6
77 573 1
77 599 3
77 613 5
77 624 7
77 626 6
78 36 3
78 152 7
78 200 4
78 215 9
78 219 7
78 340 9
78 354 4
78 390 5
78 496 3
78 548 6
78 715 7
79 5 6
79 33 6
79 47 5
79 177 6
79 227 5
79 231 6
79 250 4
79 284 4
79 387 5
79 389 6
79 441 4
79 492 7
79 520 7
79 526 8
79 566 2
79 642 4
79 666 3
79 700 4
80 240 7
80 315 4
80 584 7
81 107 4
81 120 3
81 123 5
81 134 2
81 150 8
81 180 7
81 195 6
81 203 2
81 239 2
81 254 4
81 293 3
81 334 6
81 371 4
81 372 3
81 391 4
81 395 5
81 403 5
81 405 3
81 415 7
81 448 3
81 459 2
81 460 7
81 543 4
81 559 2
81 582 6
81 589 2
81 594 4
81 598 7
82 3 6
82 47 6
82 68 8
82 112 4
82 127 8
82 213 4
82 221 6
82 223 5
82 239 3
82 244 1
82 276 9
82 278 0
82 281 7
82 300 3
82 305 4
82 327 4
82 339 9
82 360 4
82 368 6
82 408 6
82 478 6
82 480 4
82 497 10
82 508 3
82 516 2
82 533 9
82 605 7
82 614 8
82 626 4
82 630 5
82 649 4
82 672 4
82 694 5
82 706 6
83 35 2
83 49 5
83 55 4
83 81 5
83 101 3
83 150 9
83 157 7
83 172 6
83 198 6
83 207 2
83 260 7
83 271 6
83 272 6
83 276 10
83 302 5
83 306 5
83 416 2
83 418 6
83 449 5
83 454 3
83 462 3
83 506 6
83 514 2
83 539 3
83 550 3
83 578 5
83 583 3
83 589 4
83 616 5
84 35 2
84 69 5
84 110 3
84 183 5
84 196 6
84 271 6
84 344 3
84 373 4
84 395 4
84 419 6
84 430 2
84 449 4
84 505 6
84 553 4
84 598 5
84 603 3
84 628 2
84 632 4
84 636 6
85 45 4
85 47 6
85 100 1
85 270 5
85 354 3
85 453 4
85 458 4
85 462 3
85 542 5
85 546 4
85 690 0
86 3 6
86 28 4
86 60 2
86 78 7
86 120 3
86 197 5
86 209 2
86 249 4
86 454 4
86 468 6
86 517 4
86 523 8
86 553 5
86 636 4
86 653 5
86 671 5
87 13 7
87 22 6
87 61 5
87 162 6
87 163 3
87 178 8
87 188 4
87 200 4
87 340 9
87 351 3
87 399 7
87 405 4
87 433 6
87 506 7
87 524 5
87 529 5
87 540 5
87 550 3
87 561 4
87 612 0
87 700 4
88 18 3
88 39 1
88 51 3
88 87 2
88 105 5
88 146 8
88 154 5
88 239 2
88 318 8
88 377 5
88 398 1
88 446 5
88 497 10
88 548 5
88 592 3
88 627 4
88 674 4
88 693 7
88 705 6
89 76 7
89 87 1
89 95 3
89 104 6
89 129 5
89 157 8
89 166 4
89 287 3
89 335 4
89 419 6
89 427 5
89 484 3
89 511 1
89 522 4
89 544 4
89 623 5
89 631 5
90 7 1
90 19 0
90 47 7
90 86 5
90 113 3
90 118 5
90 154 5
90 206 6
90 210 5
90 241 6
90 305 3
90 351 5
90 374 3
90 429 5
90 437 1
90 492 6
90 498 7
90 557 7
90 562 4
90 588 2
90 647 5
90 664 5
90 704 6
91 95 5
91 328 7
92 18 3
92 135 4
92 201 6
92 205 6
92 215 9
92 228 5
92 243 3
92 261 6
92 279 6
92 296 6
92 339 7
92 363 8
92 389 8
92 420 4
92 477 1
92 675 7
92 713 5
92 714 5
93 10 7
93 70 5
93 85 1
93 143 7
93 146 7
93 149 6
93 151 1
93 169 5
93 176 5
93 190 8
93 194 6
93 207 3
93 209 2
93 246 7
93 253 7
93 312 6
93 323 1
93 334 6
93 366 3
93 374 5
93 403 3
93 412 4
93 459 1
93 495 4
93 525 8
93 574 4
93 677 3
93 679 0
93 695 6
93 696 7
93 699 4
94 15 2
94 18 5
94 86 7
94 89 3
94 110 3
94 145 7
94 162 7
94 167 4
94 169 4
94 170 6
94 201 7
94 231 7
94 334 7
94 342 7
94 347 3
94 363 6
94 386 5
94 390 4
94 409 5
94 418 6
94 431 4
94 440 7
94 458 4
94 478 5
94 511 0
94 591 3
94 596 3
94 614 8
94 618 6
94 636 6
94 659 6
94 668 3
94 713 5
95 12 2
95 38 8
95 46 2
95 52 9
95 77 7
95 102 3
95 142 5
95 213 3
95 293 3
95 303 6
95 324 8
95 350 4
95 387 5
95 389 8
95 392 5
95 432 5
95 492 8
95 502 6
95 538 5
95 545 0
95 546 3
95 559 2
95 574 5
95 604 3
95 611 8
95 625 6
95 629 6
95 652 7
95 658 5
95 668 3
95 696 7
96 22 6
96 70 5
96 78 6
96 132 5
96 143 6
96 247 8
96 283 2
96 295 5
96 325 4
96 381 8
96 393 10
96 410 7
96 440 7
96 452 6
96 509 8
96 516 2
96 559 2
96 585 3
96 602 3
96 615 4
96 616 5
96 631 6
96 643 5
96 660 3
96 675 6
97 11 5
97 50 7
97 65 5
97 76 5
97 80 3
97 108 4
97 114 5
97 130 7
97 165 4
97 171 5
97 249 3
97 297 3
97 307 3
97 320 3
97 358 9
97 364 4
97 384 5
97 415 6
97 474 9
97 488 3
97 505 5
97 558 3
97 577 3
97 608 5
97 633 9
97 667 9
97 668 1
97 686 7
97 695 6
97 698 2
98 34 7
98 35 3
98 49 3
98 62 5
98 63 4
98 68 7
98 92 5
98 115 4
98 166 4
98 209 2
98 212 4
98 241 6
98 318 9
98 331 5
98 416 2
98 431 4
98 499 3
98 500 4
98 503 4
98 534 6
98 548 6
98 565 3
98 571 3
98 592 4
98 595 6
98 604 2
98 608 5
98 621 3
98 622 3
98 640 4
98 651 6
98 686 7
99 52 7
99 110 5
99 123 6
99 148 9
99 162 7
99 165 4
99 202 6
99 209 1
99 220 4
99 232 3
99 239 4
99 259 8
99 288 4
99 313 1
99 337 1
99 377 4
99 409 4
99 483 7
99 626 4
99 645 6
99 680 5
99 693 7
99 699 4
100 26 10
100 64 3
100 220 3
100 457 8
100 532 6
100 550 2
100 619 3
100 671 6
100 717 10
101 69 7
101 268 2
101 299 9
101 369 9
101 555 7
102 35 4
102 73 2
102 92 7
102 103 4
102 110 4
102 113 3
102 117 5
102 174 4
102 179 3
102 236 6
102 237 5
102 250 3
102 255 2
102 296 5
102 308 4
102 327 4
102 375 9
102 418 5
102 488 5
102 538 5
102 601 4
102 633 9
102 673 7
102 674 4
102 709 9
103 136 8
103 265 6
103 425 6
103 431 6
103 463 5
103 531 7
103 536 3
104 1 7
104 22 7
104 34 6
104 74 2
104 81 4
104 83 4
104 85 2
104 90 6
104 109 4
104 225 6
104 251 6
104 298 7
104 314 8
104 347 5
104 396 3
104 428 5
104 451 3
104 461 3
104 503 3
104 508 2
104 523 8
104 550 3
104 565 3
104 581 4
104 582 6
104 606 2
104 657 0
104 685 5
104 706 6
104 712 4
105 171 5
105 657 0
106 0 6
106 23 2
106 24 9
106 65 5
106 75 5
106 124 5
106 127 7
106 134 1
106 186 3
106 193 6
106 219 7
106 236 6
106 246 6
106 345 2
106 372 3
106 457 9
106 498 6
106 517 5
106 567 3
106 590 6
106 671 5
106 677 5
107 3 5
107 9 6
107 80 4
107 111 6
107 152 5
107 177 6
107 236 5
107 246 7
107 263 8
107 275 5
107 288 4
107 365 5
107 440 7
107 462 4
107 463 4
107 480 3
107 534 6
107 567 3
107 582 7
107 607 5
107 609 4
107 619 4
107 622 5
107 627 6
107 651 4
107 654 2
107 658 7
107 695 7
108 24 9
108 36 3
108 53 9
108 57 9
108 91 6
108 170 8
108 199 0
108 224 4
108 235 3
108 247 8
108 324 8
108 343 8
108 385 3
108 404 3
108 419 6
108 485 5
108 486 4
108 519 7
108 527 8
108 531 5
108 556 4
108 558 3
108 571 2
108 578 6
108 592 5
108 647 5
108 652 7
108 673 7
108 708 4
109 5 5
109 36 3
109 40 4
109 41 8
109 77 8
109 128 4
109 243 2
109 286 3
109 302 4
109 324 6
109 360 6
109 366 2
109 367 5
109 442 7
109 453 4
109 456 3
109 499 2
109 514 3
109 528 6
109 567 4
109 580 5
109 634 9
109 656 7
109 662 5
109 700 4
110 21 1
110 31 5
110 54 4
110 75 6
110 104 6
110 112 4
110 177 7
110 211 6
110 219 5
110 224 3
110 248 8
110 256 8
110 320 3
110 350 5
110 357 9
110 373 3
110 401 4
110 475 5
110 491 5
110 511 0
110 606 3
110 660 2
111 26 8
111 65 4
111 98 5
111 128 6
111 167 4
111 256 7
111 276 9
111 291 4
111 294 3
111 316 8
111 322 6
111 328 6
111 331 3
111 355 6
111 375 8
111 397 8
111 410 6
111 416 4
111 427 6
111 468 8
111 488 5
111 544 3
111 557 6
111 563 5
111 580 6
111 609 4
111 611 8
111 621 3
111 629 7
111 634 9
111 688 9
111 706 4
112 23 4
112 45 5
112 57 8
112 80 3
112 126 8
112 133 5
112 203 2
112 241 7
112 262 1
112 267 6
112 298 7
112 319 9
112 348 2
112 350 6
112 355 7
112 387 5
112 388 5
112 392 6
112 532 5
112 560 6
112 563 6
112 583 5
112 639 0
112 642 4
112 684 1
112 700 4
113 82 5
113 125 4
113 448 4
113 518 6
113 610 6
114 42 4
114 111 7
114 146 7
114 214 2
114 282 7
114 315 6
114 323 1
114 350 4
114 441 5
114 610 6
114 625 6
115 33 8
115 48 8
115 168 2
115 173 5
115 178 8
115 180 8
115 183 5
115 217 10
115 229 3
115 240 8
115 243 1
115 273 8
115 281 8
115 366 3
115 404 3
115 424 9
115 425 8
115 438 7
115 494 3
115 508 4
115 530 7
115 551 4
115 616 3
115 621 2
115 650 6
115 662 4
115 677 3
115 681 5
115 685 5
116 42 4
116 50 5
116 192 6
116 399 6
116 536 2
117 53 9
117 175 7
117 312 6
117 341 6
117 619 3
117 648 9
118 12 2
118 97 8
118 164 3
118 175 7
118 251 6
118 489 3
118 498 7
118 523 8
118 555 6
118 589 4
119 94 9
119 176 5
119 192 4
119 210 5
119 354 5
119 413 5
119 423 5
119 546 3
119 566 2
119 577 3
119 579 6
119 680 5
119 702 6
