Seed: 1177728638
Researcher: 80
Papers: 1760
Edges: 3859
RDensity: None
minScore: 0
maxScore: 10
maxResearcherForPaper: None
maxPaperForResearcher: None
ToAssign: 200
0 112 3
0 118 7
0 166 5
0 200 2
0 203 6
0 260 4
0 310 2
0 317 7
0 321 5
0 323 2
0 365 2
0 423 6
0 575 8
0 609 4
0 639 7
0 709 2
0 747 7
0 750 4
0 862 8
0 885 6
0 910 7
0 920 4
0 936 6
0 937 6
0 961 1
0 1014 2
0 1024 6
0 1056 4
0 1129 6
0 1259 6
0 1284 3
0 1298 3
0 1348 9
0 1412 6
0 1493 7
0 1512 8
0 1542 6
0 1644 3
0 1659 4
0 1684 6
0 1710 5
0 1729 6
0 1730 7
0 1759 0
1 15 7
1 26 8
1 195 10
1 206 4
1 248 0
1 278 1
1 383 2
1 393 1
1 419 6
1 467 3
1 477 7
1 554 0
1 562 7
1 617 1
1 634 10
1 641 7
1 659 4
1 677 4
1 695 4
1 701 4
1 744 4
1 751 8
1 753 6
1 759 2
1 769 10
1 786 7
1 796 5
1 804 6
1 817 3
1 830 7
1 859 6
1 927 2
1 941 7
1 968 3
1 976 2
1 1019 5
1 1104 5
1 1208 4
1 1239 6
1 1246 8
1 1320 2
1 1339 5
1 1460 5
1 1485 2
1 1510 1
1 1522 4
1 1663 6
1 1676 5
1 1693 3
1 1759 0
2 6 3
2 74 8
2 87 4
2 88 5
2 119 6
2 182 7
2 323 3
2 338 2
2 367 7
2 376 5
2 390 3
2 418 8
2 436 0
2 444 4
2 454 5
2 481 6
2 547 2
2 551 6
2 570 6
2 598 4
2 620 1
2 660 9
2 710 4
2 727 6
2 737 4
2 815 4
2 821 8
2 832 4
2 847 8
2 876 4
2 909 3
2 935 4
2 967 8
2 976 3
2 989 2
2 1014 4
2 1018 7
2 1052 5
2 1065 5
2 1069 7
2 1074 7
2 1112 9
2 1134 7
2 1153 4
2 1171 4
2 1190 3
2 1200 4
2 1226 5
2 1266 6
2 1333 4
2 1352 3
2 1353 3
2 1367 4
2 1376 6
2 1390 3
2 1413 4
2 1434 8
2 1444 8
2 1449 6
2 1470 5
2 1479 7
2 1505 7
2 1544 5
2 1546 5
2 1548 3
2 1557 6
2 1578 4
2 1588 7
2 1594 3
2 1657 8
2 1668 8
2 1714 3
2 1718 7
2 1726 2
3 256 0
3 776 0
3 1175 3
3 1432 1
3 1483 10
3 1758 5
4 76 4
4 95 6
4 101 8
4 163 6
4 181 5
4 228 7
4 239 5
4 247 3
4 258 9
4 295 5
4 301 3
4 311 3
4 341 4
4 401 7
4 411 2
4 449 3
4 455 2
4 484 4
4 493 9
4 538 5
4 601 3
4 653 2
4 665 0
4 781 3
4 823 6
4 878 7
4 890 4
4 1006 4
4 1045 6
4 1079 5
4 1102 7
4 1110 6
4 1113 5
4 1200 4
4 1220 6
4 1231 6
4 1257 4
4 1270 3
4 1282 3
4 1303 6
4 1318 7
4 1321 6
4 1323 5
4 1370 3
4 1392 3
4 1402 3
4 1439 9
4 1473 3
4 1488 9
4 1497 5
4 1507 4
4 1530 5
4 1554 4
4 1750 3
5 15 6
5 33 9
5 38 7
5 55 8
5 80 2
5 97 6
5 102 4
5 148 3
5 214 0
5 215 5
5 242 6
5 291 2
5 301 3
5 329 3
5 379 5
5 401 6
5 429 4
5 451 5
5 512 4
5 533 5
5 562 6
5 572 5
5 585 5
5 588 2
5 596 8
5 634 9
5 719 0
5 722 7
5 723 1
5 734 7
5 740 3
5 755 5
5 756 4
5 769 8
5 803 0
5 811 3
5 834 10
5 843 4
5 847 7
5 864 6
5 968 4
5 994 4
5 1015 6
5 1024 8
5 1050 5
5 1052 6
5 1083 8
5 1148 4
5 1195 5
5 1217 3
5 1237 6
5 1256 6
5 1295 5
5 1346 5
5 1379 4
5 1468 2
5 1487 4
5 1513 3
5 1555 6
5 1581 2
5 1599 1
5 1686 2
5 1701 3
5 1721 5
5 1757 3
6 4 2
6 30 4
6 53 5
6 137 6
6 149 6
6 209 3
6 224 1
6 251 3
6 257 8
6 287 4
6 297 4
6 303 2
6 307 2
6 313 4
6 357 5
6 359 3
6 377 4
6 386 8
6 407 2
6 423 6
6 426 5
6 441 7
6 442 5
6 465 7
6 467 3
6 549 7
6 642 2
6 655 6
6 661 5
6 666 9
6 667 9
6 676 7
6 683 1
6 714 0
6 734 7
6 768 5
6 779 5
6 799 5
6 817 5
6 841 0
6 848 5
6 891 5
6 893 7
6 917 2
6 919 9
6 937 6
6 952 6
6 1005 5
6 1017 3
6 1020 5
6 1083 7
6 1128 6
6 1143 5
6 1145 5
6 1149 2
6 1151 3
6 1157 2
6 1176 8
6 1180 2
6 1206 6
6 1207 3
6 1212 1
6 1223 6
6 1269 5
6 1296 5
6 1317 2
6 1332 7
6 1362 5
6 1376 8
6 1407 3
6 1412 4
6 1415 5
6 1475 7
6 1490 7
6 1492 5
6 1511 7
6 1517 9
6 1523 1
6 1545 4
6 1563 8
6 1564 6
6 1601 4
6 1660 7
6 1682 4
6 1689 5
6 1715 5
6 1716 5
6 1728 8
7 6 3
7 11 3
7 37 5
7 38 6
7 43 3
7 62 3
7 76 4
7 99 4
7 115 8
7 134 6
7 137 6
7 144 4
7 150 2
7 161 3
7 177 4
7 178 1
7 185 4
7 191 6
7 195 10
7 209 3
7 232 6
7 257 8
7 331 7
7 368 5
7 380 3
7 397 5
7 420 4
7 432 0
7 434 7
7 444 5
7 459 4
7 484 6
7 526 7
7 538 6
7 548 5
7 556 9
7 559 5
7 577 3
7 589 2
7 599 7
7 641 6
7 671 4
7 675 7
7 678 10
7 679 4
7 683 2
7 706 4
7 709 1
7 729 5
7 734 9
7 740 3
7 761 3
7 772 4
7 813 6
7 821 8
7 833 2
7 921 5
7 949 6
7 957 4
7 978 6
7 990 7
7 1012 9
7 1025 5
7 1049 0
7 1064 2
7 1119 6
7 1138 3
7 1207 5
7 1256 7
7 1271 4
7 1321 5
7 1326 4
7 1378 1
7 1403 5
7 1444 8
7 1452 4
7 1517 9
7 1540 7
7 1550 3
7 1565 5
7 1573 4
7 1612 1
7 1627 7
7 1665 3
7 1699 5
7 1705 3
7 1723 5
7 1744 3
8 785 3
8 1556 3
8 1756 5
9 9 6
9 71 3
9 82 10
9 90 2
9 136 3
9 145 8
9 177 4
9 236 7
9 326 6
9 343 8
9 370 7
9 390 4
9 395 5
9 425 6
9 449 4
9 454 5
9 466 2
9 517 7
9 550 6
9 569 7
9 570 6
9 579 2
9 670 6
9 705 5
9 712 4
9 787 10
9 799 5
9 810 8
9 830 7
9 850 5
9 869 5
9 895 6
9 896 4
9 900 6
9 930 7
9 1002 3
9 1030 6
9 1068 6
9 1081 5
9 1100 6
9 1119 4
9 1196 6
9 1240 5
9 1298 2
9 1361 8
9 1444 8
9 1488 8
9 1590 8
9 1672 5
9 1719 4
9 1740 6
9 1757 2
10 27 3
10 61 4
10 111 5
10 114 4
10 132 3
10 157 7
10 158 8
10 290 3
10 320 3
10 331 7
10 332 2
10 351 0
10 375 5
10 380 2
10 403 5
10 478 5
10 486 5
10 487 4
10 496 8
10 531 6
10 535 3
10 559 5
10 565 4
10 591 8
10 699 7
10 723 1
10 746 6
10 795 5
10 863 9
10 873 6
10 916 2
10 921 6
10 1076 5
10 1163 6
10 1174 4
10 1209 5
10 1252 7
10 1253 1
10 1273 2
10 1291 1
10 1303 8
10 1316 6
10 1350 1
10 1399 4
10 1402 3
10 1405 5
10 1428 7
10 1466 7
10 1487 4
10 1510 1
10 1520 2
10 1535 8
10 1588 5
10 1609 6
10 1629 4
10 1681 5
10 1723 6
10 1749 4
10 1751 9
10 1759 0
11 59 2
11 69 5
11 87 5
11 125 6
11 128 4
11 182 7
11 226 6
11 265 6
11 413 2
11 441 8
11 463 1
11 502 5
11 517 7
11 541 4
11 622 6
11 667 9
11 671 4
11 708 4
11 709 3
11 717 5
11 786 8
11 861 3
11 863 9
11 1053 4
11 1058 7
11 1082 4
11 1089 5
11 1140 5
11 1160 4
11 1227 5
11 1243 9
11 1280 9
11 1352 4
11 1393 3
11 1436 3
11 1459 7
11 1476 8
11 1479 7
11 1486 9
11 1495 2
11 1591 3
11 1600 4
11 1604 8
11 1605 5
11 1611 3
11 1613 4
11 1623 5
11 1631 6
12 652 4
12 1085 3
12 1167 7
12 1326 3
13 3 2
13 29 5
13 38 7
13 109 6
13 135 7
13 144 2
13 145 7
13 189 3
13 212 5
13 228 7
13 250 9
13 293 5
13 372 7
13 398 8
13 416 4
13 441 6
13 475 10
13 540 9
13 561 6
13 614 7
13 620 1
13 623 7
13 638 6
13 655 5
13 657 4
13 677 5
13 709 2
13 774 9
13 785 4
13 805 3
13 814 4
13 822 6
13 861 4
13 923 4
13 940 3
13 941 6
13 1023 2
13 1051 2
13 1055 6
13 1059 3
13 1064 3
13 1072 4
13 1078 1
13 1092 4
13 1105 5
13 1114 4
13 1124 5
13 1126 7
13 1225 9
13 1283 9
13 1285 3
13 1296 5
13 1303 8
13 1409 2
13 1424 3
13 1459 6
13 1464 8
13 1480 4
13 1504 8
13 1525 7
13 1610 7
13 1621 6
13 1703 7
13 1710 6
13 1723 5
14 19 7
14 76 5
14 182 5
14 238 9
14 259 4
14 262 8
14 274 8
14 334 5
14 364 6
14 372 7
14 395 3
14 428 5
14 490 4
14 522 8
14 575 9
14 752 3
14 777 6
14 820 8
14 838 5
14 895 5
14 906 6
14 907 7
14 912 2
14 918 6
14 981 6
14 987 9
14 1006 5
14 1032 8
14 1034 6
14 1071 4
14 1162 3
14 1177 0
14 1270 3
14 1281 7
14 1315 6
14 1477 4
14 1507 5
14 1534 7
14 1547 6
14 1567 7
14 1577 3
14 1604 8
14 1615 2
14 1633 10
14 1730 6
14 1736 4
15 73 4
15 134 7
15 146 5
15 361 8
15 474 2
15 532 3
15 565 2
15 576 4
15 598 2
15 667 8
15 672 2
15 685 5
15 840 8
15 937 6
15 1004 7
15 1042 3
15 1132 7
15 1279 6
15 1331 5
15 1467 8
15 1482 4
15 1496 4
15 1505 7
16 41 4
16 96 3
16 216 6
16 421 6
16 424 3
16 483 4
16 776 0
16 905 3
16 953 6
16 1205 3
16 1252 8
16 1366 4
16 1436 4
16 1508 8
16 1658 6
16 1757 2
17 15 6
17 135 7
17 205 3
17 245 7
17 257 7
17 260 4
17 295 5
17 329 3
17 351 0
17 378 2
17 390 3
17 425 4
17 560 6
17 577 3
17 600 7
17 611 5
17 633 3
17 642 4
17 688 2
17 695 5
17 730 3
17 824 4
17 873 7
17 883 4
17 919 7
17 943 7
17 964 2
17 973 6
17 996 6
17 1080 3
17 1089 5
17 1139 3
17 1140 5
17 1201 4
17 1237 6
17 1254 7
17 1300 8
17 1318 7
17 1329 1
17 1343 6
17 1413 2
17 1449 4
17 1458 4
17 1500 8
17 1518 3
17 1520 2
17 1566 6
17 1568 3
17 1625 3
17 1637 7
18 6 4
18 21 3
18 31 7
18 36 8
18 39 4
18 64 3
18 69 6
18 78 5
18 80 3
18 87 4
18 94 4
18 130 3
18 149 6
18 154 5
18 186 5
18 189 4
18 198 1
18 217 9
18 231 4
18 255 4
18 378 3
18 397 5
18 412 2
18 425 5
18 440 9
18 518 5
18 519 3
18 577 3
18 632 5
18 684 5
18 703 3
18 708 5
18 718 4
18 755 6
18 760 7
18 773 3
18 795 5
18 804 5
18 806 6
18 843 4
18 845 5
18 861 5
18 872 5
18 898 6
18 908 2
18 941 6
18 963 2
18 969 6
18 1053 6
18 1087 6
18 1089 6
18 1091 0
18 1118 8
18 1135 4
18 1150 4
18 1160 3
18 1180 2
18 1255 5
18 1259 6
18 1262 4
18 1273 1
18 1274 8
18 1275 5
18 1335 4
18 1369 5
18 1373 6
18 1376 7
18 1390 4
18 1417 3
18 1421 7
18 1456 4
18 1472 3
18 1487 6
18 1500 8
18 1538 2
18 1552 2
18 1583 8
18 1600 4
18 1647 6
18 1658 4
18 1685 3
18 1703 6
18 1710 5
18 1716 5
18 1732 9
18 1738 3
18 1748 5
19 1 8
19 18 4
19 56 2
19 72 7
19 74 7
19 90 4
19 158 7
19 169 6
19 173 6
19 190 9
19 207 6
19 252 4
19 255 5
19 271 4
19 284 6
19 400 2
19 406 4
19 465 6
19 477 8
19 511 3
19 517 7
19 541 4
19 563 10
19 580 8
19 583 4
19 598 4
19 613 6
19 658 5
19 661 5
19 694 5
19 707 7
19 715 8
19 721 5
19 780 10
19 798 3
19 813 5
19 827 9
19 872 7
19 892 7
19 966 6
19 979 5
19 986 2
19 991 5
19 1014 2
19 1037 6
19 1038 2
19 1066 0
19 1103 2
19 1106 6
19 1116 7
19 1156 4
19 1164 3
19 1192 6
19 1217 3
19 1232 6
19 1267 4
19 1269 5
19 1282 4
19 1301 4
19 1302 5
19 1304 8
19 1306 3
19 1317 3
19 1322 9
19 1328 2
19 1375 5
19 1398 3
19 1412 5
19 1435 4
19 1445 6
19 1476 9
19 1570 5
19 1610 6
19 1628 9
19 1639 2
19 1657 7
19 1692 3
19 1718 9
19 1722 5
19 1723 5
20 87 3
20 96 5
20 155 7
20 197 9
20 199 6
20 222 4
20 228 8
20 310 3
20 344 6
20 384 0
20 389 6
20 397 5
20 409 1
20 413 3
20 442 5
20 503 8
20 526 7
20 530 4
20 537 7
20 578 4
20 621 4
20 623 8
20 647 6
20 728 2
20 798 5
20 839 4
20 876 4
20 900 7
20 913 6
20 931 6
20 945 2
20 946 5
20 1098 5
20 1119 6
20 1142 3
20 1169 4
20 1195 7
20 1229 6
20 1235 6
20 1263 3
20 1275 5
20 1277 6
20 1327 8
20 1357 7
20 1394 2
20 1451 6
20 1475 9
20 1593 4
20 1648 5
20 1649 8
20 1654 4
20 1673 6
20 1687 6
20 1696 7
20 1717 4
21 65 8
21 92 3
21 114 3
21 138 3
21 173 5
21 208 5
21 225 8
21 233 4
21 256 1
21 261 2
21 264 4
21 287 6
21 299 5
21 324 2
21 333 6
21 338 4
21 345 3
21 356 5
21 359 2
21 362 8
21 369 5
21 394 6
21 402 1
21 410 4
21 430 8
21 450 1
21 458 1
21 476 8
21 505 4
21 507 7
21 508 6
21 538 6
21 551 7
21 593 3
21 597 10
21 606 7
21 630 4
21 639 6
21 642 3
21 643 7
21 710 4
21 719 1
21 745 5
21 774 10
21 791 9
21 803 2
21 827 7
21 828 4
21 864 7
21 897 5
21 948 7
21 963 1
21 973 6
21 995 8
21 1032 7
21 1047 8
21 1102 8
21 1148 3
21 1153 5
21 1162 1
21 1240 6
21 1265 5
21 1271 5
21 1288 6
21 1329 1
21 1388 6
21 1400 3
21 1423 9
21 1431 8
21 1443 4
21 1453 5
21 1487 6
21 1491 1
21 1544 5
21 1554 3
21 1573 5
21 1595 6
21 1607 6
21 1632 4
21 1647 7
21 1667 6
21 1713 7
21 1720 6
21 1730 6
21 1742 2
22 18 5
22 28 2
22 32 4
22 68 3
22 114 2
22 214 0
22 249 7
22 298 8
22 323 2
22 399 4
22 411 1
22 450 1
22 464 9
22 493 8
22 499 9
22 515 5
22 526 7
22 558 6
22 592 3
22 594 4
22 613 4
22 655 5
22 660 9
22 669 6
22 687 4
22 719 0
22 756 5
22 772 3
22 788 4
22 892 5
22 903 6
22 956 3
22 968 3
22 969 6
22 993 9
22 996 6
22 1003 0
22 1008 5
22 1026 6
22 1033 6
22 1109 3
22 1132 7
22 1141 4
22 1144 4
22 1159 6
22 1170 10
22 1207 3
22 1217 3
22 1251 5
22 1285 3
22 1303 7
22 1309 7
22 1352 4
22 1359 8
22 1360 4
22 1416 5
22 1440 7
22 1505 8
22 1575 3
22 1581 3
22 1582 8
22 1583 9
22 1692 4
22 1704 6
22 1713 8
22 1721 6
22 1727 6
22 1745 4
22 1750 2
23 0 3
23 19 7
23 29 5
23 79 5
23 109 7
23 124 10
23 204 3
23 224 2
23 229 3
23 247 3
23 274 8
23 294 2
23 395 4
23 396 2
23 486 5
23 513 7
23 530 4
23 625 5
23 650 3
23 669 6
23 682 4
23 687 4
23 707 9
23 708 4
23 713 5
23 714 0
23 747 8
23 749 9
23 777 7
23 787 10
23 797 3
23 834 9
23 849 2
23 882 5
23 897 6
23 904 4
23 912 2
23 922 2
23 923 3
23 950 7
23 953 6
23 985 7
23 996 5
23 1004 6
23 1034 5
23 1051 4
23 1078 3
23 1080 4
23 1084 9
23 1108 5
23 1110 6
23 1139 2
23 1145 4
23 1147 4
23 1154 5
23 1173 4
23 1181 6
23 1198 6
23 1252 9
23 1267 4
23 1298 2
23 1299 6
23 1314 6
23 1363 6
23 1385 4
23 1387 2
23 1402 3
23 1423 9
23 1437 2
23 1457 6
23 1503 7
23 1523 1
23 1568 4
23 1578 6
23 1592 4
23 1597 4
23 1608 3
23 1666 5
23 1687 7
23 1698 5
23 1723 6
23 1739 8
24 84 2
24 87 4
24 100 3
24 126 5
24 128 3
24 130 3
24 168 7
24 178 1
24 181 5
24 219 6
24 241 4
24 249 9
24 251 1
24 272 6
24 302 6
24 328 6
24 334 3
24 371 7
24 382 7
24 384 2
24 388 7
24 389 6
24 391 3
24 395 4
24 405 2
24 412 2
24 448 6
24 475 9
24 476 8
24 492 7
24 508 6
24 511 1
24 530 4
24 533 3
24 544 8
24 568 7
24 578 4
24 650 2
24 653 2
24 660 9
24 697 6
24 720 3
24 732 6
24 773 3
24 806 4
24 839 6
24 874 4
24 899 4
24 916 4
24 926 6
24 939 7
24 963 3
24 1049 1
24 1065 6
24 1099 5
24 1102 6
24 1109 2
24 1131 1
24 1132 7
24 1150 5
24 1162 3
24 1178 10
24 1261 4
24 1268 9
24 1302 7
24 1344 7
24 1363 8
24 1380 2
24 1385 3
24 1395 3
24 1402 5
24 1416 4
24 1471 1
24 1510 0
24 1514 5
24 1551 4
24 1591 3
24 1604 7
24 1618 1
24 1635 4
24 1651 8
24 1692 4
24 1713 9
24 1714 3
24 1720 8
24 1740 6
24 1751 8
25 104 5
25 113 2
25 114 4
25 141 3
25 210 6
25 231 4
25 248 0
25 309 5
25 403 6
25 626 1
25 699 6
25 722 8
25 805 2
25 853 1
25 874 5
25 883 5
25 922 2
25 937 8
25 986 4
25 1104 4
25 1153 5
25 1173 4
25 1210 9
25 1245 4
25 1286 7
25 1380 2
25 1437 2
25 1523 2
25 1566 4
25 1574 4
25 1593 5
25 1638 6
25 1672 4
25 1694 4
25 1701 4
26 395 5
26 464 7
26 555 5
26 1141 3
26 1173 2
27 42 7
27 46 3
27 62 2
27 63 7
27 90 4
27 97 5
27 135 7
27 171 4
27 213 4
27 226 7
27 227 9
27 242 5
27 251 1
27 273 1
27 286 2
27 319 1
27 372 8
27 383 4
27 417 8
27 436 0
27 596 7
27 605 9
27 634 10
27 641 7
27 711 4
27 719 1
27 730 4
27 731 6
27 748 6
27 758 3
27 800 5
27 801 6
27 828 4
27 835 7
27 844 6
27 851 8
27 886 3
27 894 5
27 918 8
27 925 6
27 929 5
27 955 0
27 965 7
27 973 8
27 992 5
27 1018 7
27 1073 9
27 1076 6
27 1132 6
27 1180 4
27 1244 7
27 1305 7
27 1319 2
27 1387 2
27 1422 6
27 1447 6
27 1509 3
27 1567 6
27 1575 3
27 1585 5
27 1611 4
27 1619 7
27 1642 7
27 1658 4
27 1674 4
27 1699 3
27 1708 5
27 1713 9
27 1718 8
28 54 7
28 267 2
28 439 3
28 465 5
28 521 5
28 618 4
28 800 5
28 976 3
28 1211 4
28 1215 3
28 1351 7
28 1746 6
29 93 0
29 473 0
29 644 3
29 1122 7
29 1330 6
29 1364 6
29 1372 6
30 9 7
30 17 4
30 22 4
30 43 1
30 59 3
30 76 4
30 77 4
30 78 7
30 119 4
30 163 6
30 165 8
30 178 3
30 219 7
30 222 3
30 239 5
30 262 9
30 266 3
30 272 4
30 279 3
30 290 1
30 322 6
30 339 6
30 372 6
30 387 5
30 400 4
30 419 6
30 491 1
30 522 10
30 539 4
30 545 3
30 583 4
30 609 2
30 668 7
30 680 8
30 707 7
30 726 5
30 772 5
30 792 2
30 829 4
30 864 6
30 891 6
30 1024 6
30 1060 5
30 1096 6
30 1103 3
30 1104 5
30 1113 5
30 1129 6
30 1132 7
30 1195 7
30 1197 4
30 1262 4
30 1295 4
30 1313 6
30 1320 3
30 1341 4
30 1342 3
30 1386 5
30 1402 5
30 1437 3
30 1441 8
30 1475 8
30 1524 2
30 1581 2
30 1583 8
30 1596 3
30 1618 2
30 1697 4
30 1701 5
30 1704 6
30 1709 5
30 1753 4
31 44 6
31 62 2
31 142 4
31 150 1
31 151 7
31 167 6
31 188 5
31 206 5
31 259 5
31 261 2
31 348 1
31 374 7
31 448 7
31 499 10
31 506 3
31 541 5
31 549 7
31 573 3
31 583 6
31 586 2
31 651 8
31 717 5
31 728 1
31 732 5
31 764 9
31 804 6
31 866 9
31 951 1
31 974 6
31 1044 6
31 1067 7
31 1074 8
31 1077 6
31 1101 3
31 1130 3
31 1204 5
31 1230 4
31 1310 3
31 1314 8
31 1320 3
31 1327 7
31 1341 4
31 1393 1
31 1399 3
31 1420 6
31 1447 5
31 1502 4
31 1544 3
31 1559 7
31 1642 7
31 1669 8
31 1672 6
31 1675 4
31 1691 7
31 1752 7
32 220 4
32 235 4
32 397 7
32 420 5
32 436 1
32 445 7
32 456 4
32 473 2
32 490 2
32 560 7
32 619 0
32 645 5
32 666 10
32 678 9
32 687 5
32 715 9
32 744 4
32 767 5
32 792 4
32 836 4
32 846 4
32 848 4
32 915 4
32 942 5
32 953 8
32 962 4
32 1023 2
32 1031 3
32 1071 4
32 1102 8
32 1136 5
32 1236 8
32 1335 5
32 1523 2
32 1589 5
32 1630 3
32 1671 5
32 1710 5
32 1755 6
33 329 3
33 341 4
33 369 4
33 528 7
33 854 5
34 22 4
34 27 4
34 170 4
34 306 5
34 350 2
34 770 7
34 787 10
34 826 5
34 1220 7
34 1233 9
34 1275 5
34 1306 3
34 1725 2
34 1738 2
35 3 1
35 17 2
35 18 4
35 20 8
35 63 8
35 68 4
35 134 7
35 145 8
35 184 5
35 206 6
35 221 4
35 246 5
35 282 6
35 309 4
35 323 1
35 342 2
35 417 6
35 431 4
35 433 1
35 448 7
35 490 2
35 527 8
35 533 5
35 576 2
35 589 2
35 603 6
35 627 4
35 671 6
35 676 6
35 708 3
35 716 10
35 744 2
35 746 7
35 796 4
35 820 8
35 914 7
35 959 9
35 1010 7
35 1015 4
35 1027 5
35 1032 7
35 1081 6
35 1088 1
35 1121 5
35 1132 5
35 1151 5
35 1162 3
35 1207 3
35 1251 5
35 1256 6
35 1270 3
35 1291 2
35 1313 6
35 1318 5
35 1320 3
35 1323 5
35 1345 4
35 1352 4
35 1355 6
35 1364 5
35 1445 6
35 1473 1
35 1478 4
35 1486 10
35 1487 4
35 1489 8
35 1490 7
35 1497 6
35 1520 1
35 1560 5
35 1580 1
35 1616 8
35 1637 9
35 1678 0
35 1720 7
35 1750 3
36 279 4
36 465 7
36 505 6
36 536 6
36 793 9
36 813 4
36 856 1
36 874 6
36 903 6
36 1089 4
36 1090 6
36 1115 6
36 1222 8
36 1641 6
37 83 4
37 93 1
37 130 3
37 131 6
37 175 7
37 213 5
37 246 7
37 276 4
37 289 4
37 406 4
37 499 10
37 678 10
37 703 4
37 739 9
37 740 3
37 795 5
37 898 5
37 932 5
37 1005 6
37 1036 1
37 1078 1
37 1105 4
37 1117 6
37 1168 1
37 1251 3
37 1340 6
37 1347 5
37 1352 4
37 1355 6
37 1359 8
37 1365 2
37 1374 4
37 1426 2
37 1469 8
37 1472 5
37 1565 5
37 1682 4
37 1734 5
38 610 3
38 726 7
38 940 2
38 944 5
38 1373 8
38 1521 6
39 130 5
39 188 6
39 259 5
39 331 7
39 333 6
39 425 4
39 511 2
39 638 6
39 667 8
39 790 5
39 963 3
39 1029 9
39 1111 9
39 1338 5
39 1370 3
39 1438 7
39 1440 6
39 1445 7
39 1519 9
39 1584 8
39 1598 1
39 1652 6
39 1691 6
40 2 9
40 40 4
40 43 3
40 112 5
40 118 7
40 124 10
40 141 5
40 162 4
40 188 7
40 194 6
40 236 7
40 243 6
40 267 4
40 280 6
40 314 4
40 348 2
40 355 3
40 368 6
40 397 5
40 415 1
40 434 6
40 480 5
40 495 0
40 500 5
40 506 3
40 552 8
40 632 7
40 694 4
40 711 5
40 713 5
40 715 7
40 721 5
40 763 1
40 769 9
40 782 3
40 796 3
40 848 6
40 863 8
40 867 8
40 934 7
40 952 4
40 994 4
40 1049 0
40 1051 2
40 1078 2
40 1086 5
40 1147 5
40 1156 4
40 1170 10
40 1186 6
40 1218 4
40 1225 9
40 1264 2
40 1266 7
40 1269 5
40 1275 5
40 1287 2
40 1290 6
40 1298 3
40 1305 5
40 1337 2
40 1380 1
40 1409 4
40 1461 7
40 1463 7
40 1471 1
40 1480 6
40 1490 7
40 1501 5
40 1523 1
40 1527 7
40 1528 3
40 1583 9
40 1589 5
40 1596 5
40 1598 1
40 1610 6
40 1611 5
40 1618 0
40 1634 3
40 1639 4
40 1652 4
40 1686 4
40 1695 4
40 1703 5
40 1714 4
40 1737 3
40 1738 3
41 11 3
41 60 7
41 80 4
41 106 5
41 130 3
41 133 6
41 153 7
41 156 5
41 180 7
41 192 7
41 195 10
41 208 3
41 254 3
41 262 7
41 270 6
41 283 5
41 287 6
41 288 3
41 308 8
41 337 6
41 349 6
41 354 1
41 356 4
41 357 6
41 414 4
41 462 4
41 472 3
41 514 3
41 522 8
41 543 5
41 554 0
41 562 7
41 573 4
41 656 3
41 675 8
41 679 3
41 680 7
41 731 5
41 762 1
41 766 6
41 774 10
41 782 5
41 788 4
41 795 6
41 797 3
41 824 5
41 884 4
41 910 8
41 918 6
41 933 5
41 953 8
41 969 6
41 999 8
41 1038 4
41 1041 4
41 1045 5
41 1052 5
41 1095 4
41 1135 6
41 1142 4
41 1149 3
41 1161 7
41 1179 8
41 1193 0
41 1236 6
41 1259 5
41 1263 3
41 1264 2
41 1280 8
41 1318 5
41 1369 5
41 1383 5
41 1398 1
41 1425 4
41 1457 6
41 1481 4
41 1490 9
41 1502 4
41 1525 7
41 1532 6
41 1545 4
41 1561 9
41 1587 1
41 1609 6
41 1615 3
41 1637 7
41 1658 6
41 1688 6
42 69 5
42 82 9
42 143 5
42 164 0
42 186 6
42 275 1
42 278 0
42 396 1
42 438 6
42 443 1
42 508 5
42 530 4
42 574 9
42 584 6
42 630 5
42 715 8
42 733 10
42 773 1
42 784 8
42 787 9
42 841 0
42 884 4
42 911 3
42 941 7
42 959 9
42 961 2
42 1015 6
42 1042 4
42 1063 8
42 1116 7
42 1164 4
42 1184 5
42 1207 4
42 1213 5
42 1255 5
42 1265 5
42 1291 2
42 1292 9
42 1297 6
42 1342 4
42 1391 8
42 1428 6
42 1452 3
42 1455 6
42 1460 5
42 1533 4
42 1586 5
42 1595 7
42 1602 4
42 1673 7
42 1680 8
42 1684 6
42 1703 5
42 1705 4
42 1721 6
42 1731 1
42 1750 1
42 1753 5
43 8 5
43 48 5
43 88 5
43 113 4
43 157 5
43 215 5
43 224 1
43 268 6
43 293 3
43 296 3
43 305 7
43 350 1
43 398 7
43 401 8
43 428 5
43 447 3
43 468 6
43 470 4
43 476 6
43 484 5
43 498 5
43 507 7
43 512 4
43 520 3
43 556 8
43 677 3
43 686 5
43 703 3
43 720 3
43 731 5
43 752 2
43 785 4
43 804 6
43 818 5
43 829 6
43 903 6
43 904 4
43 920 5
43 924 5
43 952 5
43 986 3
43 997 3
43 1003 0
43 1021 5
43 1030 5
43 1054 7
43 1058 6
43 1118 7
43 1120 2
43 1128 7
43 1144 3
43 1217 3
43 1220 7
43 1229 8
43 1265 6
43 1288 5
43 1328 2
43 1336 4
43 1338 3
43 1367 3
43 1424 4
43 1429 6
43 1449 5
43 1454 7
43 1503 6
43 1540 6
43 1617 9
43 1621 6
43 1630 3
43 1643 3
43 1698 3
43 1699 5
43 1706 5
44 2 7
44 90 3
44 118 8
44 190 8
44 198 1
44 206 5
44 218 6
44 226 5
44 372 6
44 475 9
44 482 7
44 487 5
44 496 6
44 504 8
44 520 1
44 659 4
44 673 4
44 686 5
44 707 9
44 794 4
44 879 8
44 988 5
44 1011 1
44 1104 6
44 1152 3
44 1173 3
44 1222 7
44 1258 4
44 1399 5
44 1440 6
44 1443 5
44 1560 5
44 1562 6
44 1596 5
44 1640 4
44 1643 3
44 1714 4
44 1733 6
45 32 3
45 39 4
45 52 4
45 70 5
45 148 3
45 171 4
45 223 5
45 230 2
45 250 8
45 251 3
45 257 9
45 277 2
45 284 6
45 316 4
45 328 6
45 352 4
45 353 5
45 403 6
45 405 4
45 470 2
45 474 4
45 476 6
45 509 4
45 542 6
45 548 4
45 593 4
45 594 3
45 603 6
45 615 4
45 655 5
45 692 6
45 693 8
45 698 7
45 738 9
45 754 3
45 761 3
45 788 6
45 810 7
45 829 5
45 834 10
45 845 3
45 849 3
45 850 6
45 855 5
45 860 2
45 861 3
45 864 8
45 876 6
45 883 4
45 904 5
45 926 5
45 953 8
45 961 3
45 1021 5
45 1055 6
45 1159 5
45 1191 9
45 1205 2
45 1226 5
45 1247 4
45 1281 6
45 1294 2
45 1303 7
45 1331 3
45 1347 3
45 1348 8
45 1356 6
45 1374 4
45 1416 3
45 1423 8
45 1430 8
45 1502 4
45 1527 7
45 1571 5
45 1580 2
45 1591 3
45 1622 5
45 1695 3
45 1727 6
46 24 2
46 28 3
46 50 7
46 153 6
46 160 4
46 172 4
46 177 5
46 213 3
46 297 6
46 312 7
46 385 7
46 395 5
46 414 3
46 453 7
46 460 7
46 461 2
46 514 4
46 516 4
46 522 9
46 527 8
46 549 5
46 554 0
46 564 4
46 604 5
46 636 2
46 696 6
46 699 6
46 718 6
46 720 5
46 725 5
46 732 7
46 734 9
46 741 4
46 765 10
46 768 5
46 775 3
46 809 5
46 834 10
46 842 0
46 872 5
46 908 4
46 1005 5
46 1012 9
46 1019 5
46 1048 4
46 1078 1
46 1113 3
46 1123 8
46 1130 3
46 1141 4
46 1150 4
46 1165 8
46 1186 5
46 1188 2
46 1199 4
46 1205 4
46 1256 6
46 1262 2
46 1279 6
46 1290 6
46 1291 1
46 1296 5
46 1307 1
46 1323 4
46 1392 2
46 1397 7
46 1405 4
46 1421 5
46 1484 3
46 1527 7
46 1545 2
46 1548 2
46 1566 5
46 1569 6
46 1583 9
46 1584 8
46 1626 0
46 1643 3
46 1654 3
46 1670 7
46 1671 5
46 1673 6
46 1674 4
46 1691 7
46 1696 9
46 1705 3
46 1709 7
46 1733 6
47 468 5
47 479 7
47 510 5
47 529 6
47 583 6
47 716 8
47 869 4
47 870 6
47 872 7
47 1007 4
47 1141 2
47 1296 5
47 1313 4
47 1342 5
47 1543 3
47 1630 3
47 1681 5
48 45 3
48 58 1
48 163 6
48 202 4
48 292 7
48 303 3
48 318 7
48 344 7
48 345 3
48 428 6
48 435 5
48 469 1
48 498 5
48 563 8
48 566 4
48 570 6
48 619 0
48 678 10
48 686 4
48 692 6
48 774 10
48 778 8
48 795 6
48 822 4
48 824 5
48 878 5
48 969 7
48 981 7
48 997 5
48 1157 3
48 1202 6
48 1210 8
48 1214 4
48 1216 4
48 1237 7
48 1308 4
48 1382 6
48 1390 4
48 1397 7
48 1438 8
48 1529 7
48 1561 9
48 1607 4
48 1614 7
48 1620 4
48 1637 9
48 1660 7
48 1679 5
48 1732 8
49 92 3
49 102 4
49 133 4
49 224 0
49 304 3
49 362 8
49 404 7
49 510 4
49 1134 7
49 1452 2
49 1473 1
49 1739 9
49 1754 8
50 4 3
50 6 3
50 20 7
50 55 8
50 95 7
50 98 4
50 145 6
50 176 7
50 179 2
50 199 6
50 205 3
50 228 6
50 244 4
50 254 1
50 308 7
50 321 5
50 381 4
50 385 9
50 414 3
50 445 7
50 469 2
50 475 10
50 501 6
50 508 7
50 607 8
50 613 4
50 635 4
50 641 6
50 645 5
50 681 7
50 695 4
50 734 9
50 811 3
50 830 5
50 863 9
50 914 6
50 928 6
50 935 4
50 962 3
50 982 1
50 1028 4
50 1032 8
50 1044 8
50 1046 8
50 1047 7
50 1064 3
50 1120 2
50 1128 5
50 1183 5
50 1193 0
50 1227 3
50 1249 5
50 1323 4
50 1352 4
50 1364 6
50 1437 3
50 1453 5
50 1476 7
50 1478 4
50 1516 5
50 1531 2
50 1553 7
50 1561 8
50 1573 3
50 1575 3
50 1594 2
50 1597 3
50 1609 7
50 1636 6
50 1654 3
50 1666 5
50 1711 9
51 12 6
51 89 6
51 103 5
51 141 4
51 183 4
51 239 6
51 275 3
51 319 3
51 320 2
51 324 2
51 325 3
51 328 6
51 357 5
51 365 2
51 486 3
51 489 3
51 526 9
51 570 5
51 575 9
51 602 6
51 611 7
51 652 6
51 655 4
51 685 5
51 704 1
51 716 8
51 735 1
51 783 1
51 815 6
51 898 5
51 925 6
51 951 2
51 1005 6
51 1041 6
51 1105 5
51 1107 4
51 1223 5
51 1260 4
51 1264 3
51 1300 8
51 1324 6
51 1349 4
51 1356 6
51 1377 5
51 1398 2
51 1471 2
51 1500 9
51 1532 7
51 1652 5
51 1661 6
51 1682 6
51 1684 5
51 1700 7
51 1706 4
51 1713 9
51 1721 4
52 2 7
52 46 4
52 50 6
52 89 8
52 183 4
52 208 5
52 261 3
52 269 4
52 281 4
52 293 5
52 427 8
52 440 9
52 469 3
52 472 3
52 609 2
52 640 3
52 642 4
52 717 7
52 771 4
52 793 7
52 829 4
52 855 4
52 865 6
52 872 5
52 880 8
52 892 5
52 895 5
52 947 4
52 984 2
52 985 8
52 1004 5
52 1022 3
52 1068 4
52 1092 2
52 1101 3
52 1119 6
52 1184 7
52 1210 8
52 1299 7
52 1321 7
52 1334 2
52 1354 4
52 1374 5
52 1376 7
52 1398 1
52 1447 7
52 1486 9
52 1487 4
52 1502 4
52 1541 3
52 1558 1
52 1573 5
52 1585 6
52 1593 4
52 1594 3
52 1624 6
52 1655 7
52 1659 5
52 1662 7
52 1717 5
52 1728 8
52 1743 2
53 53 5
53 83 3
53 105 9
53 147 4
53 151 8
53 167 4
53 253 6
53 256 0
53 260 6
53 269 5
53 272 4
53 336 5
53 375 4
53 384 1
53 389 5
53 401 6
53 402 2
53 437 5
53 440 8
53 491 3
53 494 2
53 500 5
53 551 6
53 626 1
53 633 3
53 638 7
53 719 1
53 829 4
53 902 5
53 922 3
53 960 5
53 971 5
53 1060 6
53 1070 4
53 1081 5
53 1084 8
53 1101 3
53 1138 5
53 1184 7
53 1202 5
53 1254 6
53 1259 5
53 1268 7
53 1360 6
53 1384 5
53 1388 4
53 1414 5
53 1433 8
53 1463 6
53 1501 5
53 1507 5
53 1515 3
53 1522 5
53 1526 4
53 1536 0
53 1539 2
53 1595 5
53 1606 10
53 1664 6
53 1730 7
54 1 8
54 13 9
54 15 7
54 55 7
54 60 8
54 61 5
54 69 5
54 84 4
54 86 6
54 99 4
54 108 6
54 112 5
54 151 6
54 160 2
54 210 5
54 255 4
54 301 3
54 316 5
54 347 3
54 351 1
54 353 6
54 411 3
54 426 7
54 427 8
54 450 1
54 457 4
54 475 9
54 481 6
54 484 4
54 519 1
54 530 3
54 531 7
54 534 4
54 542 5
54 544 9
54 551 5
54 576 4
54 599 5
54 648 4
54 674 5
54 675 6
54 680 9
54 722 7
54 762 1
54 812 4
54 825 4
54 840 8
54 857 5
54 882 4
54 904 6
54 923 5
54 938 5
54 940 3
54 941 5
54 968 2
54 1066 1
54 1106 6
54 1123 6
54 1124 4
54 1155 5
54 1182 7
54 1216 5
54 1267 6
54 1269 5
54 1321 6
54 1335 5
54 1366 5
54 1373 6
54 1396 5
54 1488 7
54 1540 8
54 1551 3
54 1579 5
54 1585 5
54 1589 6
54 1597 3
54 1609 7
54 1659 5
54 1664 6
54 1665 3
54 1677 1
54 1681 7
54 1687 8
54 1701 5
54 1712 4
54 1748 5
55 17 4
55 71 3
55 107 6
55 113 2
55 162 3
55 215 7
55 235 4
55 250 7
55 253 4
55 265 7
55 290 1
55 302 5
55 327 3
55 335 3
55 340 3
55 360 6
55 390 3
55 398 7
55 441 8
55 442 6
55 443 3
55 454 5
55 472 3
55 473 0
55 479 9
55 498 6
55 523 2
55 524 8
55 570 7
55 575 9
55 616 3
55 619 0
55 624 3
55 652 4
55 662 4
55 687 4
55 717 6
55 724 6
55 733 10
55 736 0
55 801 4
55 820 9
55 838 6
55 858 4
55 906 4
55 911 4
55 926 6
55 936 6
55 975 2
55 990 9
55 1022 5
55 1044 6
55 1062 2
55 1067 7
55 1074 7
55 1075 5
55 1081 5
55 1093 7
55 1095 5
55 1103 2
55 1110 4
55 1113 3
55 1239 8
55 1262 3
55 1293 1
55 1325 7
55 1345 3
55 1359 7
55 1360 5
55 1384 6
55 1414 6
55 1430 7
55 1435 3
55 1446 6
55 1483 9
55 1501 5
55 1525 5
55 1561 9
55 1637 7
55 1638 6
55 1651 8
55 1667 5
55 1668 9
55 1682 4
55 1720 8
55 1726 1
55 1731 3
55 1755 5
56 1 7
56 7 5
56 11 4
56 51 5
56 122 5
56 123 7
56 159 5
56 163 7
56 201 6
56 231 4
56 238 8
56 248 1
56 249 7
56 269 3
56 299 5
56 316 5
56 419 8
56 430 9
56 453 8
56 455 2
56 463 1
56 472 4
56 515 5
56 546 7
56 548 4
56 611 7
56 627 6
56 631 7
56 643 6
56 711 3
56 797 3
56 810 8
56 816 4
56 822 5
56 912 4
56 922 2
56 960 4
56 998 2
56 1028 3
56 1068 5
56 1069 7
56 1081 6
56 1083 8
56 1107 3
56 1129 4
56 1137 3
56 1163 8
56 1170 8
56 1177 0
56 1327 8
56 1329 0
56 1398 1
56 1407 2
56 1411 2
56 1459 8
56 1482 5
56 1514 4
56 1516 3
56 1532 6
56 1557 6
56 1632 3
56 1716 6
56 1720 6
57 7 6
57 128 5
57 141 5
57 224 0
57 345 4
57 433 1
57 505 5
57 801 4
57 1139 3
57 1146 5
57 1150 4
57 1203 5
57 1219 6
57 1272 3
57 1278 5
57 1295 4
57 1325 8
57 1358 3
57 1392 1
57 1531 4
57 1537 6
57 1550 3
58 0 2
58 14 5
58 26 8
58 63 8
58 88 6
58 144 2
58 159 5
58 162 4
58 167 5
58 185 6
58 188 6
58 221 6
58 244 4
58 330 5
58 398 8
58 409 3
58 433 2
58 452 4
58 479 9
58 517 8
58 576 2
58 590 8
58 617 2
58 621 3
58 633 5
58 647 6
58 650 3
58 675 8
58 757 7
58 822 4
58 877 3
58 939 7
58 960 6
58 1003 1
58 1045 5
58 1049 0
58 1086 7
58 1156 4
58 1159 7
58 1187 7
58 1189 6
58 1332 9
58 1342 3
58 1406 5
58 1409 4
58 1465 7
58 1576 3
58 1620 6
58 1677 2
58 1697 3
58 1743 3
58 1744 1
59 26 9
59 35 10
59 47 6
59 75 7
59 76 5
59 78 7
59 84 4
59 117 6
59 137 4
59 156 7
59 177 6
59 319 2
59 337 6
59 408 3
59 440 10
59 547 2
59 581 7
59 634 10
59 647 6
59 666 10
59 703 4
59 731 6
59 761 5
59 769 9
59 781 2
59 788 6
59 794 3
59 795 5
59 812 3
59 874 5
59 876 4
59 898 5
59 901 4
59 980 8
59 1001 8
59 1003 0
59 1008 7
59 1015 6
59 1035 3
59 1041 6
59 1057 5
59 1061 9
59 1077 4
59 1084 10
59 1109 4
59 1117 5
59 1127 6
59 1152 2
59 1159 5
59 1184 7
59 1217 2
59 1235 4
59 1237 6
59 1248 8
59 1276 7
59 1284 5
59 1289 5
59 1301 5
59 1319 4
59 1393 3
59 1413 2
59 1457 8
59 1476 7
59 1531 3
59 1547 5
59 1616 8
59 1652 4
59 1709 6
59 1724 7
60 264 4
60 282 6
60 348 1
60 499 9
60 582 5
60 664 10
60 678 9
60 983 8
60 1246 7
60 1266 7
60 1631 7
60 1735 7
61 16 3
61 65 7
61 119 6
61 164 0
61 192 8
61 217 7
61 281 3
61 292 7
61 363 2
61 455 2
61 485 3
61 488 5
61 568 7
61 642 4
61 645 5
61 821 7
61 831 8
61 842 0
61 861 3
61 976 3
61 1073 8
61 1102 8
61 1120 3
61 1178 10
61 1241 4
61 1311 1
61 1319 2
61 1339 5
61 1412 4
61 1457 8
61 1460 5
61 1522 5
61 1651 8
61 1678 1
61 1682 4
61 1752 6
62 2 9
62 3 1
62 5 9
62 44 6
62 66 5
62 83 3
62 121 4
62 154 6
62 174 6
62 237 1
62 240 6
62 255 3
62 263 4
62 285 6
62 300 0
62 357 6
62 361 6
62 391 4
62 400 4
62 458 1
62 475 10
62 495 0
62 497 5
62 512 6
62 538 6
62 544 7
62 585 5
62 629 0
62 635 4
62 642 2
62 679 3
62 680 7
62 684 4
62 686 5
62 702 5
62 720 3
62 736 2
62 806 4
62 823 4
62 845 5
62 871 7
62 893 9
62 916 4
62 920 3
62 970 5
62 994 2
62 998 1
62 1032 7
62 1105 4
62 1131 1
62 1172 4
62 1224 10
62 1278 5
62 1371 8
62 1412 6
62 1416 5
62 1448 5
62 1464 8
62 1610 6
62 1721 5
62 1730 6
62 1734 5
62 1748 5
62 1751 9
63 226 7
63 613 4
63 743 7
63 977 4
63 1094 3
63 1166 6
63 1326 5
63 1462 6
64 23 2
64 34 7
64 39 5
64 44 6
64 122 6
64 140 4
64 155 7
64 212 5
64 244 6
64 327 3
64 333 5
64 351 0
64 441 8
64 459 4
64 532 2
64 565 4
64 574 9
64 577 4
64 584 4
64 608 4
64 621 4
64 646 5
64 693 8
64 837 4
64 841 1
64 888 9
64 921 7
64 956 4
64 1012 8
64 1065 6
64 1069 8
64 1158 4
64 1270 3
64 1374 4
64 1427 3
64 1466 7
64 1481 3
64 1498 4
64 1499 1
64 1523 2
64 1610 7
64 1645 5
64 1702 2
64 1707 3
65 0 4
65 3 2
65 19 8
65 29 5
65 44 5
65 63 6
65 77 4
65 137 5
65 145 6
65 171 4
65 184 4
65 190 8
65 229 4
65 296 1
65 361 7
65 376 7
65 396 3
65 422 4
65 471 5
65 487 3
65 489 4
65 513 6
65 516 4
65 530 5
65 587 4
65 618 2
65 638 7
65 648 6
65 651 10
65 668 5
65 672 4
65 676 7
65 720 4
65 769 9
65 820 7
65 824 5
65 877 4
65 948 7
65 950 7
65 991 4
65 997 3
65 998 2
65 1016 10
65 1104 6
65 1127 4
65 1147 3
65 1172 4
65 1182 6
65 1195 5
65 1200 4
65 1209 6
65 1230 4
65 1234 5
65 1243 7
65 1252 7
65 1259 5
65 1280 7
65 1292 9
65 1337 4
65 1342 3
65 1374 3
65 1418 6
65 1430 9
65 1436 4
65 1463 8
65 1468 1
65 1483 9
65 1506 4
65 1509 5
65 1512 6
65 1532 6
65 1540 8
65 1567 8
65 1571 6
65 1609 8
65 1616 8
65 1648 4
65 1656 5
65 1657 7
65 1658 5
65 1661 7
65 1714 2
66 25 7
66 26 9
66 37 5
66 50 7
66 81 6
66 86 5
66 98 4
66 160 2
66 163 5
66 187 7
66 205 2
66 265 6
66 267 4
66 282 5
66 309 4
66 324 4
66 360 4
66 525 5
66 557 3
66 597 10
66 605 7
66 613 6
66 623 8
66 667 9
66 675 7
66 682 3
66 696 6
66 704 2
66 708 3
66 754 5
66 768 7
66 773 3
66 789 3
66 807 6
66 816 2
66 819 2
66 864 6
66 946 7
66 981 6
66 1044 8
66 1092 4
66 1096 6
66 1097 1
66 1119 6
66 1124 5
66 1142 4
66 1163 6
66 1184 7
66 1187 8
66 1198 5
66 1205 2
66 1235 6
66 1238 7
66 1251 3
66 1281 5
66 1293 0
66 1312 6
66 1320 3
66 1349 3
66 1359 9
66 1381 5
66 1390 3
66 1417 2
66 1419 6
66 1420 5
66 1503 7
66 1554 4
66 1579 5
66 1591 4
66 1602 4
66 1609 6
66 1613 4
66 1652 4
66 1658 4
66 1661 7
66 1700 5
66 1723 5
66 1741 5
67 39 5
67 116 5
67 139 4
67 234 5
67 262 9
67 381 5
67 649 4
67 882 3
67 889 7
67 1335 4
67 1404 5
67 1707 5
68 43 1
68 61 5
68 68 5
68 69 6
68 93 1
68 109 7
68 113 2
68 122 5
68 152 3
68 181 5
68 228 8
68 281 4
68 324 3
68 331 7
68 348 0
68 352 4
68 397 6
68 433 2
68 491 3
68 518 4
68 567 5
68 583 5
68 595 7
68 599 6
68 625 7
68 628 0
68 700 2
68 743 7
68 753 5
68 788 6
68 852 6
68 952 4
68 1023 3
68 1025 4
68 1039 4
68 1040 3
68 1141 2
68 1156 4
68 1202 7
68 1204 5
68 1207 4
68 1220 6
68 1238 5
68 1246 7
68 1283 8
68 1287 4
68 1288 6
68 1297 6
68 1387 3
68 1407 2
68 1436 5
68 1440 6
68 1444 7
68 1461 7
68 1514 3
68 1538 3
68 1555 7
68 1572 2
68 1580 2
68 1603 3
68 1653 5
68 1683 6
68 1722 4
68 1737 4
69 10 5
69 40 3
69 80 3
69 91 8
69 94 6
69 112 4
69 171 5
69 187 6
69 218 6
69 228 8
69 234 5
69 261 1
69 263 5
69 323 2
69 387 4
69 407 3
69 473 1
69 474 2
69 482 8
69 496 7
69 509 5
69 547 1
69 553 3
69 584 5
69 637 3
69 640 5
69 656 3
69 660 9
69 702 5
69 706 4
69 778 6
69 819 1
69 845 3
69 878 7
69 910 7
69 985 7
69 989 4
69 990 8
69 1000 6
69 1002 3
69 1013 8
69 1018 8
69 1024 6
69 1080 4
69 1092 3
69 1095 4
69 1195 5
69 1239 6
69 1326 5
69 1334 2
69 1350 2
69 1368 10
69 1389 6
69 1428 5
69 1436 3
69 1448 5
69 1492 5
69 1564 7
69 1607 4
69 1613 6
69 1650 10
69 1718 8
70 19 7
70 39 6
70 53 6
70 60 6
70 101 9
70 113 3
70 145 6
70 152 3
70 154 6
70 171 5
70 196 3
70 206 5
70 221 4
70 232 6
70 239 6
70 310 1
70 342 3
70 389 5
70 392 6
70 394 5
70 401 8
70 408 2
70 415 1
70 426 6
70 438 6
70 446 5
70 458 0
70 495 2
70 502 4
70 510 5
70 537 8
70 541 6
70 604 6
70 617 1
70 619 1
70 627 6
70 709 2
70 766 6
70 811 2
70 866 9
70 876 4
70 903 6
70 908 3
70 920 5
70 926 5
70 931 5
70 954 2
70 999 8
70 1037 8
70 1039 6
70 1041 4
70 1064 3
70 1131 3
70 1159 5
70 1172 3
70 1178 9
70 1187 8
70 1190 3
70 1192 4
70 1221 6
70 1236 8
70 1260 4
70 1279 6
70 1281 6
70 1292 8
70 1321 5
70 1328 3
70 1329 1
70 1361 7
70 1380 3
70 1390 4
70 1393 3
70 1438 8
70 1450 5
70 1451 6
70 1482 3
70 1507 5
70 1509 4
70 1528 4
70 1535 8
70 1540 6
70 1548 3
70 1549 6
70 1585 6
70 1629 5
70 1674 5
70 1721 5
70 1747 7
71 567 6
71 1043 6
71 1180 3
72 179 1
72 211 9
72 281 3
72 508 7
72 691 2
72 738 10
72 862 7
72 970 5
72 996 6
72 1036 2
72 1148 3
72 1190 4
72 1320 2
72 1344 6
72 1401 4
72 1445 6
72 1465 8
72 1480 5
72 1558 1
72 1592 6
73 5 10
73 9 7
73 29 5
73 49 10
73 55 8
73 67 6
73 110 5
73 129 8
73 144 2
73 350 0
73 373 7
73 376 5
73 495 0
73 515 6
73 768 6
73 807 5
73 887 6
73 966 5
73 976 4
73 1081 7
73 1112 7
73 1125 4
73 1133 4
73 1144 4
73 1145 5
73 1181 7
73 1194 8
73 1195 6
73 1200 5
73 1228 5
73 1242 4
73 1356 7
73 1361 6
73 1416 5
73 1423 9
74 52 3
74 346 3
74 654 2
74 742 5
74 1402 4
75 22 6
75 85 9
75 193 5
75 263 3
75 495 2
75 612 10
75 651 9
75 706 6
75 770 6
75 958 8
75 972 8
75 1091 1
75 1502 4
76 2 9
76 79 5
76 174 8
76 177 4
76 226 6
76 239 6
76 265 5
76 358 5
76 384 1
76 443 3
76 520 3
76 619 0
76 690 3
76 703 4
76 768 7
76 802 4
76 861 5
76 875 5
76 881 4
76 945 1
76 994 2
76 1049 1
76 1066 1
76 1091 0
76 1185 5
76 1290 6
76 1521 5
76 1599 3
76 1678 0
77 79 7
77 161 4
77 163 7
77 279 4
77 315 3
77 317 7
77 341 4
77 366 5
77 368 5
77 392 6
77 398 6
77 531 6
77 571 5
77 593 5
77 597 8
77 625 6
77 648 4
77 663 3
77 685 6
77 689 5
77 715 8
77 717 6
77 775 2
77 798 4
77 808 5
77 834 10
77 886 4
77 951 0
77 953 6
77 966 5
77 972 8
77 1023 2
77 1045 4
77 1068 6
77 1102 8
77 1149 3
77 1162 3
77 1173 3
77 1224 10
77 1250 7
77 1251 4
77 1286 7
77 1301 5
77 1339 3
77 1394 2
77 1408 7
77 1410 3
77 1412 6
77 1436 4
77 1442 5
77 1444 9
77 1474 6
77 1519 9
77 1592 6
77 1604 6
77 1638 5
77 1646 4
77 1689 3
77 1690 5
77 1697 3
77 1699 3
77 1710 4
77 1722 4
77 1742 2
78 105 8
78 389 6
78 425 6
78 637 2
78 727 6
78 815 4
78 867 6
78 868 6
78 907 7
78 1039 5
78 1060 5
78 1174 6
78 1494 5
78 1555 6
78 1630 3
78 1688 5
79 34 7
79 57 5
79 89 8
79 120 5
79 127 9
79 140 3
79 171 5
79 188 5
79 231 5
79 255 3
79 277 3
79 362 8
79 379 3
79 423 7
79 496 7
79 506 3
79 559 3
79 574 7
79 576 2
79 590 7
79 595 6
79 630 3
79 633 5
79 674 5
79 833 2
79 898 6
79 947 4
79 949 5
79 1009 7
79 1036 1
79 1052 7
79 1067 8
79 1087 5
79 1089 6
79 1110 6
79 1145 3
79 1205 3
79 1273 2
79 1291 3
79 1303 8
79 1345 4
79 1362 6
79 1393 1
79 1427 3
79 1460 3
79 1544 5
79 1619 8
79 1620 6
79 1644 2
79 1647 6
79 1670 8
79 1728 6
