Seed: 1587350601
Researcher: 80
Papers: 1440
Edges: 3218
RDensity: None
minScore: 0
maxScore: 10
maxResearcherForPaper: None
maxPaperForResearcher: None
ToAssign: 200
0 64 5
0 101 8
0 178 6
0 427 6
0 637 6
0 765 6
0 787 6
0 929 8
0 1031 4
1 6 4
1 8 6
1 27 6
1 55 6
1 204 8
1 297 6
1 301 3
1 333 2
1 338 0
1 348 3
1 354 6
1 403 6
1 409 3
1 422 2
1 433 7
1 443 3
1 449 7
1 458 5
1 494 5
1 524 9
1 528 8
1 717 5
1 784 4
1 818 9
1 835 6
1 855 5
1 927 6
1 1001 2
1 1043 2
1 1081 6
1 1123 6
1 1160 4
1 1205 5
1 1226 7
1 1229 2
1 1250 6
1 1259 9
1 1281 6
1 1356 7
1 1407 6
1 1429 2
1 1431 6
2 37 8
2 311 1
2 437 5
2 464 4
2 481 5
2 495 5
2 598 7
2 654 6
2 769 9
2 872 1
2 897 1
2 1117 8
2 1133 4
2 1263 1
2 1283 2
2 1290 7
2 1297 6
2 1394 5
2 1399 5
3 11 5
3 105 4
3 162 3
3 168 6
3 209 4
3 220 4
3 221 5
3 282 2
3 317 9
3 319 6
3 331 7
3 372 3
3 379 8
3 381 0
3 389 6
3 408 6
3 415 4
3 436 3
3 447 2
3 457 2
3 462 6
3 478 4
3 486 4
3 492 6
3 498 6
3 521 10
3 539 4
3 557 7
3 597 5
3 600 4
3 602 4
3 624 6
3 641 4
3 695 6
3 712 4
3 721 8
3 752 4
3 774 6
3 823 4
3 825 3
3 859 4
3 876 2
3 890 1
3 938 1
3 944 7
3 1048 6
3 1058 3
3 1072 7
3 1146 10
3 1172 4
3 1183 10
3 1221 4
3 1229 4
3 1230 5
3 1320 5
3 1395 5
3 1419 4
4 40 8
4 201 4
4 229 1
4 297 4
4 339 8
4 437 7
4 447 3
4 451 4
4 467 6
4 468 6
4 614 1
4 619 5
4 663 3
4 671 1
4 745 3
4 754 4
4 765 5
4 901 7
4 949 4
4 965 7
4 973 8
4 982 5
4 993 4
4 1063 5
4 1064 4
4 1067 6
4 1130 7
4 1139 5
4 1140 9
4 1167 8
4 1200 4
4 1212 9
4 1221 3
4 1265 6
4 1270 4
4 1294 6
4 1315 4
4 1367 4
4 1375 5
4 1382 5
4 1411 4
4 1432 0
5 20 2
5 55 8
5 99 7
5 167 1
5 188 5
5 211 1
5 248 4
5 311 1
5 332 4
5 352 7
5 357 4
5 381 0
5 424 0
5 496 7
5 499 3
5 513 6
5 522 5
5 562 4
5 595 5
5 624 5
5 626 6
5 708 5
5 712 6
5 728 4
5 767 6
5 797 7
5 807 8
5 834 6
5 907 8
5 925 7
5 938 0
5 964 7
5 968 9
5 969 4
5 977 6
5 1044 5
5 1144 2
5 1213 3
5 1266 6
5 1294 8
5 1327 7
5 1364 6
5 1390 5
5 1432 0
6 83 6
6 94 2
6 137 6
6 197 7
6 223 3
6 278 3
6 329 6
6 418 5
6 421 5
6 471 1
6 498 7
6 570 6
6 613 5
6 663 4
6 704 2
6 724 4
6 725 5
6 741 1
6 776 5
6 906 4
6 978 2
6 1035 2
6 1074 2
6 1137 3
6 1183 8
6 1302 5
6 1304 8
6 1325 4
6 1371 0
7 37 9
7 41 3
7 97 7
7 112 9
7 139 5
7 166 3
7 168 8
7 213 6
7 225 8
7 244 6
7 257 4
7 266 8
7 283 3
7 290 6
7 314 4
7 321 3
7 374 1
7 378 5
7 386 2
7 398 5
7 437 5
7 503 7
7 521 8
7 535 5
7 579 8
7 595 3
7 596 6
7 620 5
7 647 5
7 666 6
7 669 8
7 674 4
7 723 4
7 756 5
7 759 4
7 782 7
7 803 4
7 805 9
7 807 7
7 859 6
7 872 2
7 881 2
7 903 5
7 907 8
7 909 6
7 922 4
7 932 6
7 945 3
7 960 5
7 961 8
7 969 3
7 970 5
7 995 8
7 1001 4
7 1009 4
7 1014 8
7 1044 6
7 1069 5
7 1086 8
7 1088 1
7 1162 7
7 1267 1
7 1283 4
7 1315 5
7 1320 4
8 1 5
8 5 3
8 11 5
8 18 9
8 30 5
8 63 2
8 65 6
8 131 5
8 143 8
8 144 8
8 156 5
8 184 7
8 186 0
8 188 5
8 209 4
8 286 4
8 302 2
8 346 1
8 353 8
8 379 8
8 386 2
8 392 7
8 403 8
8 435 3
8 485 9
8 489 8
8 504 5
8 592 2
8 641 5
8 644 7
8 656 5
8 670 6
8 686 5
8 690 6
8 694 5
8 711 5
8 721 10
8 747 8
8 778 4
8 787 8
8 792 10
8 814 8
8 829 8
8 841 8
8 842 1
8 847 8
8 857 4
8 867 7
8 897 0
8 899 6
8 914 3
8 915 4
8 918 4
8 942 3
8 966 5
8 986 6
8 1003 2
8 1033 7
8 1045 5
8 1056 1
8 1058 5
8 1059 5
8 1072 5
8 1193 5
8 1248 10
8 1258 6
8 1286 5
8 1332 7
8 1334 3
8 1362 4
8 1370 4
8 1422 6
9 0 4
9 8 6
9 27 4
9 36 8
9 99 7
9 139 5
9 143 6
9 146 3
9 166 2
9 271 7
9 299 5
9 306 3
9 314 2
9 346 3
9 364 6
9 377 0
9 407 4
9 413 3
9 458 3
9 544 5
9 580 5
9 586 6
9 591 5
9 621 7
9 641 4
9 647 5
9 658 8
9 673 5
9 713 6
9 714 6
9 772 5
9 776 4
9 812 7
9 853 4
9 856 8
9 892 2
9 918 3
9 971 4
9 994 4
9 997 4
9 1014 7
9 1031 2
9 1037 7
9 1048 7
9 1077 6
9 1085 4
9 1113 5
9 1128 4
9 1138 6
9 1174 6
9 1186 1
9 1227 9
9 1244 2
9 1256 7
9 1281 7
9 1295 6
9 1350 3
9 1356 6
9 1371 0
9 1422 5
10 23 8
10 45 5
10 50 8
10 55 6
10 77 6
10 105 3
10 120 3
10 128 2
10 174 1
10 218 9
10 219 3
10 246 4
10 250 4
10 263 4
10 271 6
10 284 2
10 352 6
10 373 6
10 397 3
10 413 3
10 429 1
10 440 4
10 453 3
10 484 3
10 512 6
10 522 5
10 523 6
10 588 0
10 599 0
10 608 4
10 615 7
10 624 6
10 639 4
10 642 5
10 670 7
10 673 4
10 680 1
10 724 5
10 747 8
10 783 5
10 793 4
10 805 9
10 819 6
10 824 2
10 849 4
10 860 7
10 866 7
10 870 7
10 880 2
10 918 5
10 1053 7
10 1059 5
10 1066 4
10 1069 3
10 1080 4
10 1094 6
10 1124 7
10 1136 3
10 1149 7
10 1173 6
10 1184 6
10 1225 9
10 1231 5
10 1237 7
10 1271 2
10 1285 6
10 1292 5
10 1309 2
10 1317 4
10 1341 5
10 1353 9
10 1421 3
11 34 5
11 40 6
11 69 5
11 96 3
11 97 9
11 136 7
11 140 5
11 228 5
11 242 4
11 249 7
11 258 5
11 302 3
11 342 6
11 366 1
11 368 6
11 440 4
11 443 5
11 444 0
11 500 5
11 520 5
11 526 1
11 531 5
11 533 4
11 571 3
11 601 3
11 633 5
11 644 7
11 657 4
11 765 6
11 788 5
11 790 7
11 800 8
11 807 8
11 851 3
11 882 6
11 885 6
11 906 5
11 926 4
11 928 8
11 934 9
11 944 7
11 978 0
11 982 4
11 994 4
11 1030 7
11 1031 4
11 1116 9
11 1217 5
11 1248 9
11 1281 6
11 1288 6
11 1314 5
11 1321 5
11 1325 3
11 1359 5
11 1393 4
11 1430 4
12 43 3
12 77 6
12 115 8
12 137 6
12 159 6
12 267 3
12 272 9
12 282 2
12 346 1
12 377 2
12 379 7
12 425 4
12 429 0
12 450 5
12 488 7
12 617 4
12 618 6
12 622 7
12 653 7
12 656 4
12 675 6
12 687 6
12 704 2
12 710 10
12 714 8
12 737 6
12 806 6
12 816 7
12 840 3
12 854 5
12 894 7
12 895 4
12 920 7
12 974 4
12 976 6
12 985 7
12 1008 8
12 1035 2
12 1085 5
12 1125 6
12 1147 2
12 1239 6
12 1244 1
12 1328 3
12 1333 4
12 1342 1
12 1366 8
12 1384 4
12 1385 4
12 1388 3
12 1433 6
13 58 7
13 66 2
13 138 5
13 139 6
13 161 5
13 190 4
13 234 6
13 245 0
13 290 5
13 316 6
13 335 6
13 336 6
13 346 2
13 370 5
13 379 8
13 421 4
13 423 9
13 428 7
13 466 4
13 479 7
13 497 9
13 514 4
13 525 4
13 530 6
13 550 6
13 583 4
13 618 8
13 625 2
13 629 5
13 679 2
13 701 8
13 703 5
13 712 5
13 726 2
13 743 7
13 756 7
13 760 6
13 771 6
13 772 6
13 779 3
13 817 6
13 827 2
13 829 8
13 842 2
13 850 2
13 859 5
13 868 7
13 886 3
13 895 6
13 936 2
13 952 5
13 981 7
13 992 4
13 999 4
13 1008 9
13 1029 4
13 1096 0
13 1177 5
13 1180 6
13 1214 6
13 1223 4
13 1228 0
13 1231 4
13 1239 6
13 1254 2
13 1274 2
13 1295 7
13 1327 6
13 1331 3
13 1358 1
13 1363 10
13 1409 8
14 26 8
14 32 8
14 84 3
14 140 5
14 250 5
14 271 6
14 273 4
14 281 4
14 314 2
14 330 5
14 372 4
14 385 4
14 387 8
14 392 8
14 433 6
14 439 7
14 480 8
14 492 4
14 514 6
14 531 4
14 558 6
14 576 3
14 586 6
14 588 1
14 595 4
14 622 6
14 635 5
14 650 3
14 736 3
14 738 8
14 742 6
14 753 3
14 763 3
14 792 10
14 793 4
14 843 2
14 862 4
14 897 1
14 922 3
14 945 2
14 983 7
14 1064 4
14 1265 5
14 1301 5
14 1309 1
14 1381 3
15 9 7
15 46 3
15 70 2
15 91 3
15 119 10
15 132 2
15 138 6
15 177 4
15 195 2
15 220 5
15 233 5
15 260 6
15 262 6
15 287 3
15 296 6
15 337 3
15 375 0
15 391 6
15 407 4
15 418 5
15 472 7
15 477 9
15 493 4
15 501 7
15 518 4
15 536 6
15 556 10
15 590 5
15 595 4
15 661 10
15 693 7
15 705 3
15 731 9
15 748 3
15 750 2
15 800 8
15 815 8
15 820 2
15 836 6
15 851 5
15 880 2
15 950 7
15 960 4
15 1011 2
15 1051 4
15 1070 7
15 1073 3
15 1085 4
15 1108 7
15 1147 4
15 1164 4
15 1199 4
15 1234 7
15 1256 6
15 1278 3
15 1316 8
15 1323 8
15 1329 2
15 1338 2
15 1359 7
15 1377 5
15 1397 7
15 1414 5
16 85 6
16 155 6
16 203 6
16 227 8
16 390 7
16 458 5
16 466 5
16 476 5
16 498 6
16 560 8
16 630 6
16 690 5
16 730 6
16 971 5
16 1396 5
17 3 4
17 65 4
17 121 6
17 140 4
17 158 5
17 171 6
17 240 6
17 246 2
17 325 0
17 327 7
17 400 7
17 547 3
17 891 7
17 1116 8
17 1180 5
17 1198 6
17 1348 9
17 1381 2
17 1397 5
17 1418 4
18 15 6
18 44 9
18 54 8
18 61 5
18 134 4
18 138 6
18 149 7
18 150 3
18 172 3
18 226 6
18 233 7
18 234 6
18 252 4
18 288 4
18 307 1
18 356 6
18 387 9
18 430 5
18 453 2
18 466 4
18 471 2
18 491 2
18 540 5
18 543 8
18 547 4
18 564 5
18 565 4
18 568 2
18 589 1
18 599 1
18 603 5
18 704 2
18 726 2
18 731 10
18 808 1
18 863 3
18 868 7
18 874 8
18 904 2
18 945 2
18 958 7
18 967 5
18 1012 9
18 1018 7
18 1029 6
18 1043 3
18 1053 6
18 1054 6
18 1083 6
18 1096 1
18 1108 5
18 1111 6
18 1112 7
18 1120 5
18 1143 1
18 1148 6
18 1168 6
18 1176 7
18 1181 4
18 1188 4
18 1192 7
18 1224 6
18 1258 8
18 1299 5
18 1305 8
18 1430 5
18 1437 6
19 29 5
19 43 3
19 157 1
19 165 1
19 270 6
19 299 6
19 304 3
19 370 4
19 381 1
19 446 4
19 497 7
19 533 4
19 588 0
19 592 3
19 752 6
19 770 5
19 806 6
19 914 4
19 932 7
19 947 9
19 1052 4
19 1149 7
19 1289 6
19 1321 5
19 1360 3
19 1393 4
19 1416 8
20 6 4
20 11 7
20 89 6
20 112 10
20 118 8
20 135 7
20 140 5
20 209 5
20 240 4
20 260 4
20 268 2
20 299 4
20 313 6
20 318 6
20 344 3
20 346 3
20 361 4
20 454 1
20 456 6
20 491 3
20 505 5
20 508 7
20 510 8
20 570 6
20 652 7
20 663 3
20 671 1
20 719 0
20 752 4
20 794 3
20 800 9
20 805 9
20 817 6
20 836 5
20 846 4
20 851 3
20 904 4
20 942 1
20 994 4
20 1004 4
20 1021 5
20 1026 5
20 1036 9
20 1045 5
20 1052 4
20 1053 8
20 1073 2
20 1086 8
20 1114 5
20 1141 4
20 1151 5
20 1179 6
20 1190 9
20 1205 6
20 1212 8
20 1246 1
20 1289 6
20 1341 6
20 1358 1
20 1364 6
20 1436 5
21 10 7
21 35 6
21 70 2
21 230 4
21 289 3
21 325 0
21 340 3
21 342 6
21 379 6
21 431 0
21 437 6
21 473 4
21 502 4
21 517 6
21 539 3
21 577 4
21 579 7
21 587 4
21 593 5
21 609 4
21 615 9
21 628 3
21 655 8
21 661 8
21 684 5
21 712 4
21 723 2
21 729 2
21 767 6
21 835 4
21 842 3
21 848 8
21 851 3
21 878 2
21 935 5
21 936 2
21 951 2
21 963 5
21 996 8
21 1001 4
21 1006 2
21 1012 9
21 1031 4
21 1060 6
21 1076 5
21 1077 4
21 1113 7
21 1145 3
21 1147 3
21 1169 6
21 1174 6
21 1189 1
21 1215 7
21 1270 5
21 1295 7
21 1307 9
21 1315 4
21 1317 3
21 1319 5
21 1330 5
21 1341 6
21 1356 7
21 1361 4
21 1378 6
21 1379 4
21 1391 6
21 1397 5
21 1419 4
22 33 5
22 42 2
22 57 6
22 97 7
22 117 6
22 131 4
22 182 4
22 288 3
22 322 5
22 345 7
22 396 5
22 415 4
22 509 8
22 514 5
22 566 6
22 581 6
22 584 5
22 587 4
22 589 3
22 603 7
22 610 5
22 654 7
22 712 5
22 757 4
22 777 6
22 787 6
22 804 4
22 871 3
22 916 9
22 939 0
22 991 8
22 1009 5
22 1049 5
22 1056 3
22 1062 4
22 1067 6
22 1080 3
22 1099 2
22 1104 5
22 1166 3
22 1175 7
22 1208 3
22 1248 10
22 1271 1
22 1316 8
22 1336 3
22 1350 2
22 1354 4
22 1365 6
22 1372 4
22 1376 6
22 1379 4
22 1387 1
22 1398 8
22 1405 2
22 1436 5
23 27 5
23 62 5
23 74 6
23 90 8
23 186 0
23 194 4
23 198 1
23 211 3
23 232 4
23 260 6
23 290 7
23 305 5
23 355 4
23 366 1
23 395 5
23 415 6
23 425 3
23 432 5
23 433 6
23 448 8
23 497 9
23 532 3
23 641 5
23 644 6
23 649 4
23 672 4
23 696 8
23 702 4
23 704 3
23 710 9
23 714 8
23 718 5
23 723 3
23 746 7
23 855 3
23 858 5
23 867 8
23 905 7
23 908 4
23 914 5
23 938 2
23 944 6
23 954 7
23 972 6
23 1018 7
23 1040 7
23 1106 5
23 1135 7
23 1164 6
23 1165 6
23 1184 7
23 1219 7
23 1224 6
23 1245 8
23 1248 10
23 1274 3
23 1295 6
23 1301 5
23 1308 5
23 1312 3
23 1335 5
23 1340 0
23 1368 7
23 1374 2
23 1381 4
23 1406 3
23 1417 4
24 16 5
24 38 6
24 51 4
24 104 2
24 111 6
24 126 4
24 136 7
24 173 4
24 176 3
24 219 5
24 261 7
24 268 2
24 281 3
24 341 1
24 378 5
24 410 5
24 411 7
24 456 6
24 489 8
24 501 6
24 513 6
24 517 7
24 532 2
24 553 4
24 560 9
24 614 1
24 626 5
24 645 5
24 652 9
24 677 5
24 697 8
24 724 6
24 735 8
24 737 5
24 787 6
24 801 4
24 862 6
24 867 8
24 904 3
24 910 5
24 946 7
24 980 7
24 1013 7
24 1039 8
24 1047 1
24 1048 8
24 1052 3
24 1111 5
24 1121 2
24 1151 3
24 1170 7
24 1232 3
24 1236 2
24 1244 2
24 1245 9
24 1246 1
24 1263 0
24 1286 5
24 1312 5
24 1399 3
24 1434 4
25 13 6
25 40 7
25 239 6
25 270 4
25 335 6
25 353 9
25 367 5
25 489 9
25 499 4
25 555 6
25 674 4
25 840 3
25 873 2
25 896 5
25 962 4
25 995 7
25 1049 6
25 1157 5
25 1192 7
25 1260 5
25 1263 0
25 1267 3
25 1421 3
25 1424 5
25 1438 3
26 233 6
26 387 9
26 428 6
26 640 8
26 837 4
26 947 7
26 955 4
26 1089 4
26 1211 2
27 57 6
27 62 3
27 76 4
27 82 8
27 103 5
27 135 7
27 209 5
27 235 7
27 254 2
27 334 4
27 383 1
27 394 7
27 432 3
27 471 1
27 478 5
27 490 3
27 646 6
27 656 3
27 664 8
27 671 2
27 673 4
27 683 9
27 684 3
27 700 5
27 720 4
27 863 2
27 878 4
27 938 1
27 1010 3
27 1026 4
27 1062 2
27 1069 5
27 1071 7
27 1159 2
27 1243 5
27 1273 5
27 1287 4
27 1341 4
27 1359 7
27 1366 9
28 25 5
28 95 7
28 97 8
28 112 9
28 180 3
28 210 7
28 215 4
28 220 5
28 224 8
28 225 6
28 229 0
28 241 2
28 271 6
28 282 3
28 293 6
28 294 5
28 301 5
28 376 0
28 424 1
28 490 1
28 508 7
28 512 7
28 513 7
28 555 5
28 590 5
28 603 5
28 623 3
28 624 4
28 638 4
28 643 3
28 656 4
28 666 6
28 697 9
28 717 6
28 754 4
28 760 5
28 761 3
28 771 7
28 788 4
28 796 2
28 813 10
28 860 5
28 870 7
28 875 4
28 888 2
28 914 3
28 915 4
28 934 9
28 957 8
28 967 6
28 983 5
28 991 6
28 1017 5
28 1040 7
28 1041 4
28 1097 4
28 1110 1
28 1113 6
28 1198 6
28 1214 5
28 1221 4
28 1234 6
28 1243 4
28 1251 3
28 1289 6
28 1293 7
28 1318 3
28 1322 5
28 1337 8
28 1363 9
28 1411 3
28 1432 1
29 3 5
29 18 7
29 24 8
29 30 6
29 43 5
29 66 2
29 114 6
29 125 4
29 126 2
29 129 5
29 131 3
29 133 5
29 135 5
29 141 2
29 154 6
29 157 0
29 185 5
29 194 4
29 222 5
29 300 6
29 315 4
29 341 1
29 344 5
29 399 7
29 432 3
29 438 4
29 489 9
29 541 7
29 573 2
29 577 3
29 587 3
29 623 3
29 641 4
29 659 5
29 672 6
29 701 6
29 726 2
29 729 4
29 733 4
29 786 1
29 838 2
29 842 2
29 852 0
29 899 5
29 928 9
29 943 9
29 966 4
29 974 4
29 990 5
29 1037 7
29 1047 2
29 1073 4
29 1095 5
29 1102 7
29 1118 9
29 1186 3
29 1189 2
29 1197 2
29 1211 2
29 1248 9
29 1252 4
29 1259 9
29 1262 8
29 1316 8
29 1324 5
29 1336 2
29 1426 5
30 4 4
30 19 8
30 28 8
30 39 1
30 47 6
30 60 6
30 91 2
30 104 2
30 138 5
30 147 3
30 151 3
30 189 7
30 202 2
30 250 3
30 253 7
30 271 7
30 319 6
30 322 6
30 332 5
30 345 9
30 349 6
30 380 3
30 436 3
30 446 4
30 469 5
30 502 4
30 521 10
30 582 5
30 623 2
30 626 5
30 648 6
30 656 5
30 703 3
30 716 6
30 742 6
30 764 4
30 778 6
30 822 5
30 828 0
30 860 5
30 872 1
30 903 6
30 908 3
30 910 6
30 911 6
30 913 1
30 915 4
30 918 4
30 927 7
30 1023 7
30 1037 9
30 1062 3
30 1113 7
30 1144 4
30 1153 5
30 1242 5
30 1260 3
30 1272 6
30 1275 6
30 1297 5
30 1298 3
30 1315 4
30 1321 4
30 1340 0
30 1354 5
30 1367 4
30 1386 5
30 1394 6
30 1404 7
31 19 6
31 88 8
31 129 4
31 144 6
31 153 3
31 159 7
31 195 3
31 233 7
31 237 3
31 238 3
31 267 3
31 278 3
31 284 1
31 337 4
31 406 6
31 428 6
31 514 6
31 531 4
31 616 6
31 663 4
31 665 2
31 678 4
31 680 3
31 687 4
31 725 6
31 737 5
31 782 7
31 794 3
31 795 5
31 817 5
31 831 10
31 844 4
31 854 5
31 879 4
31 916 9
31 946 8
31 972 5
31 985 7
31 991 6
31 994 3
31 1003 2
31 1080 4
31 1110 2
31 1149 6
31 1249 3
31 1250 7
31 1341 6
31 1393 2
32 89 6
32 211 3
32 496 5
32 513 6
32 689 5
32 694 4
32 705 2
32 780 3
32 792 10
32 801 3
32 901 5
32 932 6
32 988 7
32 998 3
32 1005 5
32 1006 1
32 1016 5
32 1045 6
32 1107 7
32 1153 5
32 1211 4
32 1218 4
32 1306 5
32 1349 7
32 1352 7
32 1386 3
32 1395 5
32 1431 5
33 19 7
33 20 2
33 88 6
33 95 6
33 149 7
33 169 7
33 187 3
33 382 7
33 388 4
33 428 7
33 538 5
33 569 3
33 626 7
33 694 3
33 728 4
33 778 4
33 804 4
33 825 4
33 827 1
33 1003 1
33 1081 5
33 1090 8
33 1104 7
33 1144 2
33 1171 5
33 1256 5
33 1276 3
34 2 6
34 40 7
34 335 6
34 412 2
34 445 5
34 649 5
34 659 5
34 703 5
34 859 6
34 870 6
34 956 4
34 1019 6
34 1091 6
34 1185 9
34 1196 5
34 1204 1
34 1213 5
34 1369 6
34 1379 6
35 0 4
35 118 6
35 182 4
35 289 3
35 346 1
35 351 6
35 368 7
35 377 2
35 380 4
35 398 5
35 436 5
35 469 7
35 473 3
35 503 5
35 565 4
35 607 8
35 629 6
35 635 5
35 650 3
35 680 3
35 691 3
35 704 3
35 721 9
35 773 5
35 780 2
35 870 6
35 931 6
35 946 6
35 979 8
35 983 5
35 1045 5
35 1065 4
35 1077 5
35 1195 4
35 1232 5
35 1239 6
35 1281 8
35 1298 2
35 1299 3
35 1314 6
35 1315 6
35 1347 8
35 1354 3
36 155 4
36 207 4
36 301 3
36 568 3
36 892 3
36 1035 1
36 1050 5
37 22 3
37 45 5
37 113 6
37 126 4
37 168 8
37 251 4
37 264 2
37 610 7
37 632 3
37 639 5
37 706 5
37 751 6
37 768 5
37 930 7
37 1150 4
37 1194 3
37 1235 4
37 1259 7
37 1311 0
37 1352 8
37 1408 2
37 1428 2
38 126 2
38 199 2
38 327 8
38 362 7
38 745 3
38 872 1
38 918 5
38 933 4
38 964 8
38 1079 4
38 1394 6
39 150 3
39 228 4
39 271 7
39 324 3
39 460 7
39 464 2
39 531 6
39 548 4
39 745 3
39 746 9
39 808 1
39 958 8
39 1017 7
39 1127 1
39 1141 2
39 1178 2
39 1351 4
39 1380 2
39 1436 7
40 3 3
40 49 5
40 56 4
40 115 6
40 127 1
40 153 4
40 163 4
40 188 5
40 190 4
40 201 4
40 212 8
40 223 3
40 239 6
40 256 3
40 261 7
40 267 3
40 296 6
40 302 2
40 348 3
40 352 5
40 361 3
40 403 8
40 426 5
40 442 8
40 449 7
40 463 5
40 530 6
40 531 4
40 593 4
40 602 5
40 643 5
40 679 2
40 691 4
40 701 6
40 753 4
40 754 2
40 762 1
40 805 10
40 819 8
40 830 5
40 908 3
40 911 5
40 915 4
40 919 7
40 980 5
40 982 5
40 988 9
40 994 2
40 1002 8
40 1013 6
40 1032 4
40 1040 7
40 1085 6
40 1089 4
40 1095 6
40 1173 4
40 1245 7
40 1257 3
40 1260 5
40 1268 0
40 1280 4
40 1299 5
40 1310 5
40 1328 4
40 1346 7
40 1355 6
40 1385 3
40 1430 3
41 266 8
41 482 8
41 519 7
41 752 4
41 883 5
41 907 6
41 1173 5
41 1182 4
41 1234 6
42 71 5
42 830 5
42 1118 7
42 1258 8
42 1377 7
42 1399 4
42 1427 5
43 17 3
43 115 8
43 176 2
43 246 4
43 427 8
43 442 9
43 494 5
43 551 7
43 574 4
43 620 5
43 663 2
43 693 7
43 709 6
43 782 5
43 953 4
43 974 3
43 987 4
43 1025 4
43 1036 7
43 1045 7
43 1191 4
43 1364 7
44 7 10
44 8 6
44 43 3
44 53 9
44 81 4
44 92 3
44 101 7
44 102 5
44 106 4
44 110 2
44 213 7
44 230 5
44 248 6
44 259 6
44 260 4
44 292 6
44 308 6
44 360 4
44 370 5
44 430 6
44 438 3
44 523 8
44 573 3
44 574 4
44 596 6
44 624 4
44 692 5
44 739 5
44 745 3
44 763 4
44 771 8
44 775 7
44 779 1
44 791 3
44 856 7
44 858 5
44 877 1
44 950 6
44 1015 5
44 1018 5
44 1058 4
44 1122 5
44 1142 4
44 1154 3
44 1184 7
44 1257 3
44 1296 4
44 1313 7
44 1352 7
44 1383 6
44 1413 5
44 1414 4
45 45 7
45 66 2
45 521 8
45 898 7
45 1024 5
45 1035 3
45 1317 3
45 1413 5
45 1426 5
46 9 5
46 69 6
46 70 3
46 127 1
46 157 1
46 160 3
46 164 3
46 181 6
46 285 2
46 291 3
46 304 4
46 310 1
46 453 2
46 506 7
46 563 3
46 570 5
46 602 4
46 719 2
46 723 4
46 745 3
46 785 8
46 799 4
46 811 1
46 815 8
46 1017 7
46 1025 6
46 1181 4
46 1223 4
46 1233 5
46 1247 5
46 1252 3
46 1258 7
46 1333 4
46 1334 4
46 1356 6
46 1435 7
47 6 5
47 89 5
47 109 5
47 142 7
47 181 8
47 187 4
47 233 7
47 251 5
47 258 5
47 263 4
47 283 5
47 285 4
47 292 5
47 319 6
47 392 9
47 432 5
47 441 5
47 483 7
47 642 5
47 652 9
47 681 2
47 748 2
47 753 3
47 784 4
47 792 10
47 818 7
47 839 10
47 845 6
47 1131 7
47 1149 6
47 1163 3
47 1180 6
47 1182 4
47 1238 3
47 1266 8
47 1327 8
47 1406 5
48 11 6
48 28 7
48 62 4
48 78 7
48 79 6
48 166 3
48 494 4
48 504 3
48 626 7
48 645 6
48 671 1
48 705 2
48 722 7
48 755 6
48 785 8
48 802 5
48 833 8
48 862 5
48 876 3
48 895 5
48 912 4
48 925 8
48 958 7
48 959 7
48 998 3
48 1044 7
48 1064 4
48 1220 5
48 1237 9
48 1260 5
48 1300 5
48 1331 3
48 1334 3
48 1388 5
48 1392 6
48 1400 3
48 1426 5
49 68 6
49 74 5
49 81 4
49 122 6
49 124 5
49 137 6
49 148 4
49 149 6
49 158 3
49 177 4
49 183 6
49 191 4
49 193 6
49 223 3
49 275 5
49 326 5
49 329 7
49 420 5
49 443 5
49 470 5
49 498 8
49 615 7
49 627 3
49 672 5
49 691 3
49 694 5
49 696 8
49 699 1
49 713 7
49 723 4
49 724 5
49 727 5
49 730 7
49 736 3
49 741 2
49 748 1
49 761 2
49 810 5
49 818 7
49 819 8
49 940 8
49 974 4
49 1010 3
49 1071 6
49 1100 4
49 1128 5
49 1147 3
49 1279 9
49 1321 3
49 1326 7
49 1343 5
49 1363 10
49 1366 9
49 1370 3
49 1410 0
49 1416 8
49 1418 6
50 3 3
50 554 7
50 612 4
50 801 4
50 908 2
50 1084 6
50 1427 6
50 1433 6
51 406 6
51 471 2
51 688 4
51 1087 6
51 1203 9
52 18 9
52 29 7
52 90 9
52 116 5
52 224 8
52 226 8
52 273 6
52 295 3
52 307 0
52 343 7
52 372 3
52 471 1
52 475 6
52 477 7
52 493 4
52 583 4
52 646 5
52 748 1
52 754 2
52 756 7
52 775 5
52 803 5
52 807 6
52 827 1
52 881 2
52 908 3
52 916 10
52 940 10
52 972 5
52 1008 8
52 1015 4
52 1057 5
52 1068 3
52 1111 6
52 1115 3
52 1126 1
52 1214 6
52 1322 4
52 1325 2
52 1362 4
52 1385 4
52 1420 7
52 1425 5
53 68 6
53 81 5
53 238 4
53 270 6
53 277 2
53 380 5
53 397 3
53 500 7
53 547 2
53 565 5
53 665 1
53 816 6
53 838 1
53 847 7
53 983 6
53 1202 5
53 1240 5
53 1335 6
53 1382 4
54 31 6
54 39 1
54 60 5
54 87 8
54 100 10
54 163 5
54 173 4
54 195 4
54 262 8
54 279 8
54 323 2
54 388 5
54 409 3
54 453 3
54 459 6
54 465 1
54 472 8
54 482 8
54 504 4
54 510 7
54 511 4
54 532 2
54 661 10
54 687 6
54 719 2
54 760 6
54 791 2
54 810 4
54 825 2
54 947 8
54 965 7
54 1001 3
54 1063 3
54 1083 6
54 1102 6
54 1116 7
54 1152 7
54 1161 5
54 1298 2
54 1299 4
54 1301 4
54 1344 5
54 1345 5
54 1389 6
54 1402 4
55 50 8
55 68 4
55 86 7
55 91 3
55 92 4
55 139 4
55 140 5
55 190 6
55 197 8
55 205 8
55 265 8
55 276 4
55 312 5
55 317 9
55 363 6
55 370 4
55 412 1
55 424 1
55 429 1
55 430 6
55 457 2
55 461 10
55 470 3
55 485 8
55 513 7
55 516 1
55 542 8
55 593 3
55 610 6
55 634 6
55 652 7
55 662 7
55 668 5
55 676 4
55 682 1
55 711 4
55 726 1
55 741 3
55 758 6
55 776 6
55 799 3
55 861 3
55 865 7
55 871 1
55 916 10
55 934 10
55 946 7
55 968 9
55 1019 4
55 1059 4
55 1066 4
55 1097 4
55 1138 6
55 1143 2
55 1167 8
55 1176 6
55 1182 4
55 1205 7
55 1215 8
55 1224 6
55 1238 2
55 1244 2
55 1264 3
55 1281 6
55 1289 8
55 1297 7
55 1304 8
55 1307 9
55 1385 2
56 68 6
56 82 7
56 142 8
56 163 3
56 196 2
56 209 3
56 247 4
56 264 1
56 291 3
56 301 5
56 328 2
56 333 4
56 366 2
56 411 6
56 449 5
56 474 7
56 477 8
56 520 4
56 552 4
56 583 4
56 584 6
56 624 4
56 685 2
56 703 4
56 733 4
56 784 3
56 816 8
56 881 1
56 890 2
56 920 8
56 929 6
56 961 9
56 977 6
56 984 5
56 1051 5
56 1068 4
56 1070 5
56 1104 6
56 1122 5
56 1151 5
56 1180 5
56 1210 5
56 1215 8
56 1221 2
56 1289 7
56 1383 8
56 1390 6
56 1401 4
56 1402 5
56 1404 5
56 1430 5
57 29 6
57 38 8
57 53 9
57 67 1
57 75 5
57 99 8
57 110 3
57 136 8
57 176 2
57 191 5
57 199 3
57 242 4
57 253 8
57 256 5
57 284 1
57 312 5
57 315 6
57 327 7
57 343 6
57 360 3
57 370 5
57 376 0
57 409 3
57 418 4
57 428 5
57 430 7
57 461 10
57 472 8
57 475 6
57 476 7
57 489 9
57 507 4
57 533 4
57 542 8
57 561 4
57 588 0
57 594 4
57 595 5
57 619 6
57 623 1
57 627 4
57 633 5
57 721 10
57 732 4
57 756 7
57 798 4
57 819 7
57 826 5
57 830 7
57 832 5
57 833 8
57 858 5
57 862 6
57 924 3
57 950 7
57 978 0
57 986 6
57 989 3
57 995 8
57 1028 1
57 1077 4
57 1103 5
57 1110 2
57 1156 5
57 1176 5
57 1190 9
57 1254 4
57 1378 7
57 1383 8
57 1391 4
57 1417 5
58 90 9
58 145 3
58 146 3
58 185 5
58 200 6
58 211 2
58 212 8
58 231 4
58 260 6
58 273 4
58 280 6
58 309 6
58 325 2
58 331 5
58 345 7
58 411 6
58 416 8
58 441 5
58 450 6
58 461 10
58 463 4
58 505 4
58 508 7
58 547 3
58 569 4
58 578 5
58 660 7
58 680 1
58 709 5
58 786 1
58 893 3
58 899 6
58 901 6
58 918 4
58 950 7
58 956 4
58 975 7
58 977 6
58 990 4
58 1026 3
58 1032 3
58 1041 2
58 1048 6
58 1080 5
58 1111 5
58 1113 5
58 1215 9
58 1268 0
58 1294 6
58 1338 2
59 15 6
59 24 10
59 138 5
59 163 3
59 195 3
59 216 5
59 231 3
59 242 6
59 255 8
59 268 1
59 298 8
59 319 6
59 356 4
59 387 7
59 396 5
59 419 8
59 426 4
59 434 6
59 485 7
59 497 7
59 510 8
59 512 6
59 523 8
59 525 4
59 534 6
59 553 5
59 557 8
59 574 3
59 605 5
59 629 4
59 650 2
59 667 10
59 674 5
59 693 7
59 709 6
59 726 3
59 730 7
59 756 7
59 781 2
59 789 4
59 807 8
59 819 6
59 820 4
59 882 4
59 886 4
59 902 1
59 959 5
59 1014 6
59 1025 5
59 1055 5
59 1067 7
59 1082 8
59 1096 1
59 1114 7
59 1126 0
59 1141 3
59 1193 6
59 1247 3
59 1270 4
59 1288 4
59 1317 3
59 1322 4
59 1334 5
59 1374 2
59 1397 7
59 1403 5
59 1407 4
59 1412 6
59 1413 4
59 1416 9
59 1418 5
60 39 2
60 83 4
60 105 4
60 119 8
60 130 9
60 132 2
60 165 0
60 170 5
60 175 1
60 176 1
60 201 5
60 250 4
60 263 5
60 280 5
60 337 3
60 345 7
60 369 8
60 384 5
60 386 2
60 401 6
60 405 6
60 414 9
60 518 4
60 561 3
60 589 2
60 599 0
60 602 4
60 607 8
60 639 6
60 645 6
60 655 7
60 689 7
60 698 3
60 750 2
60 784 5
60 885 5
60 906 4
60 958 7
60 1039 7
60 1078 7
60 1093 2
60 1109 5
60 1115 4
60 1141 2
60 1183 10
60 1201 4
60 1232 3
60 1239 5
60 1256 6
60 1326 7
60 1328 2
60 1331 2
60 1347 10
60 1374 1
60 1393 4
61 52 7
61 80 7
61 83 5
61 86 6
61 124 5
61 135 6
61 144 8
61 145 2
61 150 4
61 278 5
61 420 4
61 431 1
61 434 6
61 441 5
61 442 8
61 446 4
61 452 6
61 487 3
61 588 0
61 611 4
61 724 6
61 740 5
61 798 4
61 799 2
61 809 4
61 828 2
61 886 5
61 938 0
61 953 5
61 993 6
61 998 2
61 1009 5
61 1041 3
61 1064 4
61 1082 6
61 1096 0
61 1108 5
61 1113 7
61 1117 8
61 1132 4
61 1140 9
61 1158 6
61 1183 8
61 1201 3
61 1216 3
61 1230 6
61 1252 4
61 1291 5
61 1300 5
61 1314 6
61 1340 2
61 1357 7
61 1361 5
61 1388 4
61 1415 8
61 1430 4
62 236 3
62 258 6
62 281 4
62 429 1
62 814 7
62 969 5
62 1082 8
62 1155 0
62 1220 3
62 1318 2
62 1368 8
62 1396 4
62 1423 5
63 13 6
63 16 5
63 17 3
63 36 8
63 41 4
63 48 7
63 55 7
63 92 3
63 140 5
63 211 3
63 216 6
63 222 6
63 288 4
63 304 4
63 309 6
63 327 8
63 404 4
63 487 5
63 528 9
63 578 6
63 585 4
63 611 3
63 612 6
63 628 3
63 634 6
63 649 4
63 674 6
63 715 7
63 726 3
63 744 2
63 934 10
63 948 6
63 959 6
63 967 5
63 977 5
63 982 5
63 999 4
63 1053 7
63 1061 9
63 1076 4
63 1187 8
63 1216 5
63 1260 3
63 1277 3
63 1320 5
63 1323 6
63 1346 8
63 1429 4
64 6 5
64 17 2
64 45 5
64 61 5
64 73 5
64 82 7
64 108 3
64 123 5
64 257 3
64 290 7
64 317 7
64 423 8
64 480 7
64 497 9
64 510 6
64 516 0
64 523 6
64 549 4
64 638 3
64 734 4
64 826 4
64 968 9
64 1031 4
64 1042 5
64 1046 9
64 1049 7
64 1128 4
64 1187 8
64 1246 0
64 1249 2
64 1255 1
64 1265 6
64 1269 7
64 1273 5
64 1279 10
64 1285 6
64 1406 4
65 42 1
65 81 6
65 90 8
65 116 6
65 166 4
65 238 3
65 255 6
65 332 4
65 336 6
65 347 6
65 388 5
65 488 6
65 594 6
65 610 7
65 615 8
65 643 4
65 663 3
65 686 4
65 723 3
65 787 6
65 819 7
65 864 4
65 900 4
65 925 7
65 938 1
65 995 7
65 1034 4
65 1111 5
65 1255 2
65 1257 3
65 1258 7
65 1314 4
65 1321 5
65 1347 8
65 1357 5
65 1358 1
65 1404 5
66 17 1
66 137 5
66 220 5
66 274 9
66 355 2
66 363 7
66 399 7
66 629 4
66 748 1
66 762 3
66 771 8
66 884 5
66 892 3
66 908 4
66 910 7
66 927 6
66 966 5
66 1051 5
66 1091 4
66 1101 6
66 1158 8
66 1189 1
66 1274 4
66 1279 9
66 1281 8
66 1282 8
66 1323 8
66 1383 7
67 16 5
67 52 7
67 115 8
67 187 5
67 192 4
67 217 3
67 223 3
67 234 7
67 241 4
67 242 5
67 302 3
67 319 4
67 344 4
67 350 9
67 365 8
67 379 8
67 382 7
67 402 2
67 475 6
67 490 3
67 535 4
67 564 7
67 606 6
67 614 2
67 696 6
67 717 6
67 735 7
67 759 5
67 774 6
67 779 2
67 856 8
67 889 7
67 958 7
67 972 6
67 1027 3
67 1074 4
67 1086 9
67 1089 3
67 1148 7
67 1175 6
67 1206 4
67 1209 5
67 1214 6
67 1261 5
67 1307 10
67 1354 3
67 1355 5
67 1368 6
68 41 3
68 105 3
68 262 8
68 283 5
68 284 2
68 323 3
68 344 3
68 478 5
68 575 7
68 612 5
68 662 6
68 720 6
68 821 5
68 826 4
68 907 6
68 1038 7
68 1043 3
68 1323 7
68 1395 5
68 1433 8
69 5 3
69 15 4
69 17 2
69 21 7
69 47 6
69 59 4
69 121 8
69 132 3
69 137 6
69 150 5
69 183 7
69 187 3
69 193 7
69 211 2
69 215 6
69 268 2
69 289 4
69 371 5
69 405 5
69 434 6
69 441 4
69 499 3
69 515 3
69 520 5
69 529 8
69 551 7
69 564 6
69 566 5
69 572 7
69 602 4
69 604 3
69 639 5
69 674 6
69 681 3
69 690 5
69 749 2
69 789 5
69 800 9
69 855 4
69 887 5
69 889 5
69 903 5
69 906 4
69 916 9
69 917 5
69 923 4
69 929 6
69 937 5
69 1007 7
69 1017 6
69 1049 7
69 1075 3
69 1092 4
69 1134 9
69 1145 3
69 1154 4
69 1169 7
69 1174 7
69 1190 8
69 1194 3
69 1207 5
69 1219 6
69 1225 8
69 1256 6
69 1264 4
69 1289 6
69 1308 5
69 1383 7
69 1405 3
69 1415 7
69 1439 0
70 256 4
70 264 2
70 292 5
70 511 5
70 772 6
70 930 5
70 1069 5
70 1098 3
70 1110 0
70 1111 4
70 1118 8
70 1205 5
70 1379 6
71 72 1
71 79 5
71 81 5
71 98 7
71 132 2
71 152 8
71 172 4
71 187 4
71 206 1
71 208 6
71 219 4
71 220 6
71 253 7
71 256 3
71 258 6
71 261 6
71 316 7
71 320 6
71 359 4
71 372 4
71 393 5
71 415 4
71 426 5
71 468 4
71 476 5
71 527 6
71 528 9
71 531 4
71 548 4
71 551 9
71 555 6
71 631 5
71 670 6
71 695 5
71 767 6
71 776 6
71 801 3
71 811 2
71 835 4
71 893 4
71 906 6
71 929 8
71 942 2
71 968 8
71 969 4
71 992 4
71 1026 3
71 1039 7
71 1083 7
71 1086 9
71 1098 4
71 1119 4
71 1190 7
71 1200 4
71 1207 4
71 1212 7
71 1248 9
71 1269 7
71 1294 6
71 1309 1
71 1313 8
71 1326 5
71 1361 5
71 1370 5
71 1373 6
71 1416 8
72 54 9
72 147 3
72 151 4
72 164 2
72 165 0
72 177 2
72 220 5
72 313 5
72 398 6
72 545 7
72 643 4
72 674 6
72 809 3
72 826 5
72 856 8
72 869 6
72 888 2
72 919 6
72 921 5
72 941 9
72 947 9
72 1004 4
72 1039 8
72 1121 2
72 1136 3
72 1141 2
72 1153 5
72 1184 6
72 1197 2
72 1221 2
72 1232 5
72 1246 1
72 1286 6
72 1373 5
72 1388 4
72 1437 6
73 167 1
73 392 9
73 433 7
73 435 4
73 456 5
73 546 8
73 636 1
73 642 5
73 990 5
73 1201 3
73 1303 1
74 12 8
74 48 7
74 92 4
74 97 7
74 101 8
74 129 5
74 146 2
74 260 4
74 291 2
74 303 6
74 322 6
74 325 0
74 366 0
74 387 9
74 417 5
74 427 6
74 552 5
74 562 5
74 594 6
74 595 3
74 621 7
74 670 7
74 694 3
74 707 0
74 759 3
74 766 8
74 782 7
74 811 1
74 830 5
74 874 6
74 892 3
74 966 4
74 1032 4
74 1053 8
74 1071 6
74 1079 5
74 1092 4
74 1149 5
74 1164 4
74 1178 2
74 1188 4
74 1235 3
74 1246 0
74 1285 6
74 1307 8
74 1404 7
74 1427 6
75 17 3
75 23 8
75 33 5
75 93 7
75 95 7
75 107 8
75 165 1
75 166 3
75 199 3
75 231 3
75 243 5
75 250 3
75 269 5
75 287 3
75 363 6
75 383 3
75 425 2
75 476 5
75 537 4
75 559 8
75 569 3
75 593 4
75 742 5
75 784 4
75 796 4
75 804 4
75 876 4
75 940 9
75 941 9
75 1019 4
75 1083 7
75 1137 3
75 1198 4
75 1209 7
75 1234 5
75 1321 5
75 1329 3
75 1362 5
75 1405 1
75 1411 3
75 1415 7
76 77 4
76 179 4
76 455 6
76 655 7
76 861 1
76 1284 5
77 14 3
77 358 7
77 501 8
77 647 4
77 841 7
77 1105 6
77 1153 3
77 1253 4
78 4 3
78 7 10
78 63 2
78 72 1
78 88 6
78 100 10
78 131 5
78 138 5
78 183 7
78 185 5
78 210 6
78 214 4
78 296 6
78 332 4
78 334 5
78 348 3
78 405 6
78 540 5
78 567 8
78 611 4
78 633 7
78 712 5
78 730 7
78 813 10
78 937 5
78 987 3
78 1000 4
78 1022 5
78 1028 0
78 1074 3
78 1115 3
78 1142 4
78 1215 9
78 1222 6
78 1223 4
78 1241 2
78 1247 3
78 1258 7
78 1266 8
78 1278 5
78 1304 6
78 1318 2
78 1324 7
78 1325 2
78 1339 6
78 1346 7
78 1350 4
78 1397 6
79 57 4
79 228 3
79 517 6
79 588 0
79 639 5
79 651 5
79 907 6
79 972 5
79 1007 7
79 1020 5
79 1129 4
79 1159 2
79 1333 3
79 1426 4
79 1436 5
