Seed: 1885919844
Researcher: 140
Papers: 2520
Edges: 9179
RDensity: None
minScore: 0
maxScore: 10
maxResearcherForPaper: None
maxPaperForResearcher: None
ToAssign: 350
0 7 2
0 12 8
0 19 2
0 35 5
0 41 6
0 86 5
0 122 9
0 132 4
0 136 4
0 146 6
0 154 5
0 158 7
0 168 4
0 187 5
0 223 9
0 233 6
0 283 6
0 318 3
0 321 5
0 346 7
0 433 4
0 436 4
0 447 6
0 471 4
0 480 6
0 488 7
0 504 3
0 538 9
0 579 5
0 587 5
0 598 9
0 681 7
0 701 9
0 714 10
0 718 7
0 755 4
0 760 5
0 787 5
0 793 2
0 830 2
0 875 6
0 882 2
0 933 6
0 1043 7
0 1111 6
0 1140 5
0 1154 7
0 1162 10
0 1183 8
0 1206 4
0 1219 3
0 1314 0
0 1347 4
0 1348 6
0 1352 3
0 1383 5
0 1400 5
0 1401 6
0 1422 8
0 1423 8
0 1430 4
0 1485 6
0 1509 7
0 1529 7
0 1557 4
0 1566 5
0 1570 2
0 1586 2
0 1600 5
0 1611 4
0 1616 3
0 1628 2
0 1659 8
0 1668 8
0 1685 2
0 1740 1
0 1768 5
0 1821 3
0 1835 3
0 1857 5
0 1897 4
0 1900 7
0 1972 9
0 1990 6
0 1995 4
0 2025 3
0 2055 8
0 2084 6
0 2098 3
0 2104 7
0 2161 4
0 2169 5
0 2188 3
0 2190 7
0 2216 1
0 2220 2
0 2222 5
0 2253 7
0 2260 6
0 2280 10
0 2281 6
0 2288 10
0 2313 0
0 2328 5
0 2339 6
0 2359 2
0 2363 6
0 2366 6
0 2408 6
0 2429 5
0 2435 4
0 2460 2
0 2461 5
0 2466 8
0 2484 8
0 2509 6
0 2518 6
1 1 3
1 78 4
1 92 3
1 103 6
1 105 8
1 112 6
1 157 6
1 189 4
1 246 5
1 259 4
1 263 7
1 305 4
1 309 4
1 364 3
1 384 6
1 397 8
1 401 3
1 429 3
1 436 6
1 451 9
1 522 5
1 671 9
1 705 8
1 707 7
1 709 8
1 713 6
1 766 8
1 777 8
1 792 7
1 835 4
1 849 4
1 864 2
1 868 3
1 880 4
1 918 6
1 972 9
1 975 8
1 1004 3
1 1027 2
1 1135 7
1 1140 5
1 1145 3
1 1186 6
1 1205 5
1 1209 4
1 1255 6
1 1258 6
1 1270 3
1 1333 9
1 1343 10
1 1364 6
1 1409 10
1 1411 6
1 1424 4
1 1428 6
1 1450 5
1 1458 4
1 1460 10
1 1470 8
1 1533 2
1 1621 5
1 1647 3
1 1686 5
1 1695 1
1 1708 6
1 1719 9
1 1747 5
1 1789 5
1 1804 4
1 1811 3
1 1844 4
1 1845 3
1 1906 7
1 1922 4
1 1952 5
1 1973 6
1 1978 4
1 1989 5
1 2014 4
1 2042 9
1 2076 3
1 2091 4
1 2181 6
1 2186 6
1 2205 7
1 2247 5
1 2266 7
1 2277 3
1 2299 7
1 2355 8
1 2356 2
1 2399 3
1 2416 2
1 2445 1
1 2446 7
1 2459 3
1 2463 6
1 2481 10
1 2510 5
2 108 0
2 112 5
2 176 4
2 230 1
2 237 10
2 238 3
2 239 10
2 254 5
2 311 8
2 320 5
2 339 7
2 443 3
2 473 6
2 481 5
2 522 6
2 545 4
2 562 6
2 588 7
2 646 4
2 820 5
2 854 4
2 881 4
2 894 6
2 949 6
2 1044 7
2 1085 8
2 1095 2
2 1127 1
2 1164 6
2 1182 4
2 1183 8
2 1214 5
2 1243 7
2 1249 3
2 1254 5
2 1277 8
2 1319 4
2 1353 6
2 1354 5
2 1358 7
2 1359 2
2 1367 5
2 1404 4
2 1482 2
2 1494 7
2 1502 9
2 1518 2
2 1553 9
2 1566 4
2 1602 7
2 1607 4
2 1675 7
2 1717 4
2 1753 2
2 1814 2
2 1842 3
2 1847 0
2 1909 6
2 1997 6
2 2011 4
2 2038 6
2 2047 3
2 2058 7
2 2059 6
2 2062 3
2 2064 6
2 2122 4
2 2124 6
2 2128 7
2 2144 4
2 2187 5
2 2230 6
2 2241 3
2 2328 4
2 2338 8
2 2348 10
2 2363 7
2 2463 6
3 4 8
3 34 2
3 40 5
3 49 4
3 60 2
3 131 7
3 184 5
3 195 7
3 200 6
3 297 7
3 300 1
3 316 4
3 364 1
3 450 2
3 455 3
3 538 7
3 540 2
3 565 8
3 568 2
3 598 9
3 601 5
3 641 6
3 666 7
3 670 7
3 696 9
3 748 5
3 762 1
3 771 2
3 900 6
3 971 7
3 996 4
3 1024 6
3 1031 5
3 1037 4
3 1050 4
3 1063 1
3 1073 2
3 1076 6
3 1082 3
3 1086 5
3 1096 10
3 1103 3
3 1142 6
3 1223 7
3 1285 4
3 1370 5
3 1405 1
3 1413 3
3 1427 5
3 1430 3
3 1479 0
3 1595 4
3 1603 7
3 1634 3
3 1661 7
3 1667 7
3 1681 5
3 1704 6
3 1713 8
3 1781 7
3 1796 6
3 1800 7
3 1834 2
3 1843 3
3 1940 7
3 1959 6
3 1984 6
3 1994 1
3 2019 4
3 2037 7
3 2048 7
3 2077 5
3 2080 4
3 2087 6
3 2105 6
3 2115 6
3 2117 4
3 2145 2
3 2158 4
3 2173 10
3 2188 1
3 2205 6
3 2222 5
3 2228 9
3 2234 5
3 2241 3
3 2258 9
3 2267 4
3 2279 8
3 2286 7
3 2287 4
3 2292 3
3 2316 2
3 2334 4
3 2342 3
3 2402 4
3 2448 3
3 2474 2
4 11 3
4 32 6
4 58 2
4 68 4
4 74 3
4 144 5
4 174 2
4 329 4
4 331 7
4 352 8
4 401 4
4 441 2
4 447 5
4 510 6
4 525 6
4 530 5
4 535 7
4 537 1
4 549 2
4 553 7
4 570 5
4 621 7
4 643 1
4 657 5
4 691 9
4 693 5
4 872 6
4 883 4
4 931 3
4 991 0
4 993 7
4 1005 7
4 1019 6
4 1080 10
4 1088 4
4 1090 4
4 1106 5
4 1118 6
4 1144 6
4 1218 4
4 1222 5
4 1239 4
4 1284 2
4 1334 1
4 1361 0
4 1412 6
4 1587 6
4 1705 8
4 1769 1
4 1773 8
4 1809 6
4 1821 3
4 1825 5
4 1863 3
4 1934 8
4 2062 5
4 2069 6
4 2088 6
4 2107 9
4 2129 7
4 2186 5
4 2197 6
4 2224 7
4 2353 8
4 2364 6
4 2371 4
4 2390 1
4 2418 6
4 2452 8
4 2457 3
4 2467 3
4 2509 6
5 62 4
5 149 2
5 300 3
5 490 3
5 663 7
5 800 8
5 992 0
5 1128 5
5 1344 8
5 1402 2
5 1559 7
5 1596 8
5 1609 7
5 1670 9
5 1714 9
5 2111 8
5 2177 4
5 2239 7
6 17 4
6 44 7
6 49 3
6 61 4
6 83 3
6 104 8
6 171 5
6 199 5
6 213 7
6 236 6
6 250 0
6 256 7
6 265 6
6 286 8
6 302 5
6 324 6
6 373 8
6 379 9
6 385 6
6 390 0
6 396 6
6 399 4
6 475 3
6 483 9
6 495 7
6 521 6
6 547 4
6 580 5
6 595 3
6 607 2
6 674 4
6 720 7
6 728 4
6 769 5
6 773 6
6 796 4
6 811 3
6 849 6
6 905 5
6 917 2
6 919 9
6 937 6
6 941 7
6 943 9
6 945 6
6 959 6
6 961 2
6 965 2
6 968 2
6 976 2
6 996 6
6 1021 6
6 1043 7
6 1060 6
6 1188 3
6 1212 5
6 1218 3
6 1235 6
6 1263 8
6 1282 4
6 1295 6
6 1302 6
6 1312 5
6 1342 6
6 1351 6
6 1365 3
6 1388 2
6 1416 5
6 1428 4
6 1441 6
6 1466 6
6 1490 5
6 1519 5
6 1591 6
6 1609 6
6 1634 2
6 1707 5
6 1711 8
6 1720 5
6 1770 7
6 1776 6
6 1800 8
6 1811 3
6 1829 7
6 1852 6
6 1861 6
6 1865 4
6 1870 5
6 1888 4
6 1940 5
6 1957 8
6 1972 9
6 2013 4
6 2063 5
6 2066 8
6 2073 8
6 2092 7
6 2097 8
6 2175 3
6 2206 7
6 2254 6
6 2288 10
6 2321 5
6 2334 5
6 2344 3
6 2357 2
6 2381 4
6 2430 9
6 2431 4
7 65 3
7 93 7
7 279 9
7 423 6
7 440 5
7 449 6
7 508 4
7 513 3
7 517 8
7 756 4
7 760 5
7 839 8
7 861 6
7 904 6
7 1024 5
7 1215 8
7 1304 8
7 1305 2
7 1351 5
7 1409 10
7 1670 9
7 1737 4
7 1855 4
7 1940 6
7 2000 4
7 2024 6
7 2043 7
7 2087 6
7 2133 3
7 2213 3
7 2246 5
7 2288 10
7 2325 5
7 2338 8
7 2345 4
7 2458 6
7 2505 5
7 2506 3
7 2512 9
8 743 3
8 791 2
8 876 7
8 1256 7
8 1318 3
8 2198 5
8 2434 2
9 90 3
9 95 5
9 232 3
9 467 5
9 480 6
9 482 9
9 585 5
9 590 4
9 691 10
9 837 4
9 897 3
9 941 7
9 954 5
9 1065 8
9 1084 6
9 1102 4
9 1127 2
9 1306 6
9 1414 8
9 1600 6
9 1747 5
9 1752 9
9 1801 7
9 1804 6
9 1839 3
9 1912 7
9 1940 6
9 1984 6
9 2114 2
9 2165 6
9 2181 4
9 2182 10
9 2232 5
9 2276 4
9 2280 8
9 2321 6
9 2327 0
9 2446 7
10 13 5
10 51 9
10 71 3
10 131 6
10 172 4
10 185 3
10 194 6
10 204 4
10 256 9
10 434 3
10 438 4
10 521 7
10 522 6
10 566 5
10 614 3
10 628 3
10 727 5
10 746 3
10 761 5
10 764 4
10 769 5
10 809 6
10 851 3
10 898 10
10 968 3
10 1024 6
10 1049 6
10 1052 5
10 1079 9
10 1120 5
10 1136 1
10 1138 3
10 1179 8
10 1190 6
10 1202 4
10 1206 3
10 1223 7
10 1253 9
10 1273 8
10 1294 6
10 1349 6
10 1435 6
10 1444 2
10 1473 4
10 1508 0
10 1511 7
10 1515 4
10 1533 3
10 1604 3
10 1612 5
10 1618 3
10 1625 6
10 1644 7
10 1647 4
10 1672 5
10 1731 7
10 1815 8
10 1833 4
10 1896 7
10 1914 4
10 1934 7
10 1951 2
10 1956 7
10 1968 4
10 1976 5
10 2020 5
10 2042 9
10 2066 7
10 2093 8
10 2117 3
10 2127 4
10 2143 7
10 2151 5
10 2207 1
10 2216 1
10 2242 2
10 2245 8
10 2251 5
10 2286 6
10 2328 4
10 2390 3
10 2418 7
11 7 3
11 66 7
11 84 2
11 138 2
11 159 4
11 170 6
11 176 6
11 231 8
11 384 5
11 442 6
11 489 4
11 538 7
11 578 5
11 745 5
11 748 4
11 763 5
11 840 4
11 872 6
11 969 10
11 998 2
11 1027 0
11 1238 4
11 1280 4
11 1304 8
11 1336 9
11 1437 6
11 1509 5
11 1532 4
11 1632 7
11 1651 5
11 1686 4
11 1691 6
11 1736 3
11 1751 7
11 1825 6
11 1863 4
11 1879 6
11 1881 6
11 1888 5
11 1907 6
11 1957 6
11 1990 5
11 2018 4
11 2116 4
11 2137 8
11 2158 3
11 2229 2
11 2263 6
11 2342 5
11 2347 9
11 2423 7
11 2424 8
11 2463 7
11 2484 7
11 2492 4
11 2493 3
12 264 8
12 384 6
12 412 0
12 598 7
12 695 8
12 832 7
12 914 2
12 977 4
12 996 6
12 1033 7
12 1230 7
12 1275 6
12 1468 2
12 1925 2
12 2019 4
12 2120 4
12 2145 2
12 2341 1
12 2395 1
13 30 7
13 31 6
13 33 5
13 37 7
13 58 2
13 88 7
13 89 3
13 99 7
13 114 5
13 183 6
13 258 9
13 283 6
13 324 7
13 392 4
13 449 7
13 487 4
13 514 6
13 535 7
13 540 2
13 565 8
13 566 5
13 569 7
13 570 4
13 600 4
13 622 5
13 629 4
13 675 6
13 703 6
13 722 6
13 907 2
13 912 10
13 923 1
13 933 6
13 972 8
13 976 3
13 1001 4
13 1093 6
13 1097 8
13 1123 6
13 1135 7
13 1174 6
13 1206 4
13 1240 3
13 1253 9
13 1367 4
13 1416 6
13 1448 4
13 1513 0
13 1534 3
13 1564 8
13 1586 2
13 1632 6
13 1643 7
13 1646 5
13 1648 5
13 1657 6
13 1675 8
13 1776 6
13 1780 4
13 1807 9
13 1936 7
13 1985 6
13 2007 1
13 2038 6
13 2051 7
13 2059 6
13 2110 2
13 2117 5
13 2195 6
13 2257 6
13 2258 9
13 2352 1
13 2355 8
13 2363 8
13 2366 5
13 2377 7
13 2410 5
13 2475 5
13 2518 5
14 31 4
14 133 7
14 136 5
14 158 7
14 185 5
14 195 6
14 226 6
14 240 6
14 260 6
14 337 4
14 339 6
14 347 3
14 348 2
14 375 4
14 442 7
14 461 9
14 464 3
14 489 3
14 492 7
14 555 7
14 595 3
14 596 3
14 610 1
14 613 3
14 644 7
14 678 4
14 712 7
14 733 5
14 740 6
14 770 5
14 826 5
14 837 4
14 863 3
14 876 8
14 967 6
14 976 3
14 983 6
14 1001 2
14 1043 6
14 1052 4
14 1065 7
14 1149 2
14 1156 4
14 1157 9
14 1187 3
14 1239 2
14 1240 3
14 1270 4
14 1274 8
14 1283 4
14 1286 9
14 1306 5
14 1307 4
14 1313 6
14 1329 6
14 1337 7
14 1361 0
14 1364 4
14 1375 4
14 1392 1
14 1393 2
14 1395 9
14 1400 6
14 1411 7
14 1537 6
14 1593 3
14 1612 6
14 1646 5
14 1655 0
14 1678 6
14 1681 7
14 1687 3
14 1689 6
14 1845 3
14 1855 5
14 1876 7
14 1912 6
14 1937 7
14 1959 4
14 1964 6
14 1975 5
14 2006 5
14 2041 6
14 2044 4
14 2076 3
14 2084 4
14 2093 7
14 2095 8
14 2097 8
14 2104 6
14 2123 2
14 2125 5
14 2129 8
14 2154 7
14 2159 6
14 2169 5
14 2205 7
14 2218 4
14 2248 4
14 2277 2
14 2301 3
14 2319 5
14 2331 6
14 2372 4
14 2388 3
14 2414 1
14 2433 7
14 2453 7
14 2497 5
15 154 4
15 231 7
15 423 6
15 457 6
15 485 5
15 529 8
15 596 2
15 643 0
15 707 7
15 717 4
15 787 7
15 795 6
15 853 8
15 1016 4
15 1088 2
15 1094 4
15 1115 4
15 1229 2
15 1292 4
15 1335 4
15 1497 7
15 1517 6
15 1626 5
15 1816 4
15 1867 3
15 1882 4
15 1993 8
15 2137 8
15 2232 5
15 2240 3
15 2242 3
15 2256 2
15 2407 2
15 2516 2
15 2518 5
16 82 4
16 94 4
16 357 6
16 394 2
16 420 6
16 506 5
16 508 6
16 537 0
16 585 5
16 618 3
16 630 2
16 655 8
16 678 6
16 734 5
16 859 2
16 948 6
16 981 4
16 998 4
16 1002 6
16 1131 8
16 1145 2
16 1209 3
16 1223 8
16 1224 7
16 1225 5
16 1245 5
16 1249 2
16 1276 5
16 1280 4
16 1292 3
16 1317 5
16 1324 6
16 1419 3
16 1512 5
16 1532 4
16 1563 4
16 1626 4
16 1643 7
16 1645 4
16 1694 4
16 1697 3
16 1698 3
16 1709 4
16 1798 5
16 1810 8
16 1819 0
16 1830 5
16 1831 7
16 1842 3
16 1880 5
16 1924 8
16 1926 7
16 1973 6
16 2003 2
16 2091 3
16 2106 8
16 2142 4
16 2268 2
16 2326 6
16 2344 2
16 2354 7
16 2357 3
16 2366 6
16 2396 5
16 2409 4
16 2429 7
16 2501 3
17 190 6
17 192 8
17 196 5
17 201 8
17 214 8
17 225 3
17 259 4
17 303 1
17 312 5
17 324 6
17 388 4
17 424 4
17 489 4
17 511 7
17 538 8
17 546 7
17 552 7
17 591 4
17 609 4
17 624 9
17 687 5
17 716 5
17 726 6
17 884 4
17 890 4
17 909 6
17 986 6
17 1003 4
17 1031 5
17 1039 6
17 1064 5
17 1117 6
17 1137 2
17 1166 5
17 1184 4
17 1185 8
17 1232 1
17 1245 5
17 1246 3
17 1315 5
17 1341 1
17 1342 7
17 1386 3
17 1406 7
17 1469 4
17 1492 3
17 1503 6
17 1515 3
17 1546 6
17 1549 5
17 1599 4
17 1624 3
17 1652 3
17 1664 8
17 1683 7
17 1721 1
17 1725 3
17 1732 6
17 1781 6
17 1813 6
17 1835 3
17 1849 7
17 1858 9
17 1860 4
17 1986 2
17 2014 4
17 2031 3
17 2110 2
17 2120 4
17 2122 3
17 2167 9
17 2181 5
17 2195 7
17 2286 8
17 2298 8
17 2314 3
17 2332 6
17 2358 5
17 2368 4
17 2370 3
17 2413 1
17 2423 6
17 2430 7
17 2456 2
17 2477 6
17 2514 3
18 14 4
18 24 7
18 84 1
18 141 10
18 189 4
18 197 8
18 293 1
18 335 5
18 338 4
18 437 4
18 443 4
18 446 6
18 451 10
18 468 2
18 475 5
18 573 4
18 578 3
18 596 3
18 616 2
18 624 8
18 659 4
18 684 6
18 713 5
18 725 5
18 733 5
18 783 4
18 788 7
18 839 7
18 854 2
18 879 4
18 903 4
18 936 3
18 945 5
18 965 2
18 966 5
18 1056 5
18 1078 1
18 1118 7
18 1165 4
18 1211 5
18 1345 8
18 1363 6
18 1392 3
18 1504 7
18 1537 6
18 1562 6
18 1617 10
18 1641 4
18 1659 10
18 1667 5
18 1721 1
18 1749 6
18 1761 5
18 1762 7
18 1793 5
18 1822 4
18 1881 5
18 1891 5
18 1913 5
18 1920 5
18 1937 5
18 1951 3
18 1956 6
18 1973 5
18 2023 2
18 2042 8
18 2065 4
18 2105 5
18 2176 2
18 2208 5
18 2229 3
18 2242 4
18 2261 2
18 2301 4
18 2305 4
18 2315 2
18 2324 5
18 2342 5
18 2353 6
18 2410 7
18 2417 2
18 2422 7
18 2425 1
18 2472 5
18 2501 3
18 2506 4
19 29 6
19 96 3
19 99 6
19 103 6
19 104 7
19 116 3
19 122 10
19 140 4
19 186 7
19 199 3
19 362 4
19 390 0
19 394 2
19 396 6
19 430 5
19 451 10
19 481 4
19 543 2
19 602 2
19 644 8
19 694 5
19 700 4
19 705 6
19 746 3
19 879 2
19 880 4
19 904 7
19 907 4
19 931 3
19 952 7
19 954 5
19 1004 3
19 1084 5
19 1121 6
19 1191 4
19 1219 2
19 1257 6
19 1294 7
19 1297 5
19 1356 2
19 1425 3
19 1434 2
19 1451 5
19 1458 5
19 1492 2
19 1513 2
19 1553 9
19 1636 7
19 1679 5
19 1709 6
19 1722 1
19 1758 10
19 1787 8
19 1829 6
19 1873 3
19 1923 8
19 1989 3
19 2039 5
19 2041 6
19 2123 4
19 2147 7
19 2183 4
19 2216 2
19 2268 2
19 2274 0
19 2275 4
19 2287 6
19 2290 5
19 2296 6
19 2307 2
19 2370 2
19 2443 1
20 82 4
20 213 6
20 345 4
20 507 5
20 612 4
20 695 6
20 1014 6
20 1075 8
20 1204 5
20 1278 7
20 1363 4
20 1380 5
20 1522 6
20 1697 3
20 1777 6
20 1889 4
21 112 5
21 154 4
21 162 3
21 294 6
21 337 6
21 475 3
21 502 4
21 942 3
21 964 7
21 1228 4
21 1240 3
21 1276 6
21 1359 2
21 1628 2
21 1668 7
21 1680 2
21 1696 3
21 1745 5
21 1917 5
21 1962 2
21 2010 7
21 2140 7
21 2209 10
21 2221 5
21 2247 3
22 12 8
22 15 7
22 163 4
22 168 4
22 266 3
22 283 7
22 310 5
22 328 8
22 347 5
22 441 3
22 453 5
22 479 8
22 531 6
22 572 4
22 594 2
22 670 6
22 672 7
22 690 6
22 729 7
22 731 5
22 803 2
22 816 8
22 819 5
22 845 4
22 903 5
22 969 10
22 1066 6
22 1071 4
22 1098 9
22 1116 6
22 1153 1
22 1173 4
22 1178 5
22 1179 7
22 1226 9
22 1303 3
22 1406 8
22 1416 6
22 1536 6
22 1597 3
22 1641 6
22 1652 3
22 1660 4
22 1839 3
22 1844 4
22 1908 3
22 1910 3
22 1959 4
22 1964 8
22 1979 4
22 2056 3
22 2083 5
22 2165 7
22 2171 3
22 2279 8
22 2292 4
22 2344 1
22 2350 2
22 2364 5
22 2367 3
22 2415 8
22 2497 6
23 7 3
23 28 8
23 145 1
23 160 10
23 162 5
23 200 5
23 235 2
23 249 1
23 259 5
23 266 4
23 278 7
23 287 4
23 309 5
23 318 2
23 319 5
23 334 2
23 355 6
23 356 7
23 363 6
23 390 0
23 418 8
23 459 5
23 507 4
23 530 7
23 542 3
23 551 5
23 578 5
23 582 6
23 637 3
23 678 5
23 687 6
23 739 4
23 766 7
23 823 7
23 861 6
23 874 4
23 887 8
23 900 7
23 919 8
23 953 3
23 983 7
23 992 0
23 1005 7
23 1011 4
23 1053 4
23 1096 9
23 1101 1
23 1115 4
23 1159 5
23 1177 5
23 1191 6
23 1375 4
23 1410 4
23 1415 2
23 1501 7
23 1528 7
23 1570 2
23 1624 4
23 1625 5
23 1673 6
23 1696 3
23 1705 6
23 1731 7
23 1783 6
23 1842 3
23 1886 10
23 2026 5
23 2036 5
23 2048 6
23 2052 5
23 2082 4
23 2133 3
23 2176 1
23 2186 6
23 2188 2
23 2254 7
23 2298 8
23 2300 3
23 2303 6
23 2312 8
23 2328 5
23 2376 5
23 2389 8
23 2450 7
23 2497 6
23 2517 6
24 97 2
24 122 9
24 130 8
24 143 3
24 265 5
24 374 6
24 428 4
24 483 10
24 496 3
24 501 7
24 564 7
24 567 3
24 621 6
24 696 10
24 785 2
24 801 1
24 802 6
24 823 7
24 834 2
24 1021 7
24 1046 6
24 1093 5
24 1104 4
24 1163 4
24 1190 4
24 1233 4
24 1243 6
24 1334 0
24 1339 5
24 1352 4
24 1380 5
24 1435 7
24 1444 2
24 1450 6
24 1497 5
24 1504 6
24 1522 4
24 1579 2
24 1608 7
24 1650 5
24 1662 4
24 1717 3
24 1774 5
24 1779 6
24 1780 4
24 1834 2
24 1955 5
24 1977 4
24 2160 8
24 2214 6
24 2220 3
24 2249 4
24 2269 7
24 2311 2
24 2409 3
24 2457 4
25 342 6
25 658 4
25 698 5
25 723 4
25 860 5
25 902 8
25 905 6
25 1202 4
25 1404 3
25 1555 10
25 1582 4
25 2273 4
25 2334 4
26 43 6
26 72 4
26 132 5
26 150 1
26 209 0
26 218 4
26 221 3
26 238 5
26 246 3
26 249 2
26 266 3
26 268 5
26 277 7
26 341 5
26 342 7
26 346 9
26 392 5
26 400 8
26 404 9
26 484 5
26 499 2
26 501 6
26 509 6
26 517 9
26 540 3
26 561 5
26 584 4
26 648 6
26 699 3
26 725 5
26 758 4
26 853 8
26 867 6
26 900 7
26 919 8
26 952 7
26 1022 3
26 1052 4
26 1073 2
26 1099 2
26 1109 4
26 1118 7
26 1144 6
26 1148 8
26 1177 7
26 1183 6
26 1191 4
26 1210 6
26 1249 2
26 1285 4
26 1308 5
26 1355 2
26 1364 6
26 1408 2
26 1424 4
26 1476 6
26 1495 2
26 1523 5
26 1526 7
26 1592 5
26 1615 6
26 1644 8
26 1646 5
26 1652 2
26 1660 3
26 1676 4
26 1696 3
26 1698 4
26 1715 4
26 1722 3
26 1723 6
26 1736 4
26 1835 2
26 1843 5
26 1865 4
26 1897 5
26 1921 8
26 1934 9
26 1948 4
26 1953 8
26 1983 4
26 2009 3
26 2036 3
26 2179 7
26 2213 2
26 2275 4
26 2289 4
26 2290 5
26 2298 7
26 2304 7
26 2313 2
26 2326 5
26 2329 5
26 2362 4
26 2383 9
26 2460 3
26 2483 6
27 332 5
27 335 5
27 362 5
27 605 7
27 1474 6
27 1556 3
27 1604 4
27 1778 7
27 1854 4
27 1994 1
27 2064 5
27 2146 7
27 2307 2
28 27 6
28 50 3
28 66 5
28 133 7
28 138 2
28 228 6
28 275 5
28 366 4
28 370 7
28 415 7
28 458 5
28 493 10
28 510 7
28 542 4
28 611 6
28 648 8
28 731 5
28 775 4
28 793 3
28 794 6
28 921 6
28 928 7
28 974 8
28 1002 6
28 1048 6
28 1173 5
28 1193 9
28 1315 5
28 1341 2
28 1391 4
28 1578 5
28 1692 6
28 1727 4
28 1807 7
28 2049 3
28 2127 5
28 2217 4
28 2258 8
28 2334 6
28 2378 5
28 2392 2
29 1132 6
29 1897 5
30 18 6
30 115 5
30 121 8
30 125 5
30 129 6
30 137 6
30 156 8
30 175 1
30 287 5
30 312 4
30 340 7
30 390 1
30 415 5
30 488 9
30 495 6
30 501 8
30 515 9
30 586 6
30 591 5
30 657 3
30 688 4
30 711 5
30 730 4
30 743 5
30 800 7
30 805 5
30 821 4
30 882 0
30 895 5
30 923 3
30 933 6
30 934 6
30 947 3
30 975 6
30 978 8
30 982 4
30 1021 6
30 1059 8
30 1090 4
30 1091 4
30 1092 6
30 1123 4
30 1149 2
30 1203 5
30 1261 4
30 1263 7
30 1264 0
30 1331 1
30 1445 6
30 1527 4
30 1553 8
30 1556 4
30 1585 6
30 1633 4
30 1641 6
30 1670 7
30 1699 8
30 1722 1
30 1750 3
30 1806 4
30 1815 7
30 1828 0
30 1831 7
30 1965 3
30 1984 4
30 2008 5
30 2019 4
30 2045 4
30 2055 7
30 2150 8
30 2164 3
30 2166 6
30 2182 9
30 2263 5
30 2288 8
30 2318 4
30 2348 8
30 2363 7
30 2386 5
30 2438 5
30 2464 4
30 2478 8
31 1 5
31 20 2
31 21 3
31 85 6
31 137 5
31 170 6
31 189 5
31 195 7
31 208 4
31 219 4
31 231 8
31 309 6
31 326 7
31 333 4
31 346 9
31 367 7
31 376 6
31 413 8
31 421 5
31 454 5
31 547 2
31 610 1
31 651 6
31 694 3
31 771 4
31 826 4
31 860 4
31 887 8
31 897 4
31 899 5
31 900 8
31 914 4
31 935 5
31 1005 5
31 1065 6
31 1117 5
31 1159 5
31 1199 7
31 1234 8
31 1246 2
31 1256 7
31 1265 6
31 1269 3
31 1273 7
31 1292 3
31 1319 5
31 1330 5
31 1355 4
31 1369 9
31 1425 5
31 1506 7
31 1530 9
31 1563 4
31 1606 6
31 1608 7
31 1684 5
31 1698 5
31 1736 3
31 1778 8
31 1785 3
31 1825 6
31 1832 9
31 1835 2
31 1846 4
31 1865 5
31 1900 5
31 1982 9
31 2017 6
31 2023 4
31 2045 5
31 2073 8
31 2121 5
31 2156 6
31 2162 7
31 2167 8
31 2203 4
31 2216 3
31 2217 3
31 2223 10
31 2228 8
31 2234 3
31 2281 7
31 2296 6
31 2297 2
31 2371 4
31 2388 3
31 2416 2
31 2472 6
31 2493 1
32 60 3
32 440 6
32 552 7
32 607 3
32 701 8
32 776 6
32 889 6
32 964 7
32 1178 7
32 1316 2
32 1403 3
32 1608 5
32 1654 1
32 1800 7
32 1814 3
32 1931 1
32 2249 5
33 8 2
33 53 3
33 81 4
33 91 3
33 184 5
33 226 6
33 241 2
33 285 1
33 300 3
33 332 4
33 340 7
33 366 4
33 377 6
33 380 6
33 394 2
33 441 4
33 448 7
33 457 6
33 493 10
33 515 10
33 518 4
33 558 5
33 571 8
33 582 5
33 631 3
33 655 7
33 685 7
33 690 6
33 706 4
33 707 7
33 724 5
33 730 5
33 818 3
33 828 6
33 846 5
33 874 4
33 895 5
33 915 4
33 920 4
33 964 7
33 971 5
33 974 7
33 1020 1
33 1032 2
33 1050 4
33 1051 5
33 1095 4
33 1110 9
33 1111 7
33 1153 1
33 1194 3
33 1199 6
33 1202 5
33 1208 6
33 1227 5
33 1246 3
33 1260 4
33 1267 6
33 1277 10
33 1280 3
33 1289 6
33 1296 4
33 1370 6
33 1378 6
33 1388 3
33 1401 6
33 1461 0
33 1490 5
33 1523 5
33 1538 5
33 1551 7
33 1574 8
33 1583 7
33 1606 6
33 1613 5
33 1627 2
33 1645 6
33 1663 5
33 1669 9
33 1706 6
33 1729 7
33 1759 6
33 1762 7
33 1766 5
33 1770 6
33 1778 7
33 1871 6
33 1887 3
33 1925 2
33 1962 1
33 1975 5
33 1988 9
33 2025 4
33 2051 7
33 2060 4
33 2080 4
33 2112 3
33 2134 7
33 2150 6
33 2151 3
33 2156 6
33 2170 4
33 2173 8
33 2250 4
33 2254 5
33 2256 4
33 2296 6
33 2329 4
33 2436 2
33 2467 5
33 2481 9
33 2488 5
33 2496 8
33 2508 7
34 46 3
34 68 5
34 100 7
34 133 8
34 136 5
34 151 7
34 157 7
34 169 3
34 175 0
34 202 4
34 203 9
34 208 3
34 233 5
34 297 7
34 372 3
34 398 3
34 416 5
34 439 5
34 524 5
34 550 6
34 551 7
34 583 7
34 593 4
34 631 3
34 657 5
34 723 3
34 731 4
34 754 7
34 798 9
34 813 5
34 824 5
34 863 5
34 872 4
34 905 5
34 906 4
34 916 4
34 927 6
34 943 9
34 983 6
34 1016 6
34 1040 5
34 1041 5
34 1049 7
34 1078 1
34 1089 8
34 1108 2
34 1128 6
34 1141 7
34 1153 1
34 1163 4
34 1200 1
34 1263 6
34 1301 5
34 1316 2
34 1338 6
34 1344 7
34 1375 5
34 1403 5
34 1415 3
34 1445 8
34 1447 3
34 1478 8
34 1558 5
34 1575 6
34 1585 6
34 1598 7
34 1619 1
34 1666 4
34 1685 1
34 1690 4
34 1691 6
34 1707 7
34 1712 3
34 1718 6
34 1743 7
34 1768 5
34 1770 6
34 1789 6
34 1806 3
34 1863 3
34 1871 6
34 1875 7
34 1895 5
34 1914 3
34 1936 9
34 1955 5
34 1956 7
34 1987 3
34 1994 1
34 1998 6
34 2053 5
34 2087 5
34 2102 4
34 2115 6
34 2166 5
34 2195 6
34 2226 4
34 2235 6
34 2248 4
34 2255 5
34 2261 1
34 2264 2
34 2306 3
34 2328 6
34 2391 5
34 2400 6
34 2412 7
34 2416 4
34 2418 6
34 2430 8
34 2431 3
34 2440 3
34 2441 4
34 2460 3
34 2477 7
34 2479 6
34 2513 3
34 2516 3
34 2517 5
35 5 7
35 32 5
35 103 4
35 164 4
35 240 5
35 262 1
35 292 4
35 305 3
35 503 9
35 520 6
35 683 5
35 708 7
35 745 5
35 799 2
35 852 4
35 881 5
35 1040 5
35 1175 5
35 1278 8
35 1293 2
35 1302 7
35 1360 2
35 1383 5
35 1455 5
35 1474 6
35 1576 5
35 1584 7
35 1591 6
35 1784 4
35 1824 4
35 1876 6
35 1993 7
35 2056 3
35 2226 6
35 2310 8
35 2333 4
35 2338 6
35 2346 3
35 2495 5
36 10 6
36 70 4
36 93 6
36 109 5
36 153 8
36 159 6
36 165 1
36 228 5
36 261 2
36 267 4
36 351 7
36 357 7
36 378 3
36 380 6
36 424 4
36 445 8
36 469 5
36 472 6
36 499 3
36 503 9
36 507 4
36 522 5
36 575 4
36 584 5
36 602 2
36 617 6
36 620 4
36 666 5
36 713 5
36 779 3
36 783 4
36 854 2
36 858 6
36 867 5
36 904 7
36 932 1
36 969 10
36 1077 4
36 1105 7
36 1125 8
36 1156 4
36 1235 6
36 1272 6
36 1279 9
36 1294 8
36 1302 5
36 1342 7
36 1478 7
36 1497 7
36 1500 5
36 1600 6
36 1652 4
36 1664 7
36 1703 3
36 1706 6
36 1708 5
36 1713 8
36 1764 8
36 1826 6
36 1843 3
36 1935 7
36 2025 4
36 2073 8
36 2074 9
36 2302 4
36 2310 7
36 2347 10
36 2350 3
36 2360 6
36 2433 6
36 2492 4
36 2494 10
36 2498 7
37 26 6
37 60 3
37 67 3
37 73 2
37 99 6
37 101 6
37 112 6
37 179 8
37 181 4
37 182 3
37 222 6
37 267 5
37 270 5
37 275 4
37 285 2
37 291 1
37 329 6
37 352 6
37 355 6
37 356 7
37 386 2
37 435 2
37 445 8
37 476 7
37 483 10
37 485 6
37 502 2
37 517 8
37 535 7
37 550 6
37 552 7
37 553 8
37 563 4
37 574 5
37 651 6
37 687 5
37 740 5
37 756 4
37 764 5
37 770 4
37 774 4
37 780 5
37 789 6
37 818 2
37 847 3
37 878 5
37 885 5
37 917 3
37 924 8
37 1011 3
37 1021 7
37 1042 3
37 1053 5
37 1088 3
37 1096 9
37 1100 5
37 1114 1
37 1142 6
37 1143 8
37 1162 10
37 1164 7
37 1189 2
37 1201 8
37 1223 9
37 1255 6
37 1274 6
37 1281 3
37 1284 3
37 1290 2
37 1291 6
37 1374 4
37 1384 5
37 1404 4
37 1412 5
37 1426 9
37 1439 2
37 1455 4
37 1476 4
37 1541 5
37 1565 1
37 1595 5
37 1600 5
37 1612 5
37 1622 2
37 1644 8
37 1666 6
37 1678 8
37 1761 5
37 1924 6
37 1968 4
37 1986 2
37 2021 2
37 2045 5
37 2052 4
37 2071 4
37 2082 4
37 2092 6
37 2101 5
37 2124 5
37 2130 4
37 2156 8
37 2190 8
37 2199 2
37 2228 9
37 2272 6
37 2305 6
37 2332 4
37 2350 4
37 2360 7
37 2387 5
37 2490 3
37 2502 3
37 2503 7
38 54 5
38 110 4
38 190 7
38 237 9
38 316 3
38 336 4
38 337 5
38 339 8
38 354 6
38 453 5
38 521 5
38 545 4
38 568 4
38 603 7
38 769 6
38 821 4
38 951 3
38 1025 6
38 1066 8
38 1093 4
38 1121 4
38 1124 6
38 1134 7
38 1196 9
38 1238 5
38 1271 8
38 1285 2
38 1434 3
38 1452 3
38 1462 2
38 1545 5
38 1598 6
38 1619 2
38 1634 2
38 1656 2
38 1764 7
38 1970 7
38 2041 5
38 2044 4
38 2059 5
38 2070 8
38 2092 7
38 2120 2
38 2153 4
38 2243 7
38 2278 5
38 2281 7
38 2290 6
38 2304 8
38 2393 0
38 2484 6
39 2 5
39 50 3
39 105 9
39 152 6
39 213 7
39 272 3
39 326 7
39 343 2
39 349 10
39 382 6
39 387 9
39 407 6
39 418 8
39 437 3
39 490 4
39 529 7
39 551 7
39 603 8
39 607 4
39 766 8
39 799 1
39 812 4
39 850 3
39 978 10
39 1054 5
39 1145 2
39 1174 6
39 1185 6
39 1200 2
39 1231 3
39 1238 4
39 1284 2
39 1422 8
39 1439 3
39 1512 4
39 1586 3
39 1703 5
39 1713 8
39 1720 3
39 1770 6
39 1834 2
39 1874 1
39 1881 6
39 1886 9
39 1910 4
39 1930 6
39 1944 5
39 1954 3
39 1965 4
39 1988 9
39 1998 7
39 1999 7
39 2125 4
39 2302 5
39 2318 4
39 2327 0
39 2359 3
39 2380 7
39 2479 4
39 2501 3
40 63 7
40 104 9
40 214 7
40 221 3
40 238 5
40 274 6
40 279 9
40 345 5
40 386 2
40 440 5
40 457 7
40 502 4
40 520 5
40 565 6
40 641 7
40 672 6
40 797 6
40 950 2
40 1023 9
40 1034 8
40 1037 6
40 1040 5
40 1121 6
40 1149 4
40 1160 7
40 1192 3
40 1324 6
40 1364 4
40 1407 2
40 1416 6
40 1447 1
40 1546 5
40 1601 7
40 1658 3
40 1692 7
40 1732 5
40 1786 4
40 1975 4
40 1987 5
40 2057 9
40 2087 7
40 2093 8
40 2138 5
40 2149 5
40 2168 6
40 2318 4
40 2328 5
40 2394 5
40 2419 4
41 164 5
41 403 9
41 475 5
41 1030 8
41 1079 9
41 1145 4
41 1382 2
41 1470 8
41 1877 5
41 1891 5
41 1895 4
41 1982 7
41 2046 4
41 2091 3
41 2141 9
41 2259 7
42 34 3
42 57 8
42 97 2
42 142 7
42 165 0
42 177 6
42 241 4
42 251 7
42 331 7
42 352 8
42 390 0
42 423 5
42 465 2
42 483 9
42 556 4
42 573 3
42 577 2
42 591 4
42 704 4
42 714 10
42 742 5
42 769 7
42 787 7
42 801 3
42 871 4
42 893 7
42 912 10
42 941 5
42 981 4
42 994 7
42 1001 2
42 1009 2
42 1034 6
42 1037 6
42 1074 4
42 1076 7
42 1085 8
42 1104 5
42 1125 7
42 1133 6
42 1135 6
42 1168 4
42 1207 5
42 1268 3
42 1271 7
42 1282 3
42 1293 2
42 1318 5
42 1328 2
42 1343 10
42 1436 5
42 1461 0
42 1476 4
42 1477 6
42 1561 5
42 1562 5
42 1645 4
42 1667 6
42 1704 7
42 1720 4
42 1721 2
42 1727 3
42 1775 1
42 1795 0
42 1799 7
42 1855 4
42 1879 7
42 1896 8
42 1958 5
42 1967 2
42 2058 7
42 2087 6
42 2107 7
42 2115 5
42 2118 7
42 2147 7
42 2152 4
42 2165 8
42 2205 8
42 2235 7
42 2295 1
42 2343 6
42 2345 3
42 2381 2
42 2385 1
42 2389 6
42 2397 5
42 2421 7
42 2472 6
42 2493 2
43 17 5
43 263 6
43 592 4
43 640 8
43 817 8
43 1138 3
43 1182 5
43 1265 6
43 1556 5
43 1622 2
43 1668 7
43 2118 6
43 2184 3
44 29 7
44 41 7
44 69 9
44 162 3
44 186 6
44 192 7
44 196 4
44 199 5
44 277 6
44 293 1
44 310 5
44 355 4
44 363 6
44 380 6
44 508 6
44 530 5
44 556 3
44 560 4
44 672 5
44 685 8
44 709 6
44 715 3
44 799 3
44 800 8
44 822 6
44 829 6
44 831 6
44 843 5
44 866 4
44 886 10
44 909 4
44 929 6
44 966 5
44 977 4
44 978 8
44 987 5
44 1061 4
44 1078 2
44 1165 5
44 1181 3
44 1186 7
44 1215 8
44 1244 4
44 1256 5
44 1263 7
44 1269 4
44 1284 4
44 1292 2
44 1334 0
44 1365 3
44 1378 7
44 1393 1
44 1398 3
44 1422 7
44 1459 5
44 1473 5
44 1487 4
44 1518 2
44 1536 6
44 1593 2
44 1649 5
44 1656 4
44 1693 6
44 1699 7
44 1755 6
44 1778 7
44 1852 4
44 1866 4
44 1955 7
44 1969 0
44 1990 6
44 2001 6
44 2006 5
44 2025 4
44 2049 3
44 2052 4
44 2064 4
44 2088 5
44 2129 7
44 2139 7
44 2204 5
44 2223 10
44 2240 4
44 2250 2
44 2263 7
44 2267 5
44 2330 8
44 2348 10
44 2398 5
44 2400 5
44 2407 4
44 2449 4
44 2451 3
45 24 7
45 87 1
45 118 8
45 165 1
45 166 6
45 171 4
45 174 3
45 219 4
45 233 6
45 270 3
45 281 6
45 395 7
45 400 10
45 411 7
45 443 4
45 518 3
45 563 4
45 602 4
45 645 4
45 706 4
45 808 3
45 904 5
45 941 6
45 959 7
45 979 0
45 987 3
45 1059 7
45 1086 4
45 1111 7
45 1128 7
45 1163 6
45 1172 8
45 1178 6
45 1191 6
45 1197 7
45 1199 7
45 1218 4
45 1275 6
45 1288 9
45 1301 7
45 1368 2
45 1382 3
45 1421 6
45 1488 5
45 1513 1
45 1514 3
45 1536 4
45 1567 3
45 1616 2
45 1666 4
45 1713 8
45 1736 4
45 1754 8
45 1789 4
45 1803 6
45 1876 5
45 1885 4
45 1917 3
45 1931 0
45 1936 8
45 1938 4
45 1953 6
45 1979 5
45 2003 2
45 2053 4
45 2084 5
45 2146 6
45 2158 4
45 2161 4
45 2194 9
45 2212 5
45 2224 7
45 2469 5
45 2499 6
45 2517 6
46 5 8
46 29 7
46 128 5
46 173 4
46 193 6
46 220 3
46 224 8
46 225 3
46 232 4
46 261 4
46 275 3
46 292 3
46 317 3
46 326 7
46 333 5
46 379 7
46 390 0
46 391 2
46 425 7
46 447 5
46 468 2
46 470 5
46 474 7
46 475 4
46 525 7
46 535 7
46 542 4
46 565 8
46 572 3
46 589 2
46 597 7
46 641 5
46 681 7
46 693 5
46 710 3
46 767 8
46 792 7
46 804 4
46 810 3
46 832 7
46 845 4
46 856 8
46 894 6
46 911 5
46 981 6
46 990 7
46 1011 4
46 1016 4
46 1048 6
46 1049 5
46 1093 5
46 1097 8
46 1099 2
46 1125 9
46 1128 6
46 1178 5
46 1245 3
46 1311 8
46 1343 10
46 1359 1
46 1365 5
46 1378 6
46 1399 3
46 1408 1
46 1416 5
46 1431 5
46 1465 9
46 1554 5
46 1581 4
46 1595 5
46 1601 5
46 1616 3
46 1624 3
46 1628 2
46 1654 0
46 1677 8
46 1694 5
46 1730 7
46 1761 7
46 1766 6
46 1773 7
46 1834 3
46 1860 5
46 1903 1
46 1942 4
46 1955 6
46 1967 2
46 1970 7
46 1972 9
46 2037 6
46 2075 5
46 2087 6
46 2112 1
46 2115 7
46 2121 5
46 2150 6
46 2191 8
46 2193 7
46 2235 5
46 2255 6
46 2279 9
46 2284 4
46 2294 6
46 2309 6
46 2341 2
46 2379 5
46 2386 5
46 2414 1
46 2415 8
46 2441 6
46 2469 5
46 2519 0
47 5 6
47 35 5
47 54 5
47 70 5
47 73 4
47 81 6
47 112 5
47 148 5
47 149 4
47 150 1
47 161 4
47 180 4
47 187 5
47 188 4
47 200 4
47 250 0
47 311 8
47 314 8
47 358 4
47 365 3
47 372 4
47 387 9
47 396 8
47 428 4
47 431 7
47 455 3
47 500 4
47 505 4
47 507 6
47 547 2
47 626 4
47 661 9
47 731 6
47 748 5
47 787 6
47 802 5
47 815 7
47 826 5
47 831 4
47 839 8
47 886 10
47 905 7
47 921 6
47 927 6
47 939 7
47 942 5
47 994 6
47 1062 6
47 1079 10
47 1105 6
47 1129 6
47 1132 6
47 1134 9
47 1140 5
47 1147 9
47 1148 7
47 1156 5
47 1166 5
47 1171 5
47 1182 5
47 1188 2
47 1232 1
47 1246 2
47 1262 5
47 1315 6
47 1323 6
47 1369 7
47 1380 4
47 1386 4
47 1401 6
47 1429 3
47 1440 6
47 1470 7
47 1472 6
47 1477 6
47 1500 5
47 1531 2
47 1532 4
47 1538 5
47 1610 4
47 1624 5
47 1656 3
47 1659 10
47 1677 7
47 1694 3
47 1704 5
47 1714 8
47 1749 6
47 1826 7
47 1858 8
47 1862 5
47 1877 4
47 1905 4
47 2018 4
47 2058 8
47 2108 3
47 2145 2
47 2247 5
47 2253 6
47 2277 2
47 2298 6
47 2299 5
47 2351 1
47 2358 4
47 2368 4
47 2408 5
47 2431 4
47 2452 7
47 2489 5
47 2498 8
47 2510 4
48 56 8
48 60 4
48 100 7
48 132 3
48 170 6
48 243 0
48 351 7
48 379 9
48 654 6
48 667 4
48 773 6
48 798 10
48 813 6
48 814 6
48 882 2
48 906 5
48 1006 6
48 1033 6
48 1050 5
48 1117 7
48 1220 5
48 1233 4
48 1287 5
48 1338 4
48 1339 5
48 1358 8
48 1435 6
48 1470 8
48 1481 1
48 1560 4
48 1666 5
48 1669 8
48 1722 3
48 1841 2
48 1904 4
48 1957 7
48 1966 3
48 1974 6
48 2204 5
48 2227 4
48 2300 4
48 2347 9
48 2358 5
48 2364 6
48 2378 6
48 2398 5
48 2480 4
49 35 4
49 115 3
49 129 6
49 156 8
49 220 4
49 224 9
49 241 4
49 256 7
49 338 6
49 345 5
49 347 4
49 388 5
49 413 9
49 431 9
49 448 9
49 506 5
49 563 6
49 587 4
49 614 5
49 616 2
49 657 3
49 667 6
49 675 7
49 678 5
49 753 5
49 810 3
49 887 6
49 894 5
49 973 5
49 986 4
49 1001 3
49 1007 6
49 1116 6
49 1160 6
49 1257 6
49 1283 3
49 1366 6
49 1372 6
49 1399 4
49 1412 5
49 1462 4
49 1496 5
49 1607 4
49 1615 6
49 1639 6
49 1648 6
49 1697 3
49 1729 7
49 1750 5
49 1777 6
49 1819 1
49 1861 7
49 1905 4
49 1908 5
49 1957 6
49 1963 7
49 1983 3
49 2077 5
49 2190 7
49 2271 10
49 2291 9
49 2295 2
49 2300 4
49 2332 6
49 2333 6
49 2352 0
49 2397 3
49 2411 1
49 2422 6
49 2451 4
50 92 4
50 152 6
50 158 7
50 279 8
50 346 8
50 411 9
50 540 4
50 803 4
50 809 7
50 833 6
50 850 4
50 990 7
50 1093 5
50 1126 4
50 1133 6
50 1231 2
50 1264 0
50 1266 6
50 1272 5
50 1290 2
50 1414 9
50 1437 4
50 1565 1
50 1625 5
50 1628 1
50 1651 4
50 1681 7
50 1735 2
50 1864 6
50 1880 4
50 1970 7
50 1980 7
50 1991 5
50 2068 4
50 2074 8
50 2123 3
50 2124 5
50 2186 5
50 2190 9
50 2193 6
50 2421 8
50 2499 7
51 77 4
51 99 5
51 129 6
51 242 5
51 272 4
51 292 3
51 347 5
51 453 6
51 496 3
51 532 7
51 535 9
51 538 9
51 539 6
51 544 3
51 574 5
51 605 6
51 611 4
51 698 5
51 705 6
51 737 0
51 758 3
51 771 4
51 780 6
51 794 4
51 818 1
51 852 5
51 858 5
51 862 7
51 944 4
51 955 6
51 1009 4
51 1027 1
51 1032 2
51 1054 4
51 1058 4
51 1103 5
51 1268 4
51 1305 4
51 1310 9
51 1341 2
51 1379 4
51 1423 9
51 1468 0
51 1478 7
51 1502 7
51 1503 6
51 1525 4
51 1551 6
51 1572 4
51 1602 7
51 1648 6
51 1675 7
51 1681 5
51 1682 6
51 1710 5
51 1711 8
51 1720 5
51 1725 4
51 1823 6
51 1830 6
51 1837 7
51 1867 4
51 1874 1
51 1907 4
51 1912 6
51 1945 6
51 2056 3
51 2058 6
51 2104 8
51 2156 8
51 2185 3
51 2214 7
51 2222 6
51 2226 4
51 2245 9
51 2263 7
51 2264 2
51 2288 9
51 2325 4
51 2329 3
51 2417 3
51 2477 7
51 2486 6
52 32 7
52 53 1
52 101 8
52 130 7
52 153 8
52 190 5
52 193 4
52 194 5
52 233 5
52 256 7
52 307 6
52 330 7
52 362 4
52 366 4
52 370 6
52 383 7
52 385 4
52 396 8
52 486 7
52 541 9
52 544 3
52 554 5
52 634 8
52 659 4
52 714 10
52 718 7
52 726 5
52 760 6
52 763 4
52 774 5
52 792 6
52 796 6
52 835 3
52 843 6
52 864 2
52 894 5
52 917 4
52 941 7
52 951 3
52 959 6
52 1019 5
52 1025 6
52 1073 2
52 1119 8
52 1122 4
52 1126 3
52 1150 7
52 1184 4
52 1201 8
52 1207 4
52 1227 4
52 1301 5
52 1311 6
52 1327 4
52 1418 6
52 1424 4
52 1444 4
52 1464 6
52 1491 6
52 1522 4
52 1546 5
52 1554 6
52 1590 9
52 1593 4
52 1595 5
52 1605 5
52 1689 4
52 1691 6
52 1698 4
52 1757 2
52 1774 5
52 1792 2
52 1809 6
52 1852 5
52 1853 5
52 1885 5
52 1890 5
52 1906 8
52 2003 2
52 2056 1
52 2057 10
52 2059 4
52 2068 4
52 2094 0
52 2115 5
52 2137 8
52 2242 2
52 2294 5
52 2324 5
52 2375 5
52 2409 4
52 2432 2
52 2463 6
52 2497 4
52 2498 8
52 2513 5
53 65 4
53 67 4
53 77 5
53 104 9
53 141 8
53 149 2
53 167 8
53 226 6
53 276 8
53 279 8
53 282 4
53 310 3
53 317 3
53 329 4
53 374 6
53 375 6
53 384 4
53 409 5
53 421 3
53 446 7
53 469 4
53 514 6
53 548 4
53 572 2
53 600 4
53 614 5
53 657 4
53 662 6
53 690 4
53 692 5
53 694 5
53 698 5
53 722 6
53 738 9
53 774 4
53 776 5
53 824 6
53 828 6
53 847 2
53 860 5
53 901 1
53 926 2
53 936 4
53 941 6
53 992 1
53 998 2
53 1016 6
53 1018 0
53 1027 1
53 1028 3
53 1043 6
53 1062 7
53 1065 6
53 1071 5
53 1120 7
53 1129 5
53 1131 7
53 1142 8
53 1197 7
53 1250 4
53 1267 5
53 1282 4
53 1283 3
53 1286 7
53 1310 8
53 1323 5
53 1358 8
53 1429 2
53 1436 5
53 1565 1
53 1567 4
53 1578 4
53 1593 3
53 1618 4
53 1629 2
53 1638 4
53 1648 6
53 1681 6
53 1733 8
53 1740 1
53 1770 7
53 1773 8
53 1808 5
53 1832 9
53 1844 3
53 1852 6
53 1868 5
53 1921 9
53 1935 6
53 1952 6
53 2026 7
53 2031 3
53 2073 6
53 2074 8
53 2082 4
53 2094 0
53 2104 6
53 2114 4
53 2150 8
53 2187 4
53 2208 4
53 2217 5
53 2219 6
53 2238 6
53 2243 6
53 2248 3
53 2283 6
53 2284 4
53 2289 4
53 2292 4
53 2302 5
53 2309 5
53 2347 8
53 2381 3
53 2388 3
53 2403 5
53 2428 4
53 2458 7
53 2473 7
53 2483 8
53 2489 3
53 2510 3
53 2512 9
53 2513 5
54 7 1
54 10 6
54 41 7
54 55 5
54 75 4
54 96 3
54 104 7
54 119 5
54 121 8
54 122 8
54 151 7
54 162 4
54 184 4
54 221 3
54 254 3
54 255 7
54 289 5
54 333 6
54 340 6
54 370 7
54 399 4
54 403 9
54 419 8
54 454 3
54 457 6
54 485 6
54 550 4
54 579 7
54 599 8
54 602 3
54 621 7
54 628 2
54 668 5
54 693 6
54 706 6
54 725 3
54 735 5
54 767 7
54 788 8
54 798 10
54 849 4
54 881 6
54 930 0
54 946 3
54 950 1
54 992 0
54 993 7
54 1003 6
54 1005 6
54 1007 6
54 1011 2
54 1091 4
54 1094 4
54 1107 4
54 1113 3
54 1238 6
54 1241 9
54 1250 4
54 1298 5
54 1376 5
54 1387 7
54 1403 4
54 1413 3
54 1422 8
54 1455 5
54 1476 6
54 1507 6
54 1547 5
54 1548 5
54 1598 7
54 1608 5
54 1618 4
54 1623 7
54 1655 1
54 1669 9
54 1671 5
54 1675 6
54 1677 8
54 1688 5
54 1704 5
54 1720 5
54 1723 5
54 1821 3
54 1876 5
54 1879 6
54 1894 3
54 1910 4
54 1927 5
54 1948 5
54 1950 8
54 1970 7
54 1990 6
54 2004 5
54 2020 5
54 2030 4
54 2041 6
54 2070 7
54 2078 4
54 2098 4
54 2138 3
54 2159 6
54 2191 8
54 2257 6
54 2267 6
54 2269 9
54 2270 3
54 2283 5
54 2362 4
54 2363 7
54 2404 3
54 2407 4
54 2424 8
54 2441 5
54 2444 3
54 2464 2
54 2479 4
54 2482 5
54 2498 6
55 8 2
55 47 9
55 76 3
55 86 5
55 108 0
55 160 9
55 295 2
55 389 5
55 438 5
55 463 4
55 536 8
55 719 7
55 773 6
55 776 6
55 782 6
55 863 4
55 896 4
55 908 9
55 929 5
55 992 0
55 1010 8
55 1044 8
55 1048 6
55 1056 6
55 1060 8
55 1091 4
55 1171 5
55 1190 5
55 1292 3
55 1308 5
55 1318 3
55 1334 1
55 1335 4
55 1353 8
55 1391 4
55 1426 9
55 1431 6
55 1442 3
55 1499 1
55 1535 3
55 1537 6
55 1579 3
55 1640 3
55 1646 6
55 1713 7
55 1741 6
55 1799 8
55 1832 7
55 1974 7
55 2112 2
55 2330 9
55 2342 5
55 2366 6
55 2403 5
55 2445 3
55 2464 3
56 56 6
56 59 4
56 62 2
56 73 3
56 165 2
56 170 5
56 180 5
56 206 8
56 253 6
56 260 6
56 287 6
56 340 7
56 375 6
56 413 7
56 416 6
56 420 6
56 432 2
56 466 4
56 562 5
56 581 4
56 592 4
56 655 7
56 696 10
56 701 9
56 748 4
56 761 7
56 778 4
56 787 6
56 813 7
56 858 4
56 861 5
56 866 3
56 868 5
56 888 6
56 902 7
56 971 6
56 993 7
56 999 7
56 1053 4
56 1074 6
56 1095 3
56 1100 5
56 1123 4
56 1130 6
56 1179 7
56 1190 4
56 1273 6
56 1381 7
56 1384 5
56 1402 0
56 1417 7
56 1420 0
56 1427 5
56 1428 4
56 1447 3
56 1461 0
56 1476 6
56 1481 3
56 1537 5
56 1563 5
56 1575 4
56 1659 10
56 1698 5
56 1782 4
56 1831 6
56 1938 6
56 2019 2
56 2053 4
56 2123 4
56 2143 7
56 2147 7
56 2162 8
56 2174 5
56 2197 6
56 2204 7
56 2230 8
56 2285 4
56 2343 6
56 2377 7
56 2448 5
56 2491 4
57 13 4
57 65 4
57 114 5
57 137 6
57 139 4
57 177 6
57 183 4
57 204 3
57 244 7
57 269 7
57 298 7
57 324 8
57 367 7
57 505 4
57 634 7
57 656 4
57 686 6
57 687 7
57 694 3
57 701 9
57 814 6
57 873 7
57 893 5
57 954 5
57 998 4
57 1032 2
57 1047 5
57 1086 6
57 1204 5
57 1205 5
57 1234 7
57 1322 6
57 1340 4
57 1348 6
57 1432 5
57 1434 3
57 1477 6
57 1484 6
57 1578 6
57 1582 4
57 1583 7
57 1627 2
57 1638 4
57 1643 7
57 1661 5
57 1680 1
57 1795 0
57 1815 8
57 1848 8
57 1877 6
57 1911 8
57 1958 5
57 1961 6
57 1962 2
57 2177 3
57 2199 2
57 2207 2
57 2238 5
57 2265 3
57 2296 7
57 2342 4
57 2350 2
57 2369 7
57 2443 3
57 2457 4
57 2471 5
57 2488 5
57 2516 4
58 3 4
58 13 4
58 34 2
58 39 7
58 52 7
58 57 7
58 105 9
58 117 6
58 146 7
58 170 5
58 201 8
58 210 5
58 215 9
58 236 6
58 276 7
58 341 5
58 425 5
58 438 6
58 445 9
58 463 4
58 491 5
58 507 5
58 517 8
58 520 4
58 537 2
58 575 3
58 615 5
58 653 3
58 676 0
58 685 8
58 717 2
58 727 4
58 751 6
58 796 6
58 875 5
58 892 7
58 921 6
58 922 4
58 928 7
58 953 3
58 1000 6
58 1029 3
58 1038 7
58 1053 6
58 1061 4
58 1079 10
58 1127 3
58 1145 3
58 1196 8
58 1267 7
58 1338 4
58 1370 5
58 1499 3
58 1521 6
58 1534 1
58 1560 3
58 1593 4
58 1617 9
58 1640 4
58 1642 5
58 1671 6
58 1694 3
58 1711 9
58 1731 5
58 1733 10
58 1771 5
58 1773 6
58 1782 5
58 1802 9
58 1868 5
58 1878 6
58 1943 10
58 1946 6
58 1952 5
58 1962 0
58 1986 4
58 1998 5
58 2078 4
58 2110 2
58 2175 3
58 2179 5
58 2203 2
58 2207 3
58 2234 3
58 2246 5
58 2256 4
58 2274 0
58 2286 8
58 2312 8
58 2353 8
58 2380 5
58 2398 7
58 2416 4
58 2435 5
58 2456 4
58 2465 7
58 2469 3
58 2485 2
58 2497 6
59 88 8
59 108 0
59 113 6
59 114 6
59 143 1
59 193 4
59 235 2
59 237 10
59 265 4
59 270 4
59 273 9
59 274 6
59 297 7
59 323 7
59 330 5
59 348 0
59 363 7
59 395 6
59 399 5
59 432 2
59 449 7
59 453 5
59 454 4
59 476 6
59 566 5
59 587 4
59 666 5
59 743 4
59 745 6
59 753 6
59 785 4
59 789 7
59 802 6
59 810 1
59 812 2
59 827 4
59 828 7
59 846 6
59 851 2
59 896 6
59 913 5
59 933 4
59 948 6
59 979 2
59 983 7
59 991 1
59 999 6
59 1012 4
59 1065 8
59 1159 5
59 1196 9
59 1197 7
59 1210 8
59 1247 6
59 1273 8
59 1286 8
59 1346 6
59 1357 7
59 1365 4
59 1385 10
59 1401 6
59 1430 4
59 1472 6
59 1499 2
59 1531 1
59 1556 3
59 1622 3
59 1653 2
59 1660 3
59 1702 8
59 1708 7
59 1728 7
59 1734 7
59 1752 8
59 1769 2
59 1799 9
59 1837 5
59 1860 4
59 1877 4
59 1939 10
59 1981 8
59 2011 4
59 2042 7
59 2055 7
59 2056 3
59 2077 6
59 2104 8
59 2122 5
59 2166 6
59 2184 4
59 2325 4
59 2346 3
59 2350 2
59 2410 7
59 2439 3
59 2514 2
60 16 4
60 107 2
60 120 5
60 141 10
60 227 8
60 228 5
60 258 8
60 293 1
60 313 4
60 404 8
60 405 2
60 465 0
60 478 6
60 485 5
60 615 5
60 629 5
60 633 0
60 639 4
60 660 3
60 703 6
60 735 5
60 865 2
60 910 4
60 944 4
60 997 8
60 1010 8
60 1095 3
60 1131 7
60 1201 6
60 1203 4
60 1231 2
60 1285 4
60 1360 3
60 1383 5
60 1431 5
60 1491 8
60 1508 1
60 1524 5
60 1526 7
60 1543 6
60 1552 2
60 1572 3
60 1580 2
60 1609 5
60 1659 8
60 1718 5
60 1738 2
60 1767 5
60 1791 3
60 1799 9
60 1813 6
60 1855 4
60 1862 4
60 1879 7
60 1898 2
60 1901 4
60 1924 8
60 1949 1
60 1989 5
60 2000 4
60 2015 4
60 2049 4
60 2068 4
60 2088 4
60 2101 5
60 2163 7
60 2182 10
60 2207 2
60 2241 1
60 2262 4
60 2387 5
60 2448 4
60 2483 7
60 2491 5
60 2506 4
60 2509 7
61 10 6
61 47 7
61 67 2
61 246 5
61 247 8
61 248 6
61 348 2
61 349 9
61 367 7
61 369 4
61 374 6
61 413 8
61 428 5
61 464 2
61 488 8
61 504 4
61 559 7
61 570 3
61 573 5
61 575 3
61 616 2
61 677 4
61 682 2
61 697 3
61 714 9
61 716 5
61 746 3
61 807 7
61 834 3
61 888 5
61 892 8
61 899 3
61 924 8
61 948 6
61 1003 4
61 1024 5
61 1027 2
61 1070 5
61 1085 8
61 1090 4
61 1148 8
61 1156 4
61 1204 3
61 1232 1
61 1286 8
61 1343 10
61 1376 6
61 1396 4
61 1448 3
61 1463 1
61 1466 8
61 1545 5
61 1547 5
61 1551 7
61 1567 4
61 1661 7
61 1771 5
61 1777 5
61 1785 4
61 1816 5
61 1822 3
61 1872 6
61 1913 4
61 1952 4
61 1963 6
61 1966 4
61 2081 4
61 2149 5
61 2160 6
61 2235 7
61 2278 5
61 2289 2
61 2349 6
61 2388 4
61 2451 3
61 2519 0
62 23 7
62 123 6
62 164 6
62 269 6
62 276 8
62 286 8
62 303 0
62 312 4
62 330 7
62 398 4
62 422 4
62 427 2
62 436 5
62 478 6
62 511 7
62 512 6
62 525 6
62 540 4
62 541 8
62 585 4
62 595 3
62 596 2
62 681 6
62 856 6
62 945 6
62 950 2
62 991 1
62 997 8
62 1018 0
62 1020 0
62 1072 2
62 1087 5
62 1102 5
62 1105 7
62 1113 5
62 1143 8
62 1182 5
62 1229 1
62 1262 5
62 1264 0
62 1266 6
62 1284 3
62 1296 6
62 1301 6
62 1313 4
62 1332 6
62 1354 4
62 1355 4
62 1370 4
62 1410 3
62 1510 6
62 1547 5
62 1570 4
62 1614 4
62 1663 4
62 1733 9
62 1734 5
62 1776 5
62 1811 5
62 1817 7
62 1853 7
62 1882 4
62 1888 5
62 1904 4
62 1924 8
62 1938 4
62 1942 6
62 1950 6
62 1960 4
62 1968 2
62 1974 6
62 2125 3
62 2155 1
62 2164 4
62 2199 2
62 2214 6
62 2217 4
62 2228 9
62 2274 0
62 2287 5
62 2337 7
62 2373 4
62 2376 6
62 2471 7
62 2476 4
62 2488 5
62 2498 6
62 2512 9
63 11 4
63 78 5
63 80 10
63 151 7
63 172 5
63 187 6
63 198 1
63 243 0
63 255 6
63 258 9
63 279 8
63 304 2
63 314 8
63 343 3
63 368 3
63 378 3
63 394 2
63 508 5
63 543 2
63 545 3
63 549 4
63 554 3
63 561 4
63 600 6
63 689 8
63 698 6
63 699 2
63 735 5
63 743 4
63 752 9
63 801 3
63 864 4
63 878 5
63 881 4
63 940 3
63 942 4
63 968 3
63 982 5
63 1013 4
63 1150 6
63 1163 5
63 1167 5
63 1229 1
63 1249 4
63 1324 5
63 1474 5
63 1486 6
63 1503 4
63 1505 4
63 1517 6
63 1524 4
63 1533 1
63 1580 2
63 1589 6
63 1653 2
63 1654 2
63 1680 2
63 1681 6
63 1737 3
63 1746 6
63 1747 5
63 1784 3
63 1840 6
63 1849 5
63 1862 4
63 1881 4
63 1899 2
63 1938 5
63 1973 5
63 2026 5
63 2062 3
63 2076 3
63 2083 5
63 2102 5
63 2128 8
63 2160 7
63 2184 4
63 2209 9
63 2221 4
63 2359 3
63 2391 7
63 2397 3
63 2403 5
63 2404 2
63 2438 4
63 2455 6
63 2470 2
64 0 5
64 118 7
64 194 5
64 284 0
64 341 5
64 444 2
64 456 9
64 485 7
64 626 2
64 653 3
64 656 3
64 674 5
64 738 10
64 741 6
64 742 7
64 808 3
64 812 2
64 865 2
64 867 4
64 896 5
64 934 5
64 1122 6
64 1277 9
64 1297 5
64 1312 5
64 1324 5
64 1341 2
64 1345 8
64 1389 2
64 1421 6
64 1551 7
64 1652 4
64 1656 4
64 1700 7
64 1735 2
64 1748 4
64 1760 4
64 1763 0
64 1857 3
64 1880 5
64 1891 6
64 1909 6
64 1964 6
64 1968 4
64 1973 4
64 2039 4
64 2043 7
64 2072 5
64 2085 5
64 2116 5
64 2187 3
64 2212 3
64 2298 8
64 2427 2
64 2450 8
65 31 4
65 44 6
65 59 4
65 63 5
65 160 10
65 248 8
65 254 4
65 271 2
65 301 6
65 335 5
65 344 3
65 386 2
65 419 6
65 451 8
65 543 2
65 612 5
65 676 1
65 679 4
65 700 3
65 730 5
65 750 8
65 757 5
65 928 7
65 956 5
65 977 4
65 980 5
65 1057 9
65 1071 4
65 1094 3
65 1102 3
65 1118 6
65 1127 3
65 1141 6
65 1233 2
65 1274 7
65 1308 4
65 1410 5
65 1419 3
65 1430 3
65 1460 10
65 1503 6
65 1539 7
65 1560 5
65 1564 8
65 1644 8
65 1682 7
65 1687 3
65 1707 6
65 1884 1
65 1899 2
65 1954 5
65 1964 8
65 2010 6
65 2026 5
65 2027 6
65 2077 5
65 2097 6
65 2157 6
65 2171 2
65 2172 9
65 2195 6
65 2201 7
65 2231 4
65 2306 3
65 2371 4
65 2389 8
65 2405 6
65 2445 2
65 2471 7
65 2484 7
65 2495 4
65 2510 5
66 43 5
66 77 3
66 117 6
66 140 2
66 142 5
66 150 1
66 205 4
66 210 6
66 242 4
66 259 5
66 264 9
66 265 5
66 292 2
66 297 9
66 320 4
66 364 1
66 411 9
66 434 4
66 511 8
66 544 3
66 587 6
66 608 6
66 615 4
66 655 8
66 726 4
66 773 5
66 796 6
66 803 3
66 816 7
66 938 1
66 943 8
66 947 4
66 976 3
66 1008 8
66 1063 1
66 1066 7
66 1073 2
66 1111 8
66 1132 6
66 1145 4
66 1148 6
66 1196 8
66 1282 4
66 1289 6
66 1312 3
66 1349 7
66 1392 3
66 1428 4
66 1432 7
66 1483 6
66 1508 0
66 1532 5
66 1538 3
66 1555 10
66 1605 5
66 1615 5
66 1630 6
66 1633 3
66 1651 5
66 1678 8
66 1690 4
66 1704 6
66 1757 1
66 1767 7
66 1792 1
66 1811 4
66 1827 5
66 1831 5
66 1845 4
66 1880 4
66 1896 8
66 1913 6
66 1914 3
66 1929 6
66 1934 9
66 1966 3
66 2014 4
66 2029 6
66 2076 3
66 2109 4
66 2113 4
66 2162 8
66 2263 5
66 2331 7
66 2388 5
66 2421 9
66 2456 4
67 184 5
67 215 8
67 246 3
67 280 4
67 351 8
67 407 5
67 448 8
67 465 0
67 486 6
67 571 6
67 593 4
67 598 8
67 653 4
67 717 3
67 760 4
67 776 4
67 840 3
67 858 4
67 874 4
67 904 7
67 1034 7
67 1086 6
67 1120 7
67 1122 6
67 1204 4
67 1430 5
67 1460 10
67 1473 5
67 1490 4
67 1539 5
67 1562 6
67 1600 6
67 1628 0
67 1772 5
67 1878 5
67 1977 5
67 2004 4
67 2162 9
67 2212 4
67 2220 2
67 2262 4
67 2315 3
67 2381 4
67 2385 2
67 2445 1
67 2477 8
68 14 6
68 110 5
68 118 7
68 141 9
68 147 6
68 154 5
68 177 7
68 200 6
68 206 8
68 240 6
68 264 10
68 323 7
68 366 5
68 382 6
68 407 4
68 415 7
68 437 4
68 452 6
68 457 7
68 464 3
68 534 9
68 591 4
68 593 6
68 639 5
68 648 8
68 655 8
68 666 7
68 693 4
68 708 8
68 743 5
68 755 4
68 770 5
68 857 3
68 923 2
68 928 8
68 976 3
68 999 6
68 1002 7
68 1041 5
68 1061 4
68 1076 7
68 1130 6
68 1195 4
68 1208 5
68 1237 3
68 1248 7
68 1265 5
68 1306 4
68 1313 5
68 1321 7
68 1323 5
68 1359 2
68 1365 5
68 1377 8
68 1400 5
68 1459 5
68 1462 4
68 1472 7
68 1478 7
68 1506 7
68 1517 5
68 1529 5
68 1564 9
68 1580 3
68 1675 8
68 1686 6
68 1698 4
68 1705 7
68 1720 5
68 1749 7
68 1794 2
68 1855 6
68 1877 5
68 1885 5
68 1900 7
68 1952 6
68 1954 5
68 1994 0
68 2074 7
68 2075 7
68 2084 5
68 2091 3
68 2173 9
68 2178 6
68 2192 5
68 2193 8
68 2309 7
68 2314 4
68 2322 5
68 2335 4
68 2355 7
68 2391 7
68 2401 7
68 2432 3
68 2465 6
68 2472 5
68 2476 5
68 2492 5
69 15 6
69 40 6
69 42 5
69 98 5
69 110 5
69 218 3
69 227 9
69 232 2
69 252 3
69 278 5
69 305 3
69 385 5
69 415 6
69 494 6
69 501 8
69 527 5
69 538 7
69 561 5
69 581 4
69 582 6
69 588 7
69 646 3
69 667 4
69 678 5
69 702 5
69 710 3
69 793 3
69 815 7
69 829 5
69 835 5
69 841 3
69 846 6
69 885 5
69 895 4
69 926 2
69 931 3
69 991 0
69 1010 7
69 1043 8
69 1044 8
69 1091 5
69 1092 4
69 1134 9
69 1158 9
69 1160 7
69 1172 6
69 1205 5
69 1236 5
69 1245 3
69 1363 5
69 1365 5
69 1370 5
69 1406 9
69 1417 6
69 1432 6
69 1452 3
69 1462 2
69 1473 3
69 1487 3
69 1489 2
69 1509 6
69 1523 6
69 1528 6
69 1540 4
69 1550 2
69 1554 5
69 1574 9
69 1587 5
69 1601 7
69 1602 7
69 1622 4
69 1630 8
69 1668 8
69 1679 5
69 1737 4
69 1771 4
69 1793 4
69 1829 7
69 1845 4
69 1939 10
69 1941 5
69 1956 6
69 1984 6
69 1985 4
69 2017 6
69 2047 3
69 2048 6
69 2068 6
69 2103 5
69 2141 7
69 2143 7
69 2215 4
69 2222 5
69 2232 5
69 2253 7
69 2267 5
69 2270 4
69 2285 4
69 2364 7
69 2366 4
69 2387 5
69 2398 7
69 2462 3
69 2515 7
70 59 4
70 241 4
70 293 3
70 383 8
70 444 2
70 452 6
70 1020 2
70 1062 6
70 1136 1
70 1179 9
70 1225 4
70 1401 7
70 1471 5
70 1527 5
70 1546 5
70 1627 3
70 1695 3
70 1887 3
70 2010 5
70 2145 2
71 15 6
71 35 4
71 38 3
71 51 9
71 55 6
71 65 5
71 90 3
71 135 2
71 142 5
71 153 10
71 169 2
71 183 6
71 194 6
71 226 6
71 243 0
71 258 8
71 263 6
71 270 5
71 275 5
71 315 6
71 332 4
71 405 3
71 414 0
71 417 1
71 463 4
71 465 2
71 515 8
71 526 5
71 539 5
71 558 7
71 569 7
71 607 4
71 621 5
71 625 5
71 669 6
71 688 5
71 696 10
71 710 5
71 714 9
71 761 6
71 781 6
71 800 7
71 827 5
71 862 9
71 872 6
71 895 4
71 929 5
71 940 4
71 975 6
71 996 5
71 1012 3
71 1024 4
71 1036 9
71 1092 5
71 1116 7
71 1124 5
71 1194 3
71 1197 6
71 1218 2
71 1257 6
71 1277 9
71 1293 2
71 1297 7
71 1336 9
71 1359 0
71 1364 4
71 1370 6
71 1376 5
71 1423 7
71 1431 4
71 1487 4
71 1544 1
71 1559 8
71 1574 8
71 1578 6
71 1612 5
71 1631 4
71 1677 8
71 1735 3
71 1742 1
71 1755 6
71 1784 4
71 1809 6
71 1821 2
71 1826 8
71 1894 4
71 1908 5
71 1909 6
71 1922 5
71 1926 7
71 1941 7
71 1946 5
71 1981 8
71 2091 4
71 2205 8
71 2237 6
71 2240 3
71 2282 3
71 2323 5
71 2439 3
71 2442 3
71 2500 3
72 9 6
72 25 6
72 46 3
72 77 3
72 95 6
72 119 6
72 161 4
72 163 6
72 217 7
72 240 5
72 262 1
72 281 7
72 451 8
72 455 4
72 474 8
72 535 9
72 591 5
72 611 6
72 709 6
72 735 5
72 889 7
72 979 2
72 1059 7
72 1082 1
72 1111 8
72 1119 7
72 1153 3
72 1159 5
72 1190 6
72 1195 4
72 1209 3
72 1222 6
72 1229 2
72 1327 3
72 1367 5
72 1445 8
72 1452 2
72 1561 7
72 1625 4
72 1639 4
72 1695 1
72 1815 9
72 1882 4
72 1888 3
72 1917 3
72 1963 6
72 1971 6
72 1977 5
72 2082 6
72 2098 4
72 2180 8
72 2278 5
72 2290 7
72 2302 5
72 2303 8
72 2333 5
72 2387 5
73 557 3
73 1461 2
73 1540 5
74 45 4
74 181 3
74 533 6
74 822 7
74 848 1
74 920 6
74 1290 1
74 1534 3
74 1638 3
74 1958 5
74 2072 6
74 2084 6
74 2380 5
74 2394 5
74 2494 9
75 30 5
75 101 7
75 155 6
75 189 5
75 190 6
75 191 10
75 209 0
75 246 3
75 270 3
75 286 6
75 311 9
75 332 6
75 351 7
75 362 5
75 383 8
75 398 2
75 423 5
75 431 8
75 432 3
75 445 9
75 484 3
75 497 7
75 507 6
75 508 4
75 515 9
75 547 2
75 549 2
75 568 3
75 574 3
75 605 7
75 609 5
75 610 2
75 631 3
75 636 1
75 691 8
75 697 2
75 751 6
75 764 5
75 765 3
75 781 7
75 793 2
75 799 3
75 810 1
75 864 2
75 891 3
75 897 3
75 908 9
75 936 3
75 949 5
75 959 6
75 967 7
75 970 6
75 1038 7
75 1080 9
75 1126 2
75 1140 4
75 1142 7
75 1144 7
75 1174 4
75 1184 4
75 1186 7
75 1248 7
75 1285 2
75 1289 7
75 1315 4
75 1322 6
75 1341 1
75 1398 3
75 1418 5
75 1457 8
75 1474 5
75 1528 8
75 1573 5
75 1586 2
75 1600 7
75 1607 3
75 1609 7
75 1637 7
75 1639 4
75 1671 5
75 1707 6
75 1715 5
75 1743 8
75 1746 7
75 1756 4
75 1757 1
75 1836 8
75 1862 5
75 1879 7
75 1888 3
75 1922 5
75 1926 9
75 1970 5
75 2014 5
75 2019 4
75 2065 3
75 2067 5
75 2245 7
75 2259 6
75 2272 6
75 2331 6
75 2385 3
75 2389 6
75 2429 7
75 2437 6
75 2468 3
75 2503 6
76 30 6
76 80 8
76 131 8
76 146 8
76 162 5
76 211 6
76 256 9
76 262 3
76 396 8
76 446 6
76 490 2
76 525 5
76 532 7
76 544 4
76 560 4
76 588 6
76 627 7
76 646 3
76 695 7
76 705 7
76 724 4
76 755 2
76 773 5
76 862 8
76 878 3
76 930 1
76 937 6
76 1129 6
76 1165 4
76 1255 5
76 1257 8
76 1504 7
76 1543 8
76 1559 7
76 1591 5
76 1658 4
76 1701 6
76 1728 6
76 1733 9
76 1785 3
76 1836 8
76 1848 8
76 2003 3
76 2057 10
76 2097 8
76 2189 1
76 2220 2
76 2242 3
76 2303 7
76 2320 7
77 41 6
77 174 4
77 175 0
77 203 9
77 228 4
77 291 1
77 340 6
77 383 8
77 389 4
77 429 5
77 462 1
77 489 3
77 500 6
77 571 7
77 598 7
77 632 3
77 653 3
77 665 7
77 692 4
77 749 7
77 789 6
77 817 8
77 842 5
77 874 2
77 876 8
77 950 1
77 1062 5
77 1110 7
77 1125 9
77 1149 4
77 1162 10
77 1185 7
77 1193 8
77 1209 4
77 1274 6
77 1286 9
77 1296 5
77 1323 5
77 1334 0
77 1392 3
77 1396 3
77 1405 3
77 1411 5
77 1413 3
77 1416 5
77 1428 4
77 1432 6
77 1501 7
77 1551 6
77 1580 2
77 1596 8
77 1670 8
77 1683 9
77 1688 4
77 1705 7
77 1714 7
77 1736 4
77 1750 4
77 1753 2
77 1798 5
77 1870 5
77 1880 6
77 1989 5
77 1990 6
77 2002 7
77 2065 5
77 2105 6
77 2127 4
77 2130 4
77 2191 8
77 2331 6
77 2346 4
77 2430 9
77 2458 7
77 2472 5
78 193 4
78 434 2
78 520 5
78 527 7
78 874 4
78 1026 2
78 1069 2
78 1345 7
78 1366 7
78 1544 3
78 1547 4
78 1605 7
78 1665 7
78 1776 4
78 2227 3
78 2238 5
78 2317 3
79 0 6
79 37 8
79 58 2
79 83 1
79 165 2
79 173 4
79 207 0
79 248 7
79 260 7
79 263 6
79 304 3
79 328 8
79 368 3
79 404 7
79 407 4
79 424 4
79 590 4
79 703 6
79 726 5
79 755 2
79 824 6
79 852 6
79 886 10
79 919 7
79 961 4
79 1070 5
79 1078 1
79 1082 2
79 1150 7
79 1186 5
79 1192 5
79 1221 5
79 1266 5
79 1281 5
79 1315 6
79 1331 1
79 1333 7
79 1347 4
79 1353 8
79 1363 4
79 1420 1
79 1571 2
79 1573 4
79 1687 4
79 1709 5
79 1780 5
79 1846 5
79 1859 9
79 1879 5
79 1887 5
79 1895 4
79 1922 5
79 1923 6
79 1972 8
79 1986 4
79 2000 4
79 2047 4
79 2052 6
79 2098 2
79 2140 7
79 2195 6
79 2211 5
80 58 4
80 62 4
80 100 7
80 102 7
80 120 6
80 138 4
80 142 7
80 149 4
80 174 4
80 202 3
80 212 1
80 222 6
80 254 3
80 309 4
80 345 5
80 399 6
80 417 1
80 454 3
80 495 6
80 544 3
80 570 5
80 595 5
80 624 9
80 766 7
80 791 2
80 835 3
80 837 4
80 838 5
80 936 5
80 957 4
80 958 5
80 966 7
80 1007 4
80 1008 8
80 1012 3
80 1018 1
80 1029 4
80 1031 6
80 1065 8
80 1082 3
80 1097 8
80 1106 7
80 1107 4
80 1151 10
80 1160 8
80 1183 6
80 1229 3
80 1239 4
80 1263 6
80 1334 0
80 1340 2
80 1353 6
80 1373 6
80 1377 8
80 1387 6
80 1433 6
80 1446 8
80 1482 4
80 1491 7
80 1598 6
80 1617 10
80 1642 4
80 1744 6
80 1746 8
80 1800 8
80 1811 4
80 1826 6
80 1914 3
80 1932 4
80 1950 8
80 1974 7
80 1985 6
80 2033 2
80 2036 5
80 2040 3
80 2058 6
80 2079 4
80 2100 7
80 2106 8
80 2142 4
80 2153 4
80 2155 2
80 2156 8
80 2187 4
80 2210 8
80 2217 5
80 2253 6
80 2322 4
80 2345 4
80 2364 7
80 2397 3
80 2434 3
80 2443 3
80 2484 6
80 2486 5
80 2508 7
81 70 4
81 144 5
81 405 4
81 565 6
81 599 8
81 767 8
81 981 5
81 1001 4
81 1010 7
81 1196 8
81 1249 4
81 1434 2
81 1790 4
81 1876 7
81 2020 6
81 2393 0
81 2440 5
81 2474 3
82 135 2
82 142 7
82 180 5
82 274 7
82 357 7
82 423 5
82 460 6
82 482 9
82 724 4
82 779 1
82 806 3
82 826 5
82 910 3
82 973 5
82 1005 5
82 1009 2
82 1032 2
82 1040 3
82 1077 3
82 1136 3
82 1172 6
82 1231 3
82 1261 3
82 1278 8
82 1812 2
82 2061 3
82 2066 6
82 2069 5
82 2130 2
82 2192 6
82 2250 2
82 2342 3
82 2371 3
82 2420 9
82 2492 5
82 2506 4
83 51 10
83 67 2
83 87 2
83 108 0
83 111 10
83 131 7
83 137 4
83 158 8
83 161 3
83 240 7
83 250 1
83 253 6
83 260 5
83 265 5
83 291 1
83 296 6
83 318 3
83 336 4
83 362 4
83 454 5
83 461 7
83 496 2
83 544 2
83 558 5
83 570 4
83 576 2
83 592 4
83 628 3
83 672 6
83 694 3
83 721 7
83 723 4
83 725 5
83 740 6
83 747 8
83 812 4
83 840 3
83 857 2
83 862 7
83 883 3
83 936 5
83 983 8
83 994 6
83 996 5
83 1004 5
83 1017 6
83 1023 9
83 1029 2
83 1077 4
83 1097 7
83 1110 9
83 1125 7
83 1144 6
83 1180 3
83 1318 4
83 1363 4
83 1383 5
83 1423 9
83 1425 5
83 1435 7
83 1464 6
83 1489 2
83 1498 2
83 1515 3
83 1540 3
83 1554 5
83 1570 4
83 1588 3
83 1594 9
83 1601 6
83 1612 4
83 1647 3
83 1672 7
83 1690 5
83 1699 7
83 1709 4
83 1724 6
83 1751 7
83 1760 5
83 1805 8
83 1815 9
83 1821 3
83 1826 6
83 1861 5
83 1865 4
83 1886 8
83 1907 4
83 1943 10
83 1949 3
83 1955 7
83 1959 5
83 2000 6
83 2035 4
83 2038 8
83 2055 8
83 2065 3
83 2088 5
83 2093 7
83 2126 6
83 2134 6
83 2146 7
83 2157 6
83 2170 4
83 2204 5
83 2221 6
83 2293 5
83 2305 5
83 2309 6
83 2324 5
83 2367 4
83 2395 3
83 2434 1
83 2477 7
83 2478 8
83 2501 4
83 2518 5
84 71 5
84 81 4
84 116 4
84 124 3
84 134 5
84 135 3
84 202 2
84 204 5
84 205 3
84 318 3
84 324 6
84 353 3
84 357 7
84 501 8
84 518 5
84 537 2
84 674 4
84 701 7
84 721 8
84 818 3
84 858 6
84 940 5
84 962 3
84 994 6
84 1034 8
84 1042 4
84 1064 6
84 1134 8
84 1142 6
84 1169 3
84 1177 5
84 1366 6
84 1414 9
84 1443 8
84 1605 7
84 1633 5
84 1656 3
84 1828 1
84 1913 5
84 1928 5
84 2078 3
84 2093 7
84 2112 2
84 2119 6
84 2191 7
84 2226 5
84 2270 3
84 2277 2
84 2382 3
84 2393 0
84 2415 8
84 2439 1
84 2506 3
84 2508 8
84 2516 3
85 23 7
85 94 3
85 100 6
85 105 9
85 112 6
85 122 8
85 205 3
85 242 4
85 255 8
85 271 2
85 275 4
85 291 3
85 355 6
85 358 3
85 362 5
85 365 3
85 373 6
85 403 8
85 448 7
85 463 5
85 599 7
85 645 5
85 655 7
85 666 7
85 803 2
85 817 7
85 848 3
85 898 10
85 900 8
85 945 6
85 975 6
85 1025 7
85 1055 1
85 1084 4
85 1175 4
85 1203 4
85 1349 7
85 1384 7
85 1387 8
85 1389 2
85 1403 5
85 1461 0
85 1479 1
85 1499 2
85 1506 7
85 1519 5
85 1543 7
85 1568 3
85 1588 3
85 1609 7
85 1658 5
85 1765 3
85 1780 6
85 1795 0
85 1831 7
85 1869 7
85 1979 5
85 1983 4
85 2018 6
85 2086 6
85 2184 3
85 2188 1
85 2215 3
85 2235 7
85 2265 3
85 2271 8
85 2307 2
85 2374 6
85 2463 8
86 17 4
86 41 8
86 61 5
86 82 3
86 90 3
86 105 9
86 107 2
86 123 4
86 125 5
86 131 7
86 136 3
86 178 8
86 187 6
86 224 9
86 226 7
86 261 3
86 287 5
86 288 9
86 292 4
86 297 7
86 299 1
86 337 6
86 341 5
86 354 6
86 356 7
86 422 3
86 474 6
86 514 8
86 556 3
86 562 5
86 582 5
86 631 5
86 639 5
86 706 4
86 708 7
86 727 3
86 751 7
86 769 5
86 776 5
86 788 7
86 792 7
86 793 4
86 800 8
86 802 6
86 824 7
86 843 7
86 851 2
86 881 4
86 940 5
86 945 4
86 948 7
86 958 3
86 963 7
86 997 8
86 1036 7
86 1130 8
86 1132 6
86 1151 10
86 1172 6
86 1193 9
86 1207 5
86 1234 6
86 1336 8
86 1337 7
86 1345 6
86 1373 6
86 1384 6
86 1403 5
86 1444 3
86 1446 9
86 1480 4
86 1494 9
86 1560 5
86 1569 2
86 1585 7
86 1592 4
86 1613 6
86 1657 5
86 1688 5
86 1690 5
86 1762 5
86 1772 5
86 1795 1
86 1829 6
86 1866 5
86 1927 5
86 1972 7
86 1992 4
86 2011 4
86 2019 3
86 2027 4
86 2095 8
86 2101 7
86 2102 4
86 2110 2
86 2125 5
86 2137 8
86 2171 3
86 2228 9
86 2236 8
86 2305 6
86 2327 0
86 2344 3
86 2345 4
86 2348 10
86 2382 3
86 2384 1
86 2407 2
86 2453 7
86 2486 5
87 44 6
87 51 10
87 56 8
87 69 8
87 124 4
87 194 6
87 264 10
87 286 7
87 297 9
87 394 0
87 457 5
87 498 4
87 587 4
87 642 7
87 681 5
87 827 3
87 1014 8
87 1088 3
87 1146 2
87 1289 7
87 1296 6
87 1343 9
87 1414 9
87 1438 5
87 1490 5
87 1564 9
87 1708 6
87 1798 5
87 1842 4
87 1943 10
87 1980 7
87 1982 7
87 2038 8
87 2179 6
87 2189 3
87 2193 6
87 2322 5
87 2329 3
87 2406 8
87 2471 7
88 2 6
88 5 6
88 18 6
88 29 6
88 50 4
88 73 3
88 94 3
88 132 3
88 139 4
88 214 6
88 222 6
88 300 3
88 305 3
88 318 1
88 351 8
88 432 3
88 440 5
88 472 5
88 480 5
88 488 9
88 515 8
88 548 2
88 556 2
88 589 1
88 603 9
88 623 3
88 676 0
88 688 5
88 727 4
88 729 6
88 737 1
88 756 4
88 775 5
88 784 8
88 800 7
88 832 7
88 841 3
88 842 5
88 857 1
88 879 4
88 880 3
88 885 5
88 893 7
88 915 2
88 917 2
88 956 7
88 975 6
88 1008 9
88 1121 4
88 1135 6
88 1156 4
88 1170 3
88 1172 7
88 1198 8
88 1199 7
88 1259 5
88 1270 2
88 1297 5
88 1340 3
88 1347 5
88 1399 3
88 1420 0
88 1478 6
88 1511 8
88 1537 6
88 1583 8
88 1602 7
88 1617 10
88 1702 7
88 1779 8
88 1780 4
88 1833 4
88 1841 4
88 1857 3
88 1872 5
88 1905 2
88 1935 6
88 1938 6
88 1944 5
88 1978 5
88 2022 5
88 2029 6
88 2030 3
88 2093 8
88 2145 4
88 2158 4
88 2180 6
88 2188 3
88 2196 6
88 2206 6
88 2254 5
88 2286 8
88 2341 1
88 2368 6
88 2371 4
88 2406 7
88 2437 6
88 2462 2
88 2478 8
88 2480 4
89 11 3
89 36 2
89 146 6
89 358 3
89 717 3
89 1209 4
89 1266 6
89 1655 1
89 1878 7
89 1901 2
89 2301 2
90 0 7
90 25 5
90 43 7
90 59 4
90 95 6
90 122 9
90 141 9
90 161 3
90 172 4
90 226 6
90 239 10
90 281 5
90 295 4
90 300 1
90 313 3
90 322 3
90 328 8
90 329 6
90 424 4
90 426 3
90 476 7
90 543 3
90 571 6
90 605 8
90 612 4
90 639 4
90 647 2
90 668 3
90 705 6
90 743 3
90 764 6
90 776 6
90 825 2
90 842 5
90 853 7
90 865 3
90 869 4
90 944 5
90 962 3
90 974 7
90 989 7
90 1009 3
90 1039 6
90 1058 3
90 1114 1
90 1126 3
90 1198 6
90 1202 4
90 1232 1
90 1260 5
90 1276 5
90 1279 9
90 1290 1
90 1304 8
90 1313 5
90 1339 5
90 1371 4
90 1381 8
90 1392 1
90 1424 5
90 1472 5
90 1496 5
90 1513 1
90 1516 8
90 1581 4
90 1611 3
90 1636 6
90 1685 1
90 1702 8
90 1707 7
90 1730 6
90 1749 7
90 1762 5
90 1777 4
90 1783 5
90 1791 3
90 1804 6
90 1846 5
90 1859 10
90 1861 6
90 1880 6
90 1927 6
90 1931 2
90 1939 8
90 1959 4
90 1972 7
90 2067 6
90 2082 4
90 2084 6
90 2089 7
90 2090 7
90 2122 5
90 2177 3
90 2179 6
90 2201 5
90 2224 7
90 2225 6
90 2240 3
90 2255 4
90 2266 6
90 2310 7
90 2327 0
90 2353 8
90 2374 7
90 2384 0
90 2387 5
90 2390 2
90 2431 4
90 2446 6
90 2465 6
90 2466 7
90 2475 5
90 2478 6
91 9 5
91 45 5
91 68 6
91 107 3
91 156 9
91 195 8
91 232 3
91 282 4
91 283 7
91 299 1
91 314 9
91 320 5
91 323 5
91 329 5
91 375 5
91 376 6
91 410 6
91 425 5
91 453 5
91 470 6
91 477 3
91 492 9
91 523 8
91 607 3
91 631 4
91 669 6
91 676 1
91 709 7
91 754 6
91 757 4
91 765 1
91 842 6
91 925 6
91 939 7
91 1016 6
91 1018 0
91 1028 5
91 1039 6
91 1045 2
91 1062 7
91 1099 1
91 1102 3
91 1112 4
91 1150 5
91 1156 4
91 1183 7
91 1190 5
91 1217 2
91 1247 5
91 1257 6
91 1268 5
91 1298 6
91 1309 4
91 1332 4
91 1347 3
91 1357 8
91 1378 8
91 1379 2
91 1432 7
91 1468 0
91 1530 10
91 1542 3
91 1637 7
91 1757 3
91 1762 7
91 1777 4
91 1781 5
91 1789 4
91 1790 3
91 1814 2
91 1838 3
91 1851 4
91 1888 4
91 1903 1
91 1942 6
91 1959 5
91 2006 6
91 2008 5
91 2095 7
91 2103 5
91 2165 8
91 2181 6
91 2216 2
91 2240 5
91 2250 3
91 2258 9
91 2330 8
91 2356 3
91 2373 4
91 2385 3
91 2450 7
91 2452 6
91 2458 5
92 13 4
92 59 4
92 61 4
92 124 3
92 191 8
92 195 7
92 199 5
92 248 8
92 298 6
92 379 9
92 385 4
92 398 2
92 406 6
92 433 5
92 440 5
92 479 8
92 483 9
92 486 7
92 487 4
92 505 5
92 518 3
92 561 5
92 572 4
92 610 2
92 718 5
92 731 6
92 772 8
92 813 6
92 817 8
92 821 2
92 830 4
92 839 6
92 840 3
92 864 3
92 936 3
92 946 2
92 950 1
92 986 5
92 1014 7
92 1015 6
92 1020 1
92 1023 10
92 1033 6
92 1043 6
92 1048 5
92 1054 4
92 1066 7
92 1106 5
92 1123 4
92 1130 8
92 1153 1
92 1232 2
92 1278 8
92 1320 6
92 1324 6
92 1337 7
92 1339 5
92 1360 2
92 1420 0
92 1443 6
92 1485 6
92 1544 3
92 1556 3
92 1559 7
92 1566 6
92 1576 5
92 1582 5
92 1657 7
92 1676 5
92 1684 6
92 1786 3
92 1791 5
92 1809 5
92 1834 2
92 1839 2
92 1852 6
92 1881 5
92 1884 2
92 1911 7
92 1919 3
92 1928 3
92 1953 8
92 1971 6
92 1983 2
92 1998 6
92 2004 6
92 2022 7
92 2076 3
92 2083 3
92 2090 5
92 2176 0
92 2194 7
92 2223 9
92 2230 7
92 2248 3
92 2281 7
92 2291 9
92 2293 4
92 2331 7
92 2383 7
92 2413 2
92 2428 5
92 2476 4
92 2477 7
92 2489 4
93 14 5
93 83 2
93 143 1
93 158 8
93 174 2
93 193 6
93 254 4
93 282 4
93 344 4
93 398 2
93 399 6
93 479 7
93 497 6
93 522 7
93 566 4
93 618 3
93 637 3
93 663 8
93 696 9
93 711 4
93 723 3
93 783 2
93 793 3
93 796 4
93 798 10
93 812 2
93 816 7
93 829 4
93 862 9
93 887 6
93 890 5
93 892 8
93 909 5
93 935 6
93 962 4
93 969 10
93 1025 6
93 1030 6
93 1032 3
93 1037 6
93 1049 7
93 1139 4
93 1201 8
93 1215 7
93 1270 2
93 1277 9
93 1293 3
93 1303 3
93 1313 5
93 1371 6
93 1373 4
93 1397 6
93 1411 5
93 1440 5
93 1470 8
93 1493 2
93 1533 2
93 1571 2
93 1579 2
93 1626 4
93 1635 6
93 1679 4
93 1683 7
93 1684 6
93 1690 5
93 1727 3
93 1801 6
93 1823 7
93 1824 5
93 1854 3
93 1867 3
93 1890 4
93 1898 2
93 1903 0
93 1914 4
93 2004 6
93 2039 6
93 2074 8
93 2075 7
93 2083 5
93 2112 1
93 2123 2
93 2166 7
93 2197 5
93 2201 5
93 2233 7
93 2251 5
93 2260 5
93 2268 1
93 2269 9
93 2275 3
93 2296 5
93 2320 5
93 2353 6
93 2377 5
93 2390 2
93 2402 5
93 2411 1
93 2420 9
93 2437 5
93 2465 5
93 2481 9
93 2490 3
94 93 6
94 97 1
94 127 3
94 132 3
94 178 7
94 234 2
94 258 8
94 269 8
94 270 4
94 327 2
94 377 8
94 394 2
94 413 9
94 415 7
94 435 2
94 499 2
94 512 7
94 571 6
94 595 3
94 601 4
94 796 4
94 926 4
94 970 6
94 978 8
94 997 8
94 1138 3
94 1165 6
94 1275 4
94 1313 4
94 1345 6
94 1385 9
94 1449 3
94 1466 8
94 1486 5
94 1542 2
94 1567 5
94 1601 5
94 1604 4
94 1644 8
94 1668 7
94 1679 5
94 1798 5
94 1833 6
94 1910 2
94 1919 4
94 1942 5
94 2061 2
94 2092 8
94 2105 4
94 2125 3
94 2131 5
94 2157 4
94 2211 5
94 2431 4
94 2451 4
94 2514 3
94 2516 3
95 15 5
95 47 9
95 65 3
95 97 2
95 152 5
95 154 3
95 196 6
95 216 3
95 262 3
95 284 0
95 286 7
95 321 6
95 355 5
95 384 4
95 393 2
95 407 6
95 465 1
95 488 7
95 565 8
95 602 4
95 666 5
95 668 5
95 678 4
95 687 5
95 709 7
95 717 3
95 735 4
95 736 2
95 744 7
95 765 3
95 781 5
95 897 3
95 930 2
95 949 6
95 966 6
95 967 6
95 975 7
95 980 4
95 990 6
95 1005 6
95 1061 4
95 1108 2
95 1120 7
95 1146 3
95 1169 4
95 1174 4
95 1181 2
95 1204 4
95 1249 4
95 1299 5
95 1328 1
95 1330 4
95 1350 6
95 1351 5
95 1375 6
95 1379 3
95 1437 4
95 1459 4
95 1466 7
95 1485 5
95 1489 3
95 1493 2
95 1497 5
95 1506 7
95 1529 7
95 1575 5
95 1591 5
95 1642 6
95 1676 4
95 1721 2
95 1788 0
95 1797 7
95 1814 1
95 1829 5
95 1844 5
95 1890 5
95 1902 8
95 1931 0
95 1960 3
95 1965 4
95 2004 6
95 2005 5
95 2024 8
95 2111 7
95 2126 6
95 2200 5
95 2224 5
95 2227 3
95 2232 4
95 2238 5
95 2281 6
95 2293 5
95 2351 2
95 2378 5
95 2401 6
95 2435 3
96 36 2
96 110 5
96 134 6
96 168 3
96 177 5
96 233 6
96 349 8
96 377 6
96 387 8
96 426 4
96 432 4
96 479 8
96 519 10
96 552 7
96 639 6
96 697 3
96 773 5
96 836 5
96 939 7
96 957 4
96 984 3
96 998 2
96 1114 2
96 1186 6
96 1197 6
96 1320 8
96 1335 4
96 1427 4
96 1456 10
96 1527 5
96 1568 3
96 1595 4
96 1663 3
96 1702 6
96 1738 2
96 1836 7
96 1839 3
96 1895 4
96 1916 5
96 1926 8
96 1960 3
96 1996 3
96 2113 4
96 2114 3
96 2223 10
96 2263 7
96 2274 0
96 2297 3
96 2314 5
96 2343 6
96 2377 6
96 2399 4
96 2404 2
96 2491 6
97 74 3
97 144 6
97 301 7
97 420 7
97 478 6
97 500 4
97 573 5
97 579 6
97 601 5
97 648 7
97 652 7
97 759 5
97 779 3
97 808 3
97 890 4
97 909 4
97 919 9
97 999 8
97 1035 4
97 1042 3
97 1118 8
97 1165 5
97 1172 8
97 1176 7
97 1216 7
97 1269 4
97 1295 4
97 1297 7
97 1320 7
97 1360 3
97 1382 3
97 1465 10
97 1522 6
97 1593 2
97 1604 2
97 1616 3
97 1617 9
97 1657 7
97 1692 8
97 1745 6
97 1749 8
97 1759 5
97 1785 4
97 1912 7
97 1929 4
97 1964 8
97 2066 7
97 2150 6
97 2240 5
97 2258 8
97 2487 7
97 2518 7
98 259 5
98 407 6
98 506 5
98 542 3
98 768 4
98 1227 4
98 1312 3
98 1400 6
98 1451 5
98 1488 6
98 1513 1
98 1563 4
98 1988 10
98 2329 5
99 68 6
99 95 5
99 100 6
99 124 3
99 148 6
99 152 5
99 168 3
99 187 5
99 223 8
99 282 2
99 299 1
99 300 2
99 331 9
99 500 4
99 553 6
99 566 5
99 601 5
99 629 6
99 670 8
99 702 4
99 735 3
99 833 7
99 872 4
99 986 4
99 1010 6
99 1102 4
99 1110 8
99 1114 1
99 1123 6
99 1143 7
99 1265 7
99 1290 2
99 1304 7
99 1371 6
99 1381 8
99 1394 4
99 1413 3
99 1414 9
99 1420 1
99 1440 7
99 1449 5
99 1459 4
99 1467 6
99 1473 4
99 1477 4
99 1493 1
99 1505 5
99 1522 6
99 1527 3
99 1549 3
99 1570 3
99 1585 5
99 1594 10
99 1687 3
99 1701 7
99 1726 2
99 1727 3
99 1747 6
99 1787 7
99 1811 3
99 1846 3
99 1847 2
99 1865 5
99 1877 6
99 1883 6
99 1908 5
99 1935 6
99 2002 5
99 2011 4
99 2012 0
99 2081 3
99 2175 4
99 2176 1
99 2185 2
99 2217 5
99 2226 6
99 2248 3
99 2279 9
99 2307 1
99 2309 7
99 2378 4
99 2390 1
99 2416 2
99 2475 4
99 2476 6
99 2481 9
100 75 4
100 126 7
100 275 4
100 624 7
100 741 4
100 758 5
100 896 5
100 948 7
100 1044 9
100 1132 5
100 1158 7
100 1203 6
100 1318 5
100 1463 3
100 1664 7
100 1669 8
100 1780 4
100 1913 6
100 2010 6
100 2035 5
100 2132 3
100 2264 2
101 29 7
101 46 4
101 56 6
101 110 5
101 134 5
101 141 9
101 144 6
101 168 3
101 211 5
101 227 7
101 231 7
101 256 8
101 293 2
101 299 3
101 308 3
101 378 1
101 391 2
101 470 7
101 536 9
101 537 1
101 541 9
101 560 4
101 592 4
101 641 7
101 647 3
101 668 4
101 676 1
101 695 6
101 752 9
101 852 4
101 877 4
101 884 3
101 926 3
101 938 2
101 981 6
101 1039 5
101 1068 4
101 1081 1
101 1215 7
101 1275 5
101 1278 6
101 1362 8
101 1431 5
101 1446 9
101 1531 1
101 1567 5
101 1646 5
101 1730 6
101 1789 6
101 1813 5
101 1856 10
101 1918 4
101 1933 9
101 1946 5
101 1962 2
101 1969 1
101 2038 8
101 2059 6
101 2109 2
101 2127 5
101 2152 6
101 2231 4
101 2269 8
101 2283 4
101 2286 8
101 2325 4
101 2327 0
101 2424 10
101 2430 9
102 5 6
102 15 6
102 93 5
102 188 4
102 221 4
102 263 7
102 283 7
102 302 4
102 330 7
102 347 5
102 382 5
102 406 8
102 417 3
102 479 9
102 489 4
102 511 7
102 526 7
102 543 2
102 641 5
102 745 5
102 766 7
102 803 3
102 823 8
102 884 2
102 897 3
102 898 8
102 920 4
102 947 3
102 995 6
102 1090 6
102 1130 6
102 1133 5
102 1193 9
102 1201 7
102 1230 7
102 1244 5
102 1277 9
102 1298 6
102 1336 7
102 1359 0
102 1389 3
102 1447 1
102 1477 5
102 1481 2
102 1506 7
102 1540 5
102 1542 4
102 1546 6
102 1560 4
102 1723 5
102 1745 5
102 1750 4
102 1783 6
102 1786 3
102 1895 5
102 1965 4
102 1971 5
102 2083 5
102 2129 8
102 2135 3
102 2199 4
102 2214 8
102 2216 1
102 2248 5
102 2276 3
102 2326 4
102 2396 5
102 2426 7
102 2456 3
102 2471 5
103 99 7
103 107 2
103 123 4
103 204 4
103 268 4
103 293 1
103 508 5
103 529 6
103 613 4
103 633 1
103 646 3
103 739 4
103 761 7
103 790 10
103 797 6
103 844 10
103 1109 4
103 1229 1
103 1236 6
103 1250 5
103 1295 4
103 1308 4
103 1352 3
103 1382 2
103 1419 3
103 1426 9
103 1480 4
103 1548 3
103 1596 9
103 1615 7
103 1643 5
103 1757 3
103 1781 5
103 1895 6
103 1915 3
103 1931 1
103 2040 2
103 2107 7
103 2116 6
103 2400 4
103 2452 7
103 2515 8
104 1 5
104 26 6
104 43 6
104 49 3
104 50 3
104 61 5
104 77 4
104 85 4
104 155 6
104 160 9
104 169 2
104 171 4
104 177 6
104 184 4
104 185 5
104 201 8
104 211 5
104 246 5
104 254 5
104 269 6
104 272 4
104 306 2
104 332 4
104 357 6
104 380 7
104 393 4
104 395 8
104 428 4
104 438 4
104 472 5
104 496 4
104 518 5
104 536 7
104 540 2
104 556 2
104 558 5
104 568 2
104 620 4
104 624 9
104 663 8
104 672 5
104 696 10
104 716 3
104 718 6
104 726 4
104 745 6
104 753 6
104 775 4
104 792 8
104 804 3
104 830 3
104 835 4
104 863 4
104 879 3
104 910 3
104 924 7
104 928 6
104 960 4
104 1003 5
104 1011 3
104 1025 7
104 1070 6
104 1083 4
104 1089 9
104 1105 6
104 1107 2
104 1135 6
104 1149 4
104 1154 7
104 1160 7
104 1176 6
104 1243 6
104 1290 2
104 1300 4
104 1311 7
104 1316 4
104 1321 6
104 1385 10
104 1456 10
104 1460 8
104 1461 0
104 1464 6
104 1483 7
104 1484 4
104 1555 9
104 1556 5
104 1662 4
104 1688 4
104 1714 8
104 1725 5
104 1736 4
104 1738 1
104 1739 3
104 1784 4
104 1819 0
104 1857 4
104 1900 5
104 1903 1
104 1917 5
104 1921 8
104 1957 6
104 1960 5
104 2006 5
104 2007 3
104 2062 5
104 2067 7
104 2073 6
104 2085 5
104 2137 8
104 2140 7
104 2171 2
104 2206 6
104 2211 4
104 2212 4
104 2221 4
104 2262 5
104 2306 3
104 2356 3
104 2361 10
104 2373 4
104 2407 3
104 2415 8
104 2497 6
105 78 5
105 331 7
105 375 6
105 744 6
105 1067 7
105 1260 5
105 1396 4
105 1758 10
105 1871 4
105 1885 3
105 2344 1
106 24 7
106 70 6
106 72 5
106 89 3
106 127 4
106 173 4
106 305 4
106 384 5
106 388 6
106 499 2
106 572 3
106 588 5
106 601 4
106 638 7
106 640 7
106 676 1
106 709 7
106 757 5
106 780 6
106 794 5
106 867 6
106 1039 5
106 1077 4
106 1136 1
106 1161 8
106 1177 6
106 1270 4
106 1280 3
106 1295 4
106 1316 4
106 1361 0
106 1383 5
106 1386 3
106 1462 4
106 1561 7
106 1635 7
106 1889 4
106 1903 0
106 1982 9
106 1996 2
106 2086 7
106 2279 8
106 2346 3
106 2364 6
106 2418 7
106 2500 2
107 106 1
107 116 3
107 125 7
107 158 9
107 190 6
107 364 3
107 555 7
107 559 8
107 680 6
107 771 2
107 801 3
107 885 4
107 1056 5
107 1073 4
107 1252 6
107 1520 4
107 1542 2
107 1594 10
107 1685 1
107 1763 0
107 1779 7
107 1988 10
107 2047 5
107 2079 5
107 2172 9
107 2236 6
107 2376 5
107 2504 6
108 51 9
108 64 3
108 76 4
108 281 6
108 333 4
108 504 5
108 604 5
108 726 4
108 890 5
108 903 4
108 908 10
108 944 3
108 968 2
108 998 3
108 1203 5
108 1224 8
108 1275 6
108 1335 2
108 1377 8
108 1450 6
108 1481 3
108 1570 4
108 1660 4
108 1791 5
108 1829 7
108 1847 2
108 1887 5
108 2015 5
108 2024 8
108 2123 3
108 2277 3
108 2285 4
108 2327 0
108 2355 7
108 2413 2
108 2462 4
109 8 2
109 94 4
109 134 7
109 152 4
109 188 4
109 216 4
109 262 2
109 314 7
109 328 8
109 455 2
109 492 8
109 528 3
109 530 5
109 621 6
109 649 9
109 692 4
109 763 4
109 847 4
109 890 4
109 993 6
109 1006 8
109 1050 5
109 1166 4
109 1193 10
109 1243 7
109 1308 4
109 1347 3
109 1350 5
109 1379 2
109 1397 6
109 1470 8
109 1475 3
109 1502 7
109 1550 2
109 1617 10
109 1673 5
109 1734 7
109 1785 3
109 1859 9
109 1892 1
109 1942 5
109 2041 5
109 2043 6
109 2061 2
109 2102 4
109 2105 4
109 2137 7
109 2167 8
109 2312 7
109 2410 6
109 2411 2
109 2437 7
109 2451 5
110 23 8
110 53 3
110 174 2
110 189 4
110 219 3
110 244 6
110 267 3
110 289 4
110 395 8
110 640 6
110 646 2
110 737 0
110 740 5
110 807 8
110 859 2
110 890 6
110 928 8
110 956 6
110 1029 3
110 1066 6
110 1076 8
110 1169 4
110 1242 4
110 1254 5
110 1266 5
110 1297 6
110 1300 6
110 1426 9
110 1428 6
110 1456 8
110 1484 4
110 1504 6
110 1523 5
110 1552 1
110 1608 5
110 1633 5
110 1650 7
110 1732 6
110 1758 9
110 1783 5
110 1830 5
110 1906 6
110 2005 4
110 2032 7
110 2034 2
110 2152 5
110 2166 6
110 2171 3
110 2252 3
110 2268 2
110 2289 4
110 2306 4
110 2382 2
110 2505 5
111 96 3
111 115 3
111 147 5
111 251 7
111 285 3
111 366 4
111 389 5
111 445 8
111 526 6
111 592 3
111 598 7
111 635 4
111 719 7
111 810 2
111 887 8
111 897 4
111 947 2
111 950 2
111 1003 4
111 1030 7
111 1037 6
111 1112 3
111 1126 3
111 1312 4
111 1330 4
111 1354 5
111 1356 3
111 1422 7
111 1453 5
111 1454 4
111 1483 7
111 1491 7
111 1559 7
111 1573 6
111 1579 3
111 1603 7
111 1609 7
111 1640 2
111 1686 5
111 1779 7
111 1923 8
111 2017 6
111 2033 2
111 2141 7
111 2241 1
111 2348 9
111 2365 3
111 2375 6
111 2421 9
111 2425 2
111 2488 4
111 2512 8
112 7 1
112 91 3
112 188 4
112 206 6
112 247 8
112 250 2
112 259 4
112 264 10
112 316 5
112 532 7
112 612 4
112 713 6
112 739 4
112 754 8
112 942 5
112 957 3
112 964 5
112 987 3
112 1166 4
112 1215 6
112 1302 7
112 1310 10
112 1360 3
112 1405 3
112 1594 9
112 1645 6
112 1744 6
112 1751 7
112 1757 2
112 1906 7
112 1916 5
112 2005 5
112 2192 6
112 2201 6
112 2244 6
112 2262 4
112 2333 4
112 2373 6
112 2430 7
112 2501 4
113 12 7
113 59 3
113 63 6
113 72 6
113 94 4
113 96 4
113 116 3
113 165 1
113 180 3
113 221 4
113 229 5
113 287 5
113 291 1
113 307 4
113 313 5
113 348 1
113 352 8
113 364 1
113 419 8
113 435 3
113 460 6
113 499 2
113 558 5
113 559 6
113 567 2
113 609 4
113 612 3
113 625 6
113 631 3
113 669 6
113 675 5
113 707 6
113 718 6
113 748 4
113 818 2
113 829 4
113 835 3
113 893 6
113 903 5
113 908 8
113 920 5
113 939 7
113 957 4
113 966 7
113 972 8
113 1017 6
113 1021 5
113 1034 7
113 1052 4
113 1133 5
113 1164 6
113 1192 3
113 1206 2
113 1214 5
113 1222 5
113 1224 9
113 1246 2
113 1260 4
113 1266 5
113 1289 6
113 1294 7
113 1314 1
113 1335 2
113 1336 9
113 1367 3
113 1456 9
113 1468 0
113 1477 5
113 1563 5
113 1573 4
113 1578 4
113 1585 5
113 1625 5
113 1659 10
113 1672 7
113 1674 5
113 1721 3
113 1768 6
113 1790 2
113 1826 8
113 1846 5
113 1847 2
113 1861 7
113 1907 4
113 1999 8
113 2006 6
113 2013 4
113 2014 4
113 2027 4
113 2032 7
113 2045 5
113 2050 3
113 2146 6
113 2173 10
113 2214 8
113 2219 5
113 2223 10
113 2247 4
113 2299 6
113 2300 3
113 2324 5
113 2349 6
113 2355 7
113 2358 6
113 2376 5
113 2378 5
113 2421 8
113 2435 4
113 2437 5
113 2455 5
113 2476 6
113 2511 4
114 60 2
114 372 3
114 1185 8
114 1355 4
114 1473 3
114 1515 5
114 1584 7
114 1605 7
114 1631 6
114 1679 5
114 1752 9
114 1859 8
114 1864 5
114 2092 8
114 2111 8
114 2113 6
114 2321 5
114 2434 2
115 35 3
115 48 4
115 69 8
115 75 6
115 91 4
115 222 7
115 396 6
115 424 4
115 581 3
115 640 6
115 760 4
115 786 4
115 808 2
115 831 6
115 845 2
115 895 3
115 1016 5
115 1036 7
115 1044 7
115 1068 4
115 1086 5
115 1141 8
115 1169 5
115 1198 6
115 1219 3
115 1398 3
115 1409 10
115 1544 3
115 1654 2
115 1721 1
115 1775 2
115 1825 6
115 1842 4
115 1893 4
115 1974 5
115 1977 3
115 2021 2
115 2042 8
115 2207 3
115 2254 6
115 2270 4
115 2302 3
115 2330 8
115 2373 5
115 2519 0
116 28 7
116 87 2
116 96 4
116 117 6
116 123 6
116 150 1
116 179 8
116 180 3
116 222 5
116 236 6
116 251 5
116 330 7
116 347 3
116 356 7
116 360 5
116 373 6
116 374 7
116 496 2
116 498 5
116 504 4
116 583 8
116 594 4
116 604 5
116 624 9
116 628 4
116 634 7
116 642 8
116 645 5
116 749 7
116 751 7
116 789 8
116 795 6
116 797 6
116 805 6
116 840 3
116 841 5
116 863 3
116 938 1
116 968 3
116 1012 4
116 1092 4
116 1106 5
116 1155 2
116 1213 4
116 1243 7
116 1330 5
116 1360 3
116 1406 9
116 1423 8
116 1464 7
116 1468 0
116 1502 8
116 1540 3
116 1553 9
116 1566 5
116 1620 4
116 1656 3
116 1679 5
116 1699 8
116 1729 5
116 1815 7
116 1925 4
116 1945 8
116 1955 7
116 2017 7
116 2061 3
116 2071 6
116 2086 6
116 2090 7
116 2124 5
116 2151 5
116 2205 8
116 2265 3
116 2277 1
116 2279 9
116 2288 9
116 2324 4
116 2429 6
116 2468 3
116 2478 7
117 7 3
117 1958 5
118 6 6
118 76 4
118 139 5
118 181 3
118 191 8
118 251 5
118 276 8
118 282 3
118 284 0
118 301 7
118 313 5
118 325 9
118 326 7
118 329 5
118 342 8
118 422 4
118 437 4
118 440 5
118 486 7
118 489 3
118 500 6
118 504 3
118 511 8
118 520 6
118 523 8
118 577 3
118 597 7
118 603 7
118 662 6
118 692 4
118 744 6
118 763 4
118 807 7
118 813 7
118 825 0
118 827 4
118 843 6
118 845 3
118 869 4
118 883 3
118 887 7
118 889 6
118 910 5
118 938 3
118 981 6
118 1034 6
118 1088 4
118 1189 2
118 1194 3
118 1204 3
118 1232 2
118 1280 4
118 1311 8
118 1325 6
118 1375 4
118 1397 5
118 1401 6
118 1405 2
118 1429 2
118 1513 1
118 1522 4
118 1544 2
118 1574 7
118 1578 4
118 1586 2
118 1626 4
118 1632 8
118 1666 6
118 1714 7
118 1730 5
118 1759 5
118 1775 3
118 1793 5
118 1814 2
118 1827 4
118 1837 6
118 1917 4
118 1921 7
118 1985 6
118 1996 4
118 2017 5
118 2024 8
118 2049 5
118 2076 2
118 2096 8
118 2098 2
118 2110 2
118 2122 3
118 2129 7
118 2136 1
118 2180 8
118 2203 3
118 2223 9
118 2233 8
118 2247 5
118 2276 3
118 2280 10
118 2285 4
118 2368 5
118 2436 3
118 2440 4
118 2450 8
118 2454 5
118 2487 9
119 130 8
119 152 5
119 154 3
119 170 7
119 287 6
119 298 6
119 311 8
119 368 5
119 371 7
119 391 4
119 410 4
119 436 6
119 564 5
119 591 6
119 687 6
119 705 7
119 733 5
119 754 7
119 822 6
119 857 3
119 870 8
119 871 6
119 878 4
119 915 4
119 943 9
119 1029 3
119 1094 3
119 1102 4
119 1138 2
119 1158 8
119 1175 3
119 1213 4
119 1268 4
119 1366 7
119 1375 4
119 1447 2
119 1492 3
119 1506 5
119 1542 2
119 1549 4
119 1562 7
119 1583 7
119 1627 1
119 1651 5
119 1654 0
119 1669 8
119 1678 8
119 1723 6
119 1725 3
119 1798 4
119 1874 2
119 1939 9
119 1969 0
119 2040 3
119 2078 4
119 2121 3
119 2188 2
119 2228 8
119 2280 10
119 2284 4
119 2507 3
120 6 6
120 14 6
120 18 4
120 37 6
120 167 8
120 177 5
120 202 3
120 288 9
120 325 7
120 340 7
120 369 5
120 374 5
120 397 7
120 437 5
120 442 7
120 448 9
120 461 9
120 484 3
120 505 4
120 510 5
120 511 8
120 517 8
120 520 5
120 548 4
120 582 5
120 593 6
120 628 3
120 643 1
120 644 6
120 647 4
120 657 5
120 664 6
120 691 9
120 710 5
120 713 4
120 811 3
120 817 8
120 865 4
120 875 4
120 877 2
120 886 8
120 893 7
120 906 5
120 916 3
120 940 3
120 948 8
120 980 5
120 1012 3
120 1018 0
120 1133 5
120 1152 0
120 1163 5
120 1165 6
120 1175 4
120 1244 4
120 1253 9
120 1262 5
120 1271 7
120 1282 4
120 1323 5
120 1367 5
120 1408 2
120 1443 8
120 1447 1
120 1462 2
120 1482 3
120 1537 6
120 1549 4
120 1552 0
120 1558 4
120 1575 6
120 1615 5
120 1636 5
120 1662 3
120 1705 8
120 1743 8
120 1748 5
120 1749 8
120 1766 5
120 1789 6
120 1792 2
120 1809 5
120 1816 5
120 1828 2
120 1866 5
120 1881 5
120 1917 5
120 1918 5
120 1941 6
120 1956 5
120 1999 9
120 2046 2
120 2066 6
120 2083 3
120 2085 6
120 2090 6
120 2097 7
120 2102 6
120 2125 4
120 2148 7
120 2173 9
120 2201 5
120 2236 7
120 2242 2
120 2267 6
120 2274 0
120 2275 4
120 2301 4
120 2312 8
120 2320 5
120 2330 8
120 2340 8
120 2349 8
120 2374 8
120 2406 8
120 2414 2
120 2443 2
120 2452 7
120 2456 3
120 2465 7
121 12 8
121 33 6
121 68 5
121 78 5
121 90 4
121 131 6
121 155 5
121 169 3
121 172 5
121 207 1
121 218 5
121 219 4
121 298 6
121 307 4
121 373 6
121 398 2
121 433 5
121 445 9
121 465 0
121 474 6
121 479 9
121 484 4
121 561 4
121 585 4
121 614 3
121 633 2
121 667 4
121 711 5
121 727 3
121 732 6
121 762 3
121 799 1
121 854 3
121 869 2
121 876 6
121 898 10
121 899 5
121 982 3
121 1011 2
121 1023 10
121 1049 7
121 1069 2
121 1075 9
121 1095 3
121 1106 7
121 1112 4
121 1168 5
121 1171 5
121 1221 6
121 1226 10
121 1244 4
121 1283 4
121 1319 5
121 1320 8
121 1322 7
121 1326 5
121 1340 4
121 1346 4
121 1347 3
121 1357 8
121 1385 10
121 1403 5
121 1412 4
121 1458 6
121 1485 6
121 1566 4
121 1585 5
121 1603 5
121 1622 3
121 1646 4
121 1652 3
121 1680 0
121 1696 3
121 1701 7
121 1706 5
121 1727 4
121 1747 6
121 1748 5
121 1753 2
121 1770 5
121 1818 1
121 1828 2
121 1833 6
121 1855 6
121 1910 2
121 1929 4
121 1937 5
121 1941 6
121 1956 5
121 1979 5
121 1994 1
121 2018 4
121 2034 2
121 2055 8
121 2088 4
121 2260 5
121 2297 2
121 2300 3
121 2302 4
121 2370 3
121 2392 2
121 2413 2
121 2461 4
121 2517 5
122 129 7
122 137 5
122 150 2
122 172 3
122 208 4
122 282 4
122 295 4
122 382 7
122 501 7
122 528 4
122 577 2
122 635 2
122 772 8
122 824 6
122 841 3
122 942 4
122 1022 4
122 1078 2
122 1098 8
122 1100 3
122 1109 4
122 1110 7
122 1211 5
122 1257 7
122 1287 6
122 1587 4
122 1630 6
122 1653 1
122 1667 7
122 1676 3
122 1690 6
122 1777 5
122 1861 7
122 1898 3
122 1926 7
122 2054 7
122 2150 7
122 2207 3
122 2211 5
122 2331 5
122 2336 7
123 15 5
123 23 6
123 31 6
123 36 2
123 51 10
123 56 6
123 72 6
123 126 7
123 155 5
123 164 6
123 169 4
123 198 1
123 265 4
123 272 3
123 320 4
123 350 5
123 356 6
123 373 8
123 375 5
123 380 8
123 399 6
123 401 3
123 478 5
123 509 4
123 558 5
123 583 9
123 607 2
123 647 2
123 652 7
123 662 6
123 710 4
123 790 10
123 852 6
123 882 1
123 888 7
123 896 6
123 944 4
123 955 4
123 978 10
123 980 6
123 993 5
123 996 6
123 997 7
123 1000 8
123 1028 5
123 1033 7
123 1037 5
123 1087 6
123 1095 4
123 1118 8
123 1131 6
123 1157 9
123 1184 6
123 1194 3
123 1195 2
123 1208 7
123 1226 8
123 1236 5
123 1250 3
123 1263 7
123 1283 3
123 1304 8
123 1327 3
123 1338 4
123 1346 4
123 1400 6
123 1412 6
123 1472 6
123 1474 5
123 1490 6
123 1493 1
123 1497 5
123 1518 4
123 1530 10
123 1540 4
123 1541 4
123 1554 6
123 1564 8
123 1568 4
123 1596 8
123 1598 5
123 1610 6
123 1642 5
123 1658 5
123 1667 7
123 1670 8
123 1688 5
123 1694 3
123 1701 5
123 1783 7
123 1799 7
123 1816 6
123 1831 7
123 1837 6
123 1849 6
123 1853 7
123 1890 3
123 1910 2
123 1927 6
123 1928 4
123 1947 6
123 1954 4
123 2028 6
123 2058 8
123 2124 6
123 2127 4
123 2159 6
123 2167 7
123 2204 5
123 2241 2
123 2244 6
123 2256 3
123 2266 5
123 2272 5
123 2371 3
123 2380 5
123 2398 7
123 2428 5
123 2508 7
124 560 5
124 1561 5
124 1883 5
124 2108 3
124 2397 3
124 2405 7
124 2519 0
125 22 1
125 26 6
125 74 4
125 133 7
125 167 9
125 208 3
125 217 7
125 243 0
125 263 6
125 274 6
125 312 5
125 316 5
125 336 5
125 361 3
125 403 8
125 437 5
125 447 4
125 463 5
125 471 4
125 490 4
125 493 9
125 561 4
125 569 9
125 577 2
125 582 7
125 603 9
125 604 5
125 606 6
125 644 7
125 651 4
125 656 3
125 695 6
125 701 9
125 720 6
125 754 6
125 766 8
125 814 7
125 824 5
125 865 3
125 876 6
125 879 2
125 893 6
125 911 4
125 923 2
125 962 2
125 1001 2
125 1014 7
125 1053 5
125 1057 9
125 1130 8
125 1176 6
125 1182 4
125 1192 3
125 1193 9
125 1210 7
125 1221 6
125 1259 7
125 1265 6
125 1267 7
125 1268 5
125 1273 7
125 1289 6
125 1323 4
125 1339 6
125 1348 7
125 1351 4
125 1372 7
125 1389 2
125 1393 1
125 1397 5
125 1410 3
125 1411 7
125 1417 8
125 1432 5
125 1434 4
125 1446 8
125 1459 4
125 1474 6
125 1508 2
125 1530 10
125 1534 3
125 1671 4
125 1723 6
125 1724 4
125 1738 3
125 1742 2
125 1744 6
125 1761 5
125 1764 7
125 1774 5
125 1779 8
125 1783 7
125 1787 7
125 1798 6
125 1885 5
125 1894 4
125 1908 3
125 1940 5
125 1943 10
125 1946 6
125 1951 1
125 1996 3
125 2098 3
125 2099 6
125 2129 8
125 2225 8
125 2255 5
125 2259 5
125 2271 10
125 2320 6
125 2355 7
125 2362 5
125 2378 6
125 2391 5
125 2407 3
125 2464 2
125 2502 3
125 2513 4
125 2519 0
126 24 7
126 95 5
126 114 7
126 119 5
126 138 3
126 160 10
126 187 7
126 191 9
126 214 6
126 216 2
126 240 5
126 248 7
126 257 2
126 366 6
126 378 2
126 395 8
126 431 8
126 453 6
126 472 7
126 477 4
126 492 7
126 569 8
126 587 5
126 596 2
126 634 8
126 635 4
126 662 8
126 757 5
126 758 3
126 763 4
126 809 8
126 843 5
126 862 7
126 871 5
126 880 2
126 910 5
126 924 8
126 1012 4
126 1019 4
126 1103 4
126 1143 6
126 1161 9
126 1183 7
126 1192 4
126 1207 5
126 1216 7
126 1231 2
126 1240 4
126 1269 4
126 1333 9
126 1340 2
126 1348 7
126 1353 6
126 1355 3
126 1368 2
126 1380 6
126 1395 10
126 1421 5
126 1445 8
126 1484 6
126 1529 6
126 1534 3
126 1579 4
126 1586 3
126 1601 5
126 1613 5
126 1615 6
126 1626 6
126 1632 6
126 1663 3
126 1716 4
126 1729 7
126 1730 5
126 1771 3
126 1781 7
126 1814 2
126 1908 3
126 1914 4
126 1918 5
126 1923 6
126 1929 5
126 1930 5
126 1941 5
126 1960 5
126 1963 5
126 2026 6
126 2061 3
126 2096 8
126 2173 9
126 2175 4
126 2176 0
126 2189 3
126 2218 2
126 2233 8
126 2247 3
126 2250 2
126 2255 6
126 2278 5
126 2283 4
126 2284 3
126 2399 3
126 2400 5
126 2408 5
126 2412 5
126 2415 7
126 2441 4
126 2447 4
126 2452 6
126 2463 7
126 2503 7
126 2512 9
126 2518 5
127 367 7
127 374 5
127 612 5
127 987 4
127 1243 7
127 1251 6
127 1772 6
127 1851 5
127 1923 6
127 1979 5
127 2260 5
127 2287 4
127 2366 5
127 2476 5
127 2515 9
128 5 8
128 18 6
128 35 5
128 104 7
128 139 4
128 144 5
128 146 8
128 176 6
128 180 3
128 194 7
128 217 7
128 227 9
128 245 8
128 258 9
128 279 8
128 314 7
128 328 7
128 372 4
128 402 6
128 419 6
128 424 3
128 446 7
128 510 5
128 616 2
128 634 8
128 643 0
128 673 4
128 810 1
128 840 5
128 845 4
128 846 5
128 874 3
128 917 4
128 964 5
128 1044 9
128 1096 10
128 1138 4
128 1150 5
128 1169 5
128 1199 6
128 1210 8
128 1248 6
128 1253 9
128 1261 5
128 1281 5
128 1300 6
128 1320 7
128 1340 4
128 1363 4
128 1384 7
128 1437 4
128 1463 2
128 1478 7
128 1504 6
128 1561 5
128 1571 3
128 1624 5
128 1699 7
128 1731 7
128 1754 8
128 1809 7
128 1820 6
128 1835 2
128 1839 4
128 1887 5
128 1923 6
128 1952 4
128 1982 8
128 1984 6
128 2025 3
128 2034 3
128 2057 10
128 2066 8
128 2075 5
128 2250 3
128 2267 4
128 2319 3
128 2357 1
128 2362 5
128 2373 4
128 2386 6
128 2416 2
128 2445 1
128 2503 7
128 2517 7
129 12 9
129 30 7
129 79 5
129 81 5
129 95 6
129 105 9
129 219 2
129 318 3
129 323 7
129 392 4
129 397 6
129 454 5
129 485 7
129 492 7
129 496 4
129 499 4
129 556 3
129 630 2
129 691 9
129 725 3
129 814 7
129 836 4
129 900 7
129 903 4
129 983 8
129 1109 3
129 1111 6
129 1216 7
129 1339 5
129 1346 4
129 1400 7
129 1431 5
129 1457 8
129 1479 0
129 1485 5
129 1489 3
129 1512 5
129 1661 7
129 1676 3
129 1794 2
129 1850 4
129 1857 5
129 1926 9
129 2002 6
129 2025 4
129 2028 8
129 2064 5
129 2065 3
129 2082 6
129 2091 4
129 2133 1
129 2149 5
129 2162 9
129 2178 5
129 2181 5
129 2198 6
129 2226 5
129 2283 6
129 2306 5
129 2310 8
129 2324 4
129 2344 2
129 2396 7
129 2402 4
129 2432 2
129 2494 9
130 10 6
130 50 2
130 90 4
130 168 4
130 181 3
130 302 4
130 441 4
130 752 8
130 945 6
130 1414 8
130 1472 5
130 1494 9
130 1516 8
130 1700 6
130 1714 7
130 1739 3
130 1764 7
130 2088 6
130 2182 10
130 2274 2
130 2363 6
130 2415 8
131 55 6
131 163 4
131 325 8
131 1792 1
132 2 6
132 17 5
132 19 2
132 22 1
132 41 7
132 44 5
132 84 1
132 93 7
132 109 4
132 116 3
132 130 9
132 162 4
132 164 6
132 175 0
132 182 4
132 184 5
132 200 5
132 251 7
132 271 0
132 295 3
132 314 8
132 315 8
132 357 6
132 359 4
132 364 1
132 387 10
132 406 7
132 484 5
132 567 3
132 569 9
132 626 2
132 717 3
132 739 4
132 745 6
132 758 3
132 763 6
132 795 6
132 818 1
132 830 4
132 920 6
132 939 5
132 949 5
132 970 5
132 973 6
132 979 1
132 988 0
132 989 6
132 1000 8
132 1018 0
132 1020 1
132 1032 1
132 1078 3
132 1083 2
132 1091 4
132 1092 4
132 1097 8
132 1132 6
132 1153 3
132 1178 5
132 1197 5
132 1199 6
132 1258 5
132 1262 5
132 1298 7
132 1301 7
132 1324 6
132 1325 7
132 1336 9
132 1352 3
132 1413 3
132 1449 5
132 1468 1
132 1503 6
132 1509 6
132 1511 9
132 1525 3
132 1550 2
132 1552 2
132 1562 7
132 1568 4
132 1612 4
132 1625 6
132 1660 4
132 1669 8
132 1727 4
132 1790 3
132 1830 6
132 1840 4
132 1852 5
132 1863 5
132 1876 6
132 1897 5
132 1901 3
132 1928 3
132 2023 4
132 2026 6
132 2028 7
132 2073 8
132 2109 4
132 2160 7
132 2183 4
132 2200 4
132 2212 3
132 2215 3
132 2219 5
132 2243 6
132 2254 7
132 2289 2
132 2301 4
132 2315 2
132 2340 8
132 2374 6
132 2395 3
132 2406 6
132 2431 5
132 2441 5
132 2462 2
132 2480 4
132 2503 6
132 2513 5
133 24 6
133 26 6
133 37 7
133 60 4
133 79 3
133 81 5
133 85 4
133 94 4
133 109 5
133 128 6
133 135 3
133 179 6
133 198 3
133 199 4
133 217 7
133 220 3
133 249 2
133 251 7
133 257 4
133 290 6
133 385 5
133 429 5
133 477 3
133 483 10
133 549 2
133 579 7
133 580 5
133 584 5
133 595 4
133 656 5
133 718 7
133 748 5
133 794 4
133 831 5
133 845 2
133 947 2
133 959 6
133 969 10
133 1023 10
133 1053 5
133 1062 5
133 1180 2
133 1209 4
133 1321 6
133 1327 4
133 1335 4
133 1366 7
133 1378 7
133 1390 1
133 1392 1
133 1411 5
133 1444 4
133 1516 6
133 1561 6
133 1587 6
133 1640 4
133 1654 1
133 1680 1
133 1700 6
133 1800 7
133 1834 1
133 1848 7
133 1884 3
133 1940 6
133 2010 6
133 2012 0
133 2013 3
133 2145 3
133 2180 8
133 2201 6
133 2202 3
133 2204 7
133 2232 4
133 2313 2
133 2395 1
133 2450 8
133 2481 8
133 2496 8
133 2516 4
134 19 4
134 55 7
134 90 3
134 137 5
134 249 3
134 291 3
134 305 4
134 332 4
134 334 3
134 344 3
134 351 6
134 373 7
134 376 8
134 387 9
134 391 3
134 484 3
134 611 5
134 619 7
134 644 6
134 685 6
134 770 4
134 785 3
134 787 7
134 827 3
134 830 2
134 843 6
134 856 8
134 876 8
134 901 3
134 903 4
134 919 8
134 934 4
134 938 2
134 940 5
134 949 6
134 992 0
134 1007 6
134 1028 4
134 1082 3
134 1121 4
134 1142 7
134 1146 3
134 1147 8
134 1169 4
134 1176 8
134 1192 5
134 1212 7
134 1260 5
134 1279 7
134 1291 6
134 1304 8
134 1315 6
134 1330 6
134 1351 5
134 1366 7
134 1421 6
134 1526 6
134 1530 10
134 1582 5
134 1607 3
134 1626 4
134 1645 6
134 1684 7
134 1699 8
134 1710 5
134 1734 6
134 1752 7
134 1767 5
134 1768 5
134 1774 6
134 1804 5
134 1854 5
134 1887 5
134 1932 2
134 1942 5
134 1960 4
134 1971 6
134 1992 4
134 2016 6
134 2024 7
134 2032 6
134 2047 3
134 2053 3
134 2056 1
134 2104 6
134 2105 6
134 2230 8
134 2238 6
134 2241 1
134 2322 6
134 2336 5
134 2347 10
134 2351 2
134 2395 2
134 2399 4
134 2443 3
134 2460 4
134 2501 3
134 2505 7
134 2519 0
135 6 4
135 65 3
135 86 5
135 142 6
135 472 6
135 650 4
135 652 6
135 881 6
135 956 6
135 985 2
135 1020 0
135 1071 4
135 1082 1
135 1091 4
135 1545 5
135 1674 7
135 1732 6
135 1743 8
135 1750 4
135 1979 5
135 2050 4
135 2290 5
135 2308 6
135 2309 6
135 2474 2
135 2512 9
136 516 5
136 652 8
136 742 5
136 746 2
136 791 1
136 828 7
136 857 2
136 1391 4
136 1398 4
136 1791 4
136 1875 7
136 1950 7
136 2412 7
137 2 6
137 16 4
137 32 5
137 47 8
137 73 2
137 91 5
137 195 7
137 317 3
137 353 4
137 418 7
137 478 4
137 505 3
137 563 4
137 589 0
137 710 3
137 741 4
137 790 9
137 792 8
137 794 4
137 805 6
137 829 5
137 839 8
137 852 6
137 858 6
137 860 4
137 863 3
137 907 4
137 914 4
137 952 6
137 969 10
137 991 0
137 1015 4
137 1059 8
137 1088 2
137 1103 5
137 1104 5
137 1140 3
137 1163 4
137 1206 4
137 1227 6
137 1268 4
137 1301 6
137 1341 1
137 1345 7
137 1404 3
137 1421 4
137 1427 5
137 1488 4
137 1491 8
137 1499 1
137 1526 6
137 1577 5
137 1678 7
137 1731 5
137 1732 4
137 1758 10
137 1759 6
137 1884 2
137 1890 5
137 1974 7
137 1996 4
137 2074 7
137 2081 3
137 2112 3
137 2115 5
137 2146 6
137 2153 5
137 2175 2
137 2200 4
137 2210 8
137 2220 3
137 2233 8
137 2244 5
137 2261 3
137 2301 4
137 2372 4
137 2424 8
137 2433 8
137 2437 7
137 2511 5
138 42 5
138 69 8
138 132 3
138 136 3
138 138 2
138 164 5
138 198 3
138 199 3
138 223 7
138 232 3
138 348 2
138 392 3
138 432 4
138 442 7
138 490 2
138 532 6
138 539 5
138 559 8
138 639 4
138 644 8
138 673 3
138 677 3
138 695 8
138 721 8
138 765 2
138 769 7
138 825 2
138 854 3
138 855 8
138 867 4
138 892 8
138 935 6
138 951 2
138 1002 6
138 1075 10
138 1077 5
138 1086 6
138 1092 4
138 1141 6
138 1149 3
138 1164 7
138 1187 5
138 1269 3
138 1292 3
138 1332 5
138 1421 6
138 1452 2
138 1546 6
138 1560 5
138 1595 4
138 1632 8
138 1661 7
138 1667 7
138 1799 7
138 1820 5
138 1841 2
138 1873 3
138 1899 2
138 1922 4
138 1931 0
138 1946 6
138 1990 7
138 2017 6
138 2029 5
138 2047 4
138 2053 3
138 2158 2
138 2174 5
138 2196 5
138 2284 4
138 2359 3
138 2495 6
138 2517 7
139 62 3
139 77 4
139 328 6
139 381 9
139 408 8
139 491 7
139 573 4
139 750 7
139 1109 2
139 1544 1
139 1571 3
139 2408 5
