Seed: 1892823247
Researcher: 120
Papers: 1680
Edges: 5489
RDensity: None
minScore: 0
maxScore: 10
maxResearcherForPaper: None
maxPaperForResearcher: None
ToAssign: 300
0 59 5
0 74 5
0 102 9
0 112 5
0 127 6
0 186 4
0 253 7
0 315 4
0 332 1
0 360 5
0 361 7
0 408 5
0 503 6
0 516 9
0 617 5
0 644 2
0 679 1
0 695 2
0 736 8
0 753 5
0 781 3
0 859 5
0 870 3
0 901 3
0 936 4
0 949 4
0 996 8
0 1085 4
0 1095 6
0 1161 3
0 1250 6
0 1272 7
0 1283 9
0 1348 6
0 1391 9
0 1433 3
0 1463 9
0 1621 4
0 1633 7
0 1639 6
1 43 7
1 59 5
1 68 4
1 104 6
1 154 6
1 196 2
1 219 10
1 288 7
1 326 4
1 465 6
1 469 6
1 771 2
1 828 10
1 835 2
1 884 5
1 908 3
1 1056 4
1 1110 7
1 1127 3
1 1196 6
1 1321 4
1 1394 7
1 1475 6
1 1480 6
1 1573 2
1 1590 8
1 1673 5
2 75 7
2 101 7
2 195 3
2 264 8
2 278 4
2 334 5
2 338 5
2 633 3
2 642 6
2 667 5
2 706 3
2 778 8
2 831 4
2 1050 4
2 1100 6
2 1255 4
2 1410 7
2 1469 3
2 1543 1
3 143 5
3 625 8
3 661 7
3 698 5
3 949 6
3 1341 5
4 441 5
4 540 5
4 1450 4
5 6 6
5 9 1
5 16 0
5 52 7
5 58 4
5 64 6
5 101 7
5 124 9
5 126 1
5 128 5
5 187 7
5 192 7
5 199 5
5 200 6
5 253 5
5 254 4
5 310 4
5 343 3
5 398 8
5 421 5
5 444 2
5 478 4
5 485 3
5 500 5
5 505 4
5 524 5
5 526 7
5 541 4
5 585 4
5 607 6
5 629 7
5 646 7
5 667 5
5 671 4
5 677 7
5 705 4
5 710 6
5 719 6
5 723 4
5 725 2
5 805 7
5 817 3
5 861 4
5 882 3
5 899 3
5 907 10
5 909 3
5 912 6
5 919 5
5 926 3
5 935 2
5 959 5
5 960 6
5 973 4
5 1034 7
5 1051 3
5 1064 6
5 1073 3
5 1104 5
5 1115 5
5 1124 6
5 1134 6
5 1150 8
5 1196 6
5 1220 8
5 1225 1
5 1231 4
5 1252 6
5 1287 4
5 1294 5
5 1298 3
5 1305 3
5 1362 8
5 1382 5
5 1403 3
5 1473 6
5 1573 4
5 1589 5
5 1599 1
5 1626 7
5 1643 6
6 63 1
6 73 5
6 78 4
6 101 6
6 142 8
6 164 6
6 221 5
6 230 6
6 259 7
6 285 3
6 286 4
6 290 5
6 326 5
6 350 3
6 353 3
6 356 7
6 421 4
6 459 9
6 468 5
6 492 6
6 496 8
6 502 8
6 513 7
6 515 6
6 529 7
6 597 10
6 602 8
6 608 8
6 639 6
6 661 5
6 704 6
6 708 2
6 726 9
6 735 0
6 808 5
6 851 6
6 896 5
6 897 4
6 932 6
6 940 6
6 943 2
6 954 4
6 975 9
6 977 4
6 998 3
6 1044 8
6 1068 3
6 1116 5
6 1118 5
6 1134 8
6 1192 4
6 1212 5
6 1213 3
6 1240 6
6 1248 3
6 1331 8
6 1393 2
6 1396 6
6 1409 2
6 1434 4
6 1449 5
6 1499 4
6 1510 4
6 1523 6
6 1540 6
6 1628 7
6 1638 2
7 55 2
7 58 4
7 136 7
7 149 6
7 154 6
7 200 7
7 233 4
7 286 3
7 315 5
7 319 3
7 334 6
7 418 8
7 423 5
7 521 7
7 524 4
7 537 5
7 543 2
7 616 1
7 620 8
7 630 6
7 661 5
7 683 3
7 753 5
7 756 5
7 780 2
7 837 6
7 865 5
7 879 3
7 900 3
7 947 1
7 966 7
7 978 4
7 981 3
7 991 6
7 1059 6
7 1067 4
7 1104 5
7 1157 10
7 1159 7
7 1190 5
7 1204 8
7 1237 2
7 1252 6
7 1285 6
7 1361 6
7 1369 6
7 1374 3
7 1377 2
7 1387 3
7 1389 2
7 1403 3
7 1417 5
7 1444 2
7 1448 7
7 1651 4
7 1675 4
7 1679 0
8 29 3
8 83 6
8 148 2
8 201 4
8 262 10
8 271 10
8 299 4
8 325 2
8 376 6
8 380 6
8 383 6
8 391 6
8 398 6
8 400 7
8 403 5
8 418 9
8 464 3
8 466 5
8 599 4
8 647 1
8 664 4
8 672 7
8 723 5
8 732 4
8 831 5
8 841 7
8 896 5
8 953 5
8 961 5
8 1010 8
8 1019 6
8 1021 7
8 1032 5
8 1054 7
8 1089 5
8 1129 4
8 1135 3
8 1144 6
8 1163 3
8 1186 7
8 1187 2
8 1209 6
8 1251 5
8 1285 8
8 1294 5
8 1311 5
8 1406 5
8 1413 6
8 1443 8
8 1447 4
8 1456 3
8 1480 7
8 1517 4
8 1524 3
8 1530 2
8 1548 1
8 1563 4
8 1575 4
8 1637 7
8 1654 4
8 1675 4
9 31 7
9 562 3
9 791 4
9 1098 4
10 0 6
10 17 6
10 71 8
10 76 6
10 118 6
10 158 5
10 174 5
10 244 5
10 291 5
10 314 3
10 371 10
10 450 2
10 454 1
10 470 3
10 488 6
10 502 6
10 521 7
10 550 4
10 603 3
10 639 6
10 698 5
10 712 2
10 725 3
10 729 3
10 766 3
10 822 4
10 847 7
10 878 3
10 892 7
10 903 6
10 919 3
10 937 7
10 951 4
10 960 4
10 1039 5
10 1127 2
10 1141 4
10 1142 4
10 1241 6
10 1284 4
10 1314 7
10 1380 7
10 1453 8
10 1467 7
10 1498 7
10 1531 8
10 1554 4
10 1583 3
10 1595 3
10 1620 2
10 1640 6
11 135 6
11 172 5
11 268 9
11 448 3
11 505 6
11 535 5
11 661 6
11 817 3
11 1074 7
11 1160 10
11 1296 6
11 1321 3
11 1376 5
11 1487 5
11 1630 7
12 30 3
12 550 4
12 621 2
13 36 3
13 42 7
13 44 7
13 60 1
13 79 3
13 98 5
13 104 5
13 129 8
13 130 5
13 171 4
13 185 8
13 212 5
13 227 5
13 228 3
13 243 1
13 295 4
13 321 4
13 323 2
13 352 7
13 427 5
13 465 8
13 480 5
13 507 4
13 648 3
13 651 10
13 694 6
13 772 8
13 826 7
13 846 6
13 952 4
13 988 6
13 1020 8
13 1037 3
13 1039 4
13 1064 7
13 1101 6
13 1149 5
13 1172 6
13 1188 2
13 1201 7
13 1251 7
13 1273 5
13 1374 2
13 1428 6
13 1429 3
13 1430 4
13 1462 6
13 1481 8
13 1485 3
13 1534 4
13 1561 5
13 1571 4
13 1603 4
13 1615 9
13 1623 4
13 1642 4
13 1645 7
13 1659 3
13 1666 5
14 39 6
14 45 5
14 81 2
14 84 2
14 86 3
14 88 8
14 134 8
14 155 2
14 161 7
14 313 4
14 315 4
14 347 9
14 400 5
14 405 4
14 428 5
14 526 6
14 575 5
14 642 7
14 652 5
14 659 6
14 666 3
14 688 2
14 689 6
14 695 3
14 745 8
14 820 7
14 843 6
14 860 4
14 877 5
14 895 6
14 901 4
14 908 4
14 923 6
14 957 6
14 969 7
14 975 9
14 980 4
14 1032 5
14 1068 2
14 1076 4
14 1096 4
14 1101 7
14 1143 9
14 1145 4
14 1171 1
14 1173 3
14 1179 4
14 1185 3
14 1225 2
14 1238 3
14 1241 5
14 1244 7
14 1260 6
14 1261 4
14 1269 10
14 1276 4
14 1289 3
14 1306 3
14 1313 4
14 1326 5
14 1338 3
14 1371 3
14 1372 7
14 1377 1
14 1407 3
14 1437 4
14 1478 5
14 1479 8
14 1504 5
14 1520 6
14 1542 8
14 1612 4
14 1629 7
14 1637 6
14 1642 2
14 1656 10
14 1661 2
15 2 6
15 12 7
15 53 7
15 75 8
15 142 8
15 148 0
15 149 6
15 248 5
15 289 6
15 303 8
15 322 8
15 338 3
15 446 7
15 477 8
15 486 5
15 497 0
15 500 3
15 501 4
15 548 4
15 563 4
15 593 7
15 647 2
15 708 3
15 766 5
15 792 3
15 816 9
15 845 3
15 877 6
15 911 6
15 952 4
15 966 6
15 1005 9
15 1025 6
15 1030 6
15 1056 5
15 1084 4
15 1102 6
15 1142 6
15 1145 6
15 1210 7
15 1216 6
15 1225 1
15 1243 7
15 1261 5
15 1322 5
15 1355 2
15 1374 3
15 1431 10
15 1437 3
15 1454 4
15 1460 7
15 1478 7
15 1493 4
15 1504 5
15 1536 6
15 1607 7
15 1645 7
16 49 3
16 60 1
16 136 7
16 145 8
16 256 4
16 326 5
16 340 5
16 365 5
16 416 4
16 426 2
16 465 7
16 496 7
16 520 6
16 527 9
16 559 9
16 597 8
16 644 2
16 661 7
16 697 8
16 731 2
16 787 3
16 795 6
16 810 4
16 825 6
16 848 6
16 857 4
16 861 5
16 1044 6
16 1069 4
16 1116 5
16 1127 2
16 1295 6
16 1319 9
16 1389 3
16 1394 9
16 1404 8
16 1441 7
16 1465 10
16 1513 9
16 1524 1
16 1538 4
16 1544 2
16 1558 4
16 1574 1
16 1632 8
16 1675 5
17 897 4
17 1147 8
17 1327 2
17 1329 6
17 1603 5
18 38 5
18 98 6
18 115 7
18 157 6
18 163 3
18 200 7
18 219 9
18 278 3
18 285 3
18 293 8
18 331 10
18 391 8
18 490 4
18 523 3
18 538 8
18 619 6
18 641 3
18 709 3
18 745 7
18 756 5
18 761 3
18 765 5
18 770 3
18 786 5
18 802 4
18 864 5
18 899 2
18 903 6
18 905 8
18 925 0
18 946 6
18 1026 5
18 1044 8
18 1097 4
18 1100 8
18 1152 6
18 1169 6
18 1206 7
18 1207 1
18 1217 4
18 1218 5
18 1219 2
18 1256 4
18 1260 7
18 1270 4
18 1288 3
18 1339 6
18 1343 3
18 1386 4
18 1401 5
18 1428 5
18 1456 5
18 1477 3
18 1487 5
18 1492 5
18 1501 4
18 1539 4
18 1552 3
18 1579 6
18 1580 7
18 1583 5
19 1 4
19 4 7
19 33 6
19 36 3
19 70 7
19 128 4
19 136 6
19 144 4
19 150 8
19 153 8
19 160 9
19 161 7
19 172 5
19 231 5
19 254 3
19 277 7
19 282 4
19 460 2
19 494 4
19 516 10
19 522 5
19 565 4
19 579 4
19 584 6
19 597 10
19 605 4
19 616 3
19 624 6
19 674 0
19 688 4
19 711 4
19 757 3
19 761 4
19 769 5
19 779 3
19 789 4
19 801 3
19 805 8
19 809 5
19 829 4
19 831 5
19 860 4
19 865 6
19 868 4
19 911 5
19 927 7
19 939 6
19 973 4
19 1027 5
19 1075 4
19 1109 6
19 1131 9
19 1169 6
19 1173 3
19 1211 3
19 1222 6
19 1231 4
19 1296 5
19 1306 2
19 1341 4
19 1358 4
19 1363 9
19 1388 2
19 1422 1
19 1449 6
19 1474 4
19 1479 8
19 1482 4
19 1502 6
19 1521 2
19 1537 3
19 1548 3
19 1550 7
19 1551 4
19 1567 5
19 1653 3
19 1656 8
20 55 2
20 74 4
20 86 1
20 109 5
20 111 6
20 163 4
20 165 5
20 176 5
20 226 5
20 236 6
20 240 3
20 244 5
20 280 2
20 311 2
20 395 6
20 435 5
20 467 4
20 525 5
20 608 8
20 612 7
20 626 6
20 638 2
20 683 3
20 715 8
20 733 3
20 761 3
20 832 7
20 875 2
20 891 4
20 906 8
20 989 1
20 1019 6
20 1079 3
20 1132 7
20 1136 2
20 1139 5
20 1159 6
20 1195 6
20 1199 10
20 1215 6
20 1225 2
20 1262 8
20 1263 6
20 1333 5
20 1354 5
20 1360 6
20 1393 4
20 1454 5
20 1486 5
20 1492 3
20 1493 6
20 1506 6
20 1513 8
20 1547 3
20 1578 2
20 1596 6
20 1637 7
20 1644 8
20 1665 3
20 1677 4
21 43 7
21 100 8
21 156 6
21 160 8
21 192 9
21 209 5
21 231 7
21 252 8
21 280 2
21 297 6
21 312 0
21 319 5
21 336 5
21 337 4
21 379 9
21 420 6
21 429 5
21 431 5
21 493 3
21 503 5
21 510 5
21 529 7
21 549 8
21 583 6
21 595 6
21 601 7
21 605 4
21 633 4
21 679 3
21 685 7
21 695 4
21 714 5
21 773 5
21 800 2
21 878 3
21 914 4
21 915 8
21 933 5
21 967 3
21 974 5
21 984 6
21 994 6
21 996 7
21 1030 5
21 1033 9
21 1060 5
21 1084 4
21 1133 6
21 1161 2
21 1191 3
21 1205 8
21 1248 3
21 1254 3
21 1295 6
21 1299 8
21 1314 7
21 1337 7
21 1349 4
21 1375 4
21 1380 5
21 1425 8
21 1478 6
21 1491 3
21 1512 5
21 1514 4
21 1531 9
21 1544 3
21 1554 4
21 1573 3
21 1593 4
21 1620 0
21 1660 2
22 33 6
22 232 3
22 296 5
22 542 6
22 546 3
22 558 2
22 767 10
22 810 4
22 876 5
22 934 8
22 947 3
22 1075 5
22 1129 3
22 1141 5
22 1229 9
22 1257 4
22 1447 4
22 1580 7
22 1582 6
22 1584 2
23 26 7
23 60 0
23 76 6
23 150 8
23 189 2
23 310 2
23 322 6
23 400 6
23 451 3
23 472 6
23 487 4
23 507 3
23 527 9
23 534 3
23 590 5
23 595 4
23 597 10
23 689 5
23 690 10
23 782 3
23 799 6
23 866 2
23 890 2
23 907 9
23 963 8
23 989 0
23 994 5
23 1013 3
23 1083 6
23 1163 4
23 1189 4
23 1210 7
23 1229 8
23 1316 8
23 1382 6
23 1449 5
23 1456 4
23 1472 4
23 1531 8
23 1602 9
23 1666 5
24 19 3
24 51 5
24 58 3
24 82 3
24 120 4
24 128 5
24 135 4
24 141 5
24 155 4
24 174 4
24 220 4
24 226 3
24 227 6
24 260 7
24 267 2
24 282 5
24 295 5
24 328 3
24 347 8
24 358 4
24 373 3
24 375 4
24 436 7
24 440 5
24 472 5
24 532 7
24 551 5
24 554 7
24 565 5
24 632 5
24 668 10
24 681 4
24 738 1
24 752 5
24 771 2
24 772 7
24 778 9
24 780 4
24 790 5
24 805 8
24 873 6
24 876 7
24 898 3
24 904 5
24 916 4
24 928 3
24 999 2
24 1009 4
24 1024 6
24 1075 5
24 1101 7
24 1103 4
24 1129 3
24 1141 4
24 1156 5
24 1166 0
24 1207 2
24 1209 7
24 1237 4
24 1239 5
24 1244 6
24 1248 4
24 1305 3
24 1314 8
24 1341 3
24 1355 2
24 1432 6
24 1441 7
24 1447 4
24 1450 4
24 1454 6
24 1469 3
24 1507 2
24 1556 8
24 1576 4
24 1580 6
24 1596 7
24 1610 6
24 1614 7
24 1629 7
24 1642 3
24 1671 5
25 110 5
25 193 3
25 245 10
25 279 1
25 287 7
25 306 10
25 410 8
25 411 7
25 429 5
25 470 5
25 510 7
25 531 5
25 550 4
25 575 4
25 604 2
25 633 2
25 641 3
25 683 2
25 687 4
25 717 9
25 722 5
25 741 3
25 749 3
25 771 1
25 778 8
25 838 8
25 844 4
25 877 6
25 978 4
25 990 2
25 1039 5
25 1083 5
25 1102 5
25 1175 2
25 1200 4
25 1274 6
25 1290 6
25 1305 5
25 1336 9
25 1343 3
25 1360 4
25 1368 7
25 1385 5
25 1395 7
25 1503 4
25 1528 6
25 1539 6
25 1574 1
25 1617 5
26 5 7
26 66 2
26 235 6
26 284 7
26 360 5
26 403 6
26 429 4
26 822 4
26 850 2
26 888 7
26 979 0
26 1002 5
26 1031 2
26 1090 3
26 1313 3
26 1341 5
26 1374 3
26 1550 5
26 1556 8
26 1618 2
26 1621 3
27 2 6
27 81 2
27 104 7
27 142 7
27 172 5
27 212 5
27 275 5
27 294 5
27 369 5
27 446 6
27 487 4
27 510 6
27 514 5
27 599 5
27 680 6
27 796 4
27 812 4
27 866 2
27 868 4
27 962 4
27 1013 4
27 1022 5
27 1071 6
27 1204 7
27 1247 8
27 1295 6
27 1320 5
27 1334 6
27 1341 5
27 1360 4
27 1398 5
27 1462 6
27 1478 6
27 1549 3
27 1558 4
27 1568 5
27 1640 6
27 1647 4
27 1650 4
28 691 6
28 906 8
28 1679 0
29 71 9
29 117 3
29 154 6
29 218 3
29 482 2
29 565 4
29 602 8
29 636 5
29 651 10
29 677 9
29 680 6
29 681 4
29 713 8
29 749 3
29 776 6
29 802 6
29 810 3
29 825 6
29 848 6
29 849 7
29 858 1
29 882 2
29 907 10
29 939 6
29 969 6
29 984 7
29 1002 3
29 1003 7
29 1044 7
29 1055 3
29 1067 3
29 1090 3
29 1104 5
29 1181 4
29 1185 3
29 1190 4
29 1200 4
29 1244 7
29 1351 4
29 1356 6
29 1358 2
29 1369 5
29 1393 2
29 1398 3
29 1440 7
29 1444 1
29 1457 9
29 1466 6
29 1529 5
29 1586 6
29 1629 6
30 140 4
30 203 4
30 250 4
30 257 5
30 374 8
30 738 1
30 755 8
30 784 9
30 862 5
30 884 4
30 943 3
30 1030 5
30 1046 6
30 1091 7
30 1146 4
30 1376 4
30 1492 5
30 1586 4
31 10 2
31 40 5
31 48 5
31 81 2
31 113 7
31 183 6
31 190 7
31 199 6
31 212 7
31 227 6
31 230 6
31 347 7
31 355 10
31 394 6
31 434 8
31 445 5
31 448 3
31 467 4
31 495 0
31 549 8
31 565 6
31 570 2
31 590 6
31 628 3
31 651 9
31 658 4
31 700 4
31 702 7
31 718 5
31 733 5
31 780 4
31 847 8
31 871 3
31 889 8
31 922 7
31 971 4
31 984 6
31 1037 1
31 1049 4
31 1053 8
31 1055 5
31 1151 7
31 1162 6
31 1172 6
31 1219 3
31 1238 4
31 1250 4
31 1283 8
31 1294 4
31 1321 4
31 1372 6
31 1418 3
31 1446 3
31 1459 1
31 1473 6
31 1490 3
31 1536 7
31 1600 4
31 1649 5
31 1659 1
32 18 3
32 31 7
32 106 6
32 122 1
32 142 8
32 176 5
32 191 1
32 194 9
32 220 5
32 286 4
32 302 2
32 328 3
32 364 5
32 373 4
32 384 4
32 392 6
32 399 6
32 402 4
32 408 3
32 431 5
32 452 7
32 463 5
32 467 2
32 470 5
32 474 7
32 497 0
32 508 6
32 514 7
32 518 6
32 519 3
32 525 6
32 527 7
32 561 3
32 619 6
32 624 5
32 663 9
32 687 5
32 696 3
32 716 3
32 737 7
32 798 6
32 845 5
32 853 1
32 855 7
32 860 4
32 868 4
32 879 3
32 913 3
32 927 6
32 933 4
32 953 5
32 960 4
32 970 4
32 1017 6
32 1042 8
32 1055 5
32 1057 8
32 1077 4
32 1092 3
32 1133 8
32 1138 5
32 1156 6
32 1162 7
32 1164 6
32 1198 7
32 1217 3
32 1265 4
32 1276 2
32 1301 2
32 1398 3
32 1436 6
32 1481 8
32 1499 2
32 1512 7
32 1518 5
32 1549 5
32 1569 6
32 1573 2
32 1606 4
32 1641 5
32 1651 4
33 13 2
33 29 3
33 38 5
33 53 8
33 57 4
33 148 0
33 214 2
33 315 5
33 406 4
33 474 5
33 479 1
33 645 6
33 736 7
33 747 4
33 760 5
33 761 2
33 765 4
33 796 5
33 818 4
33 830 5
33 837 8
33 851 5
33 871 4
33 922 6
33 931 8
33 935 2
33 941 5
33 953 7
33 1085 6
33 1114 4
33 1121 8
33 1303 4
33 1321 4
33 1350 6
33 1352 8
33 1411 8
33 1450 6
33 1461 8
33 1467 7
33 1471 3
33 1515 7
33 1539 6
33 1543 0
33 1594 6
33 1678 4
34 40 5
34 97 9
34 231 6
34 339 5
34 420 5
34 513 8
34 603 5
34 608 9
34 682 5
34 764 4
34 1005 8
34 1054 5
34 1131 7
34 1265 6
34 1546 3
34 1651 5
35 12 6
35 35 4
35 42 9
35 51 5
35 84 1
35 128 3
35 131 8
35 133 7
35 181 4
35 241 1
35 247 1
35 292 3
35 297 4
35 299 4
35 320 5
35 344 8
35 441 4
35 492 8
35 528 7
35 537 7
35 545 6
35 547 7
35 559 8
35 679 3
35 695 2
35 742 4
35 746 6
35 769 4
35 823 5
35 831 5
35 847 8
35 915 7
35 924 8
35 952 4
35 998 3
35 1031 2
35 1032 6
35 1035 4
35 1049 5
35 1128 5
35 1162 8
35 1255 4
35 1291 7
35 1328 8
35 1349 5
35 1417 4
35 1427 7
35 1429 5
35 1430 3
35 1464 0
35 1510 3
35 1533 8
35 1554 4
35 1583 4
35 1591 5
36 205 5
36 737 7
36 999 4
36 1401 5
37 38 5
37 59 5
37 70 8
37 133 5
37 138 3
37 148 0
37 251 8
37 330 4
37 360 6
37 449 7
37 634 4
37 705 5
37 730 5
37 758 7
37 762 3
37 821 4
37 835 2
37 923 6
37 968 3
37 1064 5
37 1085 6
37 1163 3
37 1461 7
37 1521 2
37 1581 5
37 1582 4
37 1613 5
38 519 3
38 523 3
38 612 5
38 663 8
38 675 6
38 818 4
38 909 4
38 1042 8
38 1218 4
38 1304 3
38 1410 6
39 42 9
39 58 3
39 72 4
39 132 8
39 177 5
39 178 3
39 191 2
39 224 6
39 227 6
39 264 6
39 267 1
39 320 3
39 333 6
39 349 4
39 351 5
39 367 5
39 373 3
39 520 6
39 548 5
39 557 9
39 559 10
39 570 3
39 676 5
39 722 4
39 726 9
39 727 6
39 758 7
39 764 2
39 765 6
39 782 5
39 809 5
39 819 2
39 914 6
39 936 3
39 950 2
39 1027 4
39 1080 3
39 1092 3
39 1115 7
39 1118 6
39 1136 2
39 1275 8
39 1497 2
39 1522 3
39 1557 8
39 1559 6
39 1582 6
39 1595 2
39 1651 5
40 49 3
40 78 4
40 139 7
40 173 5
40 328 4
40 343 4
40 352 6
40 373 3
40 414 8
40 448 4
40 556 3
40 639 5
40 679 3
40 690 9
40 758 5
40 769 3
40 892 7
40 940 6
40 998 2
40 1007 4
40 1009 6
40 1035 6
40 1037 2
40 1056 5
40 1162 8
40 1174 6
40 1177 5
40 1273 4
40 1291 7
40 1337 7
40 1368 7
40 1401 4
40 1410 7
40 1428 5
40 1434 5
40 1472 3
40 1501 3
40 1525 6
40 1608 3
40 1637 7
41 2 7
41 10 4
41 327 6
41 347 9
41 357 5
41 459 9
41 530 8
41 734 7
41 948 4
41 1184 7
41 1188 3
41 1238 3
41 1275 9
41 1438 5
41 1561 6
41 1574 3
41 1610 4
41 1625 5
42 25 5
42 70 8
42 132 8
42 172 4
42 173 5
42 186 6
42 211 2
42 234 8
42 326 6
42 329 4
42 330 3
42 344 8
42 387 2
42 392 7
42 592 5
42 688 3
42 718 7
42 787 4
42 788 5
42 803 6
42 823 3
42 836 7
42 848 8
42 924 7
42 992 5
42 1000 6
42 1015 2
42 1035 5
42 1135 4
42 1152 8
42 1170 9
42 1183 2
42 1184 7
42 1363 9
42 1448 8
42 1460 6
42 1472 3
42 1525 5
42 1589 6
42 1673 5
43 23 6
43 29 3
43 65 8
43 80 3
43 117 5
43 119 3
43 169 6
43 175 4
43 246 5
43 373 3
43 390 6
43 408 4
43 442 8
43 536 4
43 575 6
43 591 1
43 622 5
43 632 5
43 647 3
43 713 8
43 832 8
43 844 4
43 851 6
43 854 6
43 925 0
43 926 4
43 940 7
43 943 2
43 981 1
43 992 5
43 1012 6
43 1028 7
43 1032 4
43 1091 6
43 1098 5
43 1145 6
43 1147 7
43 1153 7
43 1181 5
43 1189 3
43 1193 4
43 1201 7
43 1374 2
43 1385 3
43 1394 7
43 1435 6
43 1456 4
43 1466 7
43 1468 3
43 1473 6
43 1517 4
43 1535 6
43 1538 2
43 1548 1
43 1612 5
43 1626 5
43 1666 7
43 1670 5
43 1676 2
44 19 4
44 56 2
44 71 9
44 81 3
44 175 4
44 182 6
44 268 7
44 271 10
44 278 4
44 289 7
44 290 5
44 302 3
44 308 8
44 310 3
44 343 3
44 353 2
44 361 5
44 384 2
44 387 2
44 389 4
44 403 7
44 423 5
44 511 5
44 519 5
44 562 3
44 579 3
44 595 4
44 597 9
44 626 7
44 632 5
44 636 4
44 670 8
44 680 6
44 687 5
44 737 7
44 754 5
44 774 6
44 809 5
44 812 5
44 824 8
44 838 7
44 911 6
44 923 7
44 972 8
44 978 3
44 1001 1
44 1005 8
44 1017 6
44 1033 9
44 1051 4
44 1081 7
44 1085 4
44 1112 1
44 1129 4
44 1138 6
44 1266 5
44 1318 5
44 1326 5
44 1333 4
44 1340 6
44 1342 8
44 1408 3
44 1414 2
44 1423 6
44 1437 5
44 1438 6
44 1457 9
44 1599 1
44 1678 4
45 4 5
45 39 5
45 46 2
45 56 3
45 94 3
45 102 8
45 135 5
45 150 7
45 177 5
45 201 4
45 213 9
45 240 2
45 241 2
45 289 5
45 316 5
45 345 4
45 364 5
45 380 8
45 395 8
45 425 6
45 437 5
45 447 3
45 456 8
45 461 6
45 506 4
45 514 5
45 522 4
45 527 7
45 666 2
45 699 4
45 722 5
45 739 5
45 742 4
45 746 4
45 766 5
45 782 5
45 857 3
45 862 5
45 864 4
45 953 6
45 1006 5
45 1008 6
45 1009 4
45 1050 5
45 1055 4
45 1065 2
45 1111 4
45 1115 6
45 1168 6
45 1172 4
45 1176 4
45 1196 6
45 1201 7
45 1237 3
45 1251 6
45 1274 5
45 1277 6
45 1288 5
45 1297 5
45 1310 4
45 1318 7
45 1386 4
45 1451 3
45 1504 6
45 1541 8
45 1605 6
45 1615 9
45 1633 7
45 1648 5
45 1655 2
46 62 5
46 99 6
46 197 6
46 236 7
46 256 4
46 268 8
46 269 3
46 372 5
46 420 4
46 439 1
46 444 2
46 449 6
46 509 6
46 595 4
46 613 6
46 637 3
46 642 5
46 645 4
46 735 2
46 798 6
46 814 2
46 839 10
46 959 5
46 971 6
46 982 0
46 1013 4
46 1072 8
46 1092 4
46 1108 6
46 1114 4
46 1137 6
46 1140 5
46 1149 3
46 1154 6
46 1157 10
46 1244 7
46 1278 9
46 1306 4
46 1307 5
46 1322 6
46 1340 4
46 1368 6
46 1397 3
46 1405 5
46 1461 7
46 1527 4
46 1598 6
46 1614 7
46 1652 5
47 575 4
47 1105 4
47 1231 3
48 12 7
48 27 1
48 37 3
48 64 5
48 72 6
48 109 4
48 136 8
48 204 4
48 370 4
48 409 2
48 433 7
48 541 5
48 571 5
48 656 6
48 658 3
48 662 4
48 746 5
48 767 10
48 838 8
48 846 5
48 998 1
48 1003 7
48 1013 5
48 1016 4
48 1048 2
48 1116 7
48 1208 3
48 1228 5
48 1248 4
48 1312 9
48 1342 6
48 1386 3
48 1399 3
48 1426 5
48 1442 6
48 1455 4
48 1479 7
48 1492 4
48 1516 3
48 1522 2
48 1553 8
48 1588 5
48 1599 1
48 1604 3
48 1606 5
48 1623 4
48 1624 5
49 105 7
49 1159 5
49 1310 5
50 34 7
50 35 2
50 65 7
50 85 3
50 127 7
50 132 6
50 167 6
50 206 4
50 213 7
50 217 4
50 240 4
50 261 3
50 275 4
50 276 3
50 282 5
50 306 10
50 313 3
50 323 2
50 341 5
50 346 5
50 359 0
50 381 3
50 415 8
50 497 0
50 538 8
50 560 4
50 577 5
50 584 5
50 693 4
50 723 5
50 759 4
50 770 4
50 781 2
50 796 5
50 802 6
50 833 5
50 855 6
50 886 4
50 903 5
50 908 3
50 911 5
50 918 4
50 946 7
50 975 7
50 978 3
50 1004 3
50 1023 3
50 1032 4
50 1042 6
50 1064 7
50 1100 6
50 1125 3
50 1195 7
50 1198 6
50 1206 6
50 1237 2
50 1238 4
50 1240 7
50 1266 5
50 1281 6
50 1287 4
50 1296 5
50 1300 2
50 1319 7
50 1339 4
50 1392 3
50 1461 6
50 1482 2
50 1484 3
50 1486 5
50 1503 6
50 1525 4
50 1586 5
50 1614 5
50 1627 4
51 8 6
51 180 7
51 262 10
51 267 1
51 282 4
51 286 4
51 375 6
51 436 5
51 483 8
51 789 4
51 1133 7
51 1334 8
51 1370 6
51 1446 5
51 1501 2
51 1517 4
51 1552 2
51 1584 3
51 1616 6
52 8 5
52 21 1
52 33 5
52 48 5
52 87 7
52 112 5
52 267 2
52 333 7
52 337 4
52 338 5
52 352 7
52 353 2
52 375 5
52 382 8
52 404 4
52 443 7
52 446 6
52 461 5
52 469 7
52 478 3
52 481 6
52 501 4
52 519 5
52 533 6
52 573 7
52 639 4
52 642 6
52 670 9
52 688 4
52 693 3
52 703 2
52 860 6
52 863 7
52 885 7
52 893 5
52 931 6
52 936 5
52 952 2
52 965 5
52 1014 4
52 1021 8
52 1045 6
52 1060 4
52 1066 5
52 1071 5
52 1076 3
52 1091 6
52 1099 2
52 1129 4
52 1135 4
52 1161 3
52 1228 5
52 1236 2
52 1253 3
52 1281 7
52 1282 6
52 1303 4
52 1313 5
52 1334 7
52 1345 1
52 1445 5
52 1449 5
52 1453 10
52 1478 6
52 1487 4
52 1504 5
52 1517 4
52 1529 6
52 1568 6
52 1604 1
52 1605 5
52 1652 5
52 1667 10
53 102 7
53 152 6
53 180 6
53 189 4
53 199 7
53 208 2
53 231 5
53 361 6
53 390 6
53 397 1
53 438 6
53 472 7
53 473 8
53 478 5
53 504 4
53 557 8
53 593 5
53 604 2
53 622 4
53 692 6
53 709 4
53 735 1
53 776 5
53 955 8
53 1022 5
53 1026 6
53 1079 4
53 1243 7
53 1251 5
53 1255 4
53 1278 7
53 1296 5
53 1350 6
53 1361 5
53 1362 7
53 1420 6
53 1452 4
53 1491 3
53 1511 3
53 1557 7
53 1562 5
53 1585 6
53 1606 5
53 1657 2
54 9 2
54 14 3
54 24 7
54 38 3
54 60 0
54 81 4
54 94 3
54 97 10
54 152 4
54 179 4
54 189 4
54 301 7
54 351 5
54 364 7
54 379 7
54 388 8
54 390 4
54 392 6
54 435 4
54 443 7
54 461 5
54 529 7
54 545 6
54 556 3
54 569 1
54 614 6
54 685 7
54 748 4
54 750 1
54 758 7
54 766 5
54 810 5
54 850 1
54 866 2
54 874 5
54 887 5
54 888 8
54 905 7
54 917 1
54 918 3
54 941 4
54 947 3
54 968 3
54 987 10
54 1016 4
54 1081 7
54 1094 7
54 1097 4
54 1098 4
54 1175 3
54 1235 5
54 1246 5
54 1252 7
54 1287 3
54 1297 7
54 1326 5
54 1368 7
54 1371 2
54 1373 9
54 1421 4
54 1438 6
54 1476 5
54 1482 2
54 1492 5
54 1504 6
54 1543 2
54 1575 4
54 1582 6
54 1620 1
54 1650 3
54 1674 5
55 45 5
55 163 4
55 165 5
55 204 2
55 205 7
55 310 3
55 327 4
55 369 5
55 372 5
55 378 4
55 419 7
55 544 3
55 627 4
55 666 2
55 735 2
55 785 9
55 793 2
55 796 3
55 834 6
55 846 5
55 847 7
55 850 0
55 885 8
55 893 7
55 1043 2
55 1228 3
55 1235 5
55 1297 6
55 1345 3
55 1365 2
55 1472 2
55 1481 8
55 1484 3
55 1526 2
55 1529 6
55 1537 5
55 1587 5
55 1608 3
55 1615 9
55 1641 5
55 1654 4
56 109 5
56 171 3
56 183 5
56 201 3
56 242 10
56 275 4
56 280 2
56 327 5
56 364 5
56 369 4
56 374 8
56 412 3
56 464 4
56 489 3
56 491 5
56 627 5
56 630 5
56 727 6
56 747 4
56 792 4
56 799 7
56 827 6
56 829 4
56 842 8
56 854 6
56 951 4
56 957 7
56 1029 3
56 1092 2
56 1094 7
56 1111 5
56 1175 2
56 1439 4
56 1563 3
56 1633 6
56 1671 7
57 40 6
57 137 5
57 199 7
57 209 5
57 258 9
57 293 6
57 302 3
57 312 0
57 353 3
57 392 7
57 393 7
57 420 6
57 468 6
57 489 3
57 571 7
57 574 6
57 615 6
57 744 6
57 783 6
57 802 6
57 845 5
57 929 6
57 940 5
57 960 6
57 981 2
57 1001 3
57 1026 6
57 1144 5
57 1161 2
57 1197 8
57 1255 4
57 1262 6
57 1292 3
57 1304 3
57 1362 6
57 1365 1
57 1466 6
57 1515 7
57 1569 6
57 1595 2
57 1653 3
57 1660 3
57 1677 5
58 11 6
58 24 8
58 47 1
58 80 2
58 87 6
58 90 9
58 121 4
58 142 8
58 198 5
58 220 3
58 257 4
58 260 6
58 264 7
58 285 3
58 305 1
58 306 9
58 344 8
58 346 6
58 486 6
58 498 5
58 514 6
58 547 7
58 560 5
58 600 5
58 668 9
58 680 6
58 686 7
58 712 2
58 736 9
58 781 3
58 792 4
58 838 6
58 841 9
58 857 5
58 862 4
58 889 6
58 913 5
58 926 3
58 932 5
58 945 5
58 960 5
58 1001 2
58 1011 5
58 1044 6
58 1048 3
58 1050 3
58 1062 5
58 1071 4
58 1107 3
58 1131 9
58 1133 7
58 1139 4
58 1156 6
58 1198 8
58 1222 5
58 1232 2
58 1251 5
58 1263 6
58 1264 3
58 1282 7
58 1307 4
58 1370 6
58 1377 1
58 1382 7
58 1433 3
58 1444 1
58 1469 4
58 1509 6
58 1511 4
58 1552 3
58 1577 4
58 1578 0
58 1598 5
58 1608 3
58 1618 4
58 1620 0
58 1655 4
58 1675 4
59 65 7
59 131 9
59 436 6
59 444 4
59 559 9
59 568 6
59 598 4
59 786 4
59 1039 5
59 1179 2
59 1217 2
59 1224 4
59 1234 5
59 1273 6
59 1507 1
60 13 3
60 27 2
60 52 8
60 77 6
60 89 6
60 97 10
60 103 8
60 133 7
60 137 5
60 140 4
60 150 6
60 153 7
60 156 4
60 166 5
60 202 4
60 225 0
60 231 5
60 234 8
60 240 4
60 270 1
60 334 6
60 394 5
60 423 4
60 447 2
60 453 4
60 459 10
60 594 5
60 628 3
60 653 5
60 663 7
60 672 8
60 677 9
60 698 3
60 720 6
60 724 3
60 748 6
60 753 5
60 771 3
60 776 4
60 778 7
60 780 4
60 803 8
60 814 3
60 839 8
60 856 7
60 896 5
60 898 2
60 928 3
60 950 4
60 974 4
60 996 7
60 1000 5
60 1019 6
60 1035 5
60 1047 4
60 1077 5
60 1089 4
60 1157 10
60 1197 8
60 1206 5
60 1225 0
60 1236 1
60 1259 5
60 1260 6
60 1272 6
60 1280 6
60 1304 4
60 1328 7
60 1339 4
60 1358 2
60 1377 3
60 1416 5
60 1419 6
60 1465 9
60 1472 3
60 1480 8
60 1491 5
60 1542 6
60 1570 3
60 1578 1
60 1614 7
60 1647 4
60 1663 6
60 1675 4
61 4 7
61 23 6
61 54 8
61 76 8
61 79 2
61 85 4
61 99 6
61 182 5
61 216 3
61 272 8
61 291 5
61 359 0
61 369 5
61 412 1
61 467 2
61 475 0
61 482 1
61 516 9
61 552 6
61 625 6
61 655 4
61 683 3
61 692 5
61 693 5
61 698 3
61 727 8
61 729 1
61 736 7
61 762 3
61 875 2
61 915 7
61 928 3
61 985 6
61 1048 3
61 1119 4
61 1130 3
61 1135 4
61 1147 8
61 1151 6
61 1169 8
61 1182 6
61 1246 3
61 1260 5
61 1289 4
61 1345 2
61 1346 2
61 1379 7
61 1382 5
61 1399 4
61 1440 8
61 1540 5
61 1544 4
61 1586 5
61 1593 5
61 1611 4
61 1638 1
61 1643 6
61 1653 3
62 19 3
62 61 7
62 132 8
62 161 8
62 170 5
62 196 2
62 212 6
62 232 5
62 259 6
62 266 7
62 321 4
62 420 4
62 589 0
62 671 3
62 685 7
62 723 6
62 764 2
62 767 9
62 782 5
62 790 5
62 833 3
62 935 0
62 959 5
62 988 6
62 1030 5
62 1201 7
62 1328 9
62 1350 7
62 1389 3
62 1395 8
62 1423 6
62 1518 6
62 1621 4
62 1654 6
62 1658 3
62 1660 4
63 27 0
63 65 7
63 92 2
63 121 2
63 213 8
63 228 3
63 277 6
63 283 5
63 300 7
63 339 5
63 362 3
63 395 8
63 401 2
63 433 6
63 439 1
63 455 4
63 541 3
63 563 5
63 574 6
63 579 5
63 608 9
63 649 4
63 695 2
63 747 5
63 749 3
63 770 4
63 779 3
63 817 4
63 818 2
63 832 8
63 846 5
63 870 2
63 882 2
63 902 4
63 906 8
63 907 8
63 908 2
63 931 6
63 950 3
63 953 6
63 962 5
63 974 4
63 1004 1
63 1019 4
63 1052 5
63 1089 4
63 1123 5
63 1154 4
63 1178 10
63 1208 3
63 1237 3
63 1291 5
63 1330 4
63 1355 2
63 1401 6
63 1413 8
63 1426 5
63 1427 5
63 1486 5
63 1513 9
63 1532 6
63 1553 9
63 1563 4
63 1582 5
63 1585 6
63 1600 5
63 1643 7
63 1646 8
63 1660 3
63 1662 7
63 1667 9
63 1676 1
64 39 6
64 47 1
64 90 9
64 103 6
64 198 5
64 243 0
64 254 3
64 330 2
64 337 6
64 344 8
64 352 8
64 427 4
64 448 5
64 492 6
64 644 2
64 668 10
64 672 7
64 720 6
64 832 7
64 906 7
64 958 4
64 988 7
64 1036 4
64 1063 8
64 1079 5
64 1134 7
64 1194 6
64 1196 5
64 1209 8
64 1219 3
64 1329 5
64 1406 5
64 1514 4
64 1578 2
65 39 5
65 108 1
65 118 6
65 150 6
65 154 5
65 163 3
65 230 5
65 248 6
65 278 2
65 325 2
65 331 10
65 376 7
65 447 4
65 521 8
65 543 3
65 577 5
65 595 5
65 613 6
65 633 4
65 656 8
65 665 4
65 673 7
65 689 7
65 694 5
65 707 3
65 713 8
65 728 2
65 742 3
65 758 5
65 810 5
65 845 3
65 853 3
65 862 4
65 878 3
65 990 3
65 1056 5
65 1060 4
65 1073 2
65 1156 5
65 1168 5
65 1194 7
65 1271 1
65 1290 8
65 1378 8
65 1380 7
65 1385 4
65 1394 9
65 1403 3
65 1429 5
65 1445 6
65 1468 2
65 1486 5
65 1512 7
65 1517 5
65 1539 6
65 1541 9
65 1543 0
65 1554 3
65 1573 4
65 1588 7
65 1592 7
65 1626 5
65 1634 7
65 1637 8
66 27 0
66 108 2
66 143 6
66 155 2
66 156 5
66 157 7
66 175 6
66 176 3
66 194 7
66 255 4
66 269 3
66 341 6
66 380 6
66 386 6
66 390 5
66 391 8
66 402 4
66 461 5
66 475 0
66 505 5
66 507 5
66 516 10
66 526 5
66 536 3
66 569 3
66 570 2
66 585 3
66 664 3
66 676 6
66 725 3
66 766 3
66 790 5
66 794 3
66 800 2
66 803 6
66 826 7
66 830 7
66 842 7
66 858 1
66 862 3
66 893 6
66 898 3
66 901 3
66 916 5
66 917 1
66 928 3
66 947 1
66 984 8
66 993 7
66 994 6
66 1020 8
66 1025 6
66 1045 5
66 1046 7
66 1064 5
66 1067 4
66 1115 5
66 1148 8
66 1160 9
66 1169 8
66 1216 5
66 1220 7
66 1252 6
66 1263 8
66 1268 7
66 1293 5
66 1314 8
66 1355 2
66 1397 4
66 1398 5
66 1399 5
66 1402 4
66 1412 2
66 1440 7
66 1461 7
66 1475 6
66 1486 4
66 1496 7
66 1569 4
66 1635 5
66 1637 7
66 1650 4
67 29 3
67 46 3
67 95 7
67 96 1
67 137 5
67 139 7
67 147 2
67 171 4
67 174 4
67 197 6
67 224 6
67 311 4
67 342 6
67 408 4
67 432 4
67 456 8
67 475 0
67 479 2
67 506 4
67 552 7
67 560 4
67 575 6
67 591 3
67 656 6
67 690 8
67 745 8
67 746 4
67 759 4
67 763 8
67 776 6
67 782 5
67 800 3
67 805 7
67 814 3
67 819 1
67 843 5
67 847 9
67 888 9
67 896 5
67 937 6
67 962 4
67 976 8
67 1062 4
67 1064 7
67 1070 6
67 1083 6
67 1113 6
67 1145 6
67 1168 5
67 1172 5
67 1271 2
67 1371 2
67 1380 7
67 1390 10
67 1391 8
67 1416 6
67 1427 7
67 1459 1
67 1467 7
67 1477 3
67 1524 2
67 1525 5
67 1555 1
67 1568 6
67 1584 3
67 1601 8
67 1631 6
67 1660 3
68 2 8
68 7 5
68 20 7
68 116 8
68 121 4
68 149 7
68 211 4
68 256 3
68 275 6
68 307 7
68 367 7
68 407 5
68 435 5
68 484 6
68 509 6
68 546 4
68 568 7
68 581 5
68 585 4
68 656 7
68 661 6
68 668 10
68 670 7
68 694 4
68 757 4
68 760 5
68 803 8
68 816 7
68 827 7
68 871 4
68 877 5
68 916 4
68 943 4
68 998 2
68 1021 7
68 1043 1
68 1053 6
68 1113 7
68 1134 8
68 1165 3
68 1216 7
68 1365 2
68 1367 3
68 1397 4
68 1474 4
68 1491 3
68 1508 5
68 1516 4
68 1584 3
68 1616 8
68 1646 8
68 1663 7
69 1 5
69 14 4
69 51 5
69 59 4
69 141 6
69 219 9
69 337 5
69 338 5
69 346 5
69 349 5
69 366 7
69 447 4
69 526 6
69 536 4
69 539 4
69 557 8
69 576 6
69 583 5
69 597 10
69 613 6
69 629 8
69 636 4
69 660 3
69 685 9
69 706 4
69 707 3
69 729 1
69 749 2
69 770 3
69 818 3
69 823 3
69 870 4
69 872 6
69 877 5
69 887 5
69 898 3
69 903 5
69 906 9
69 938 7
69 983 5
69 1017 5
69 1034 7
69 1058 4
69 1090 3
69 1106 8
69 1108 7
69 1122 7
69 1140 5
69 1145 4
69 1147 7
69 1156 7
69 1157 8
69 1188 2
69 1218 5
69 1241 4
69 1271 2
69 1272 7
69 1280 6
69 1292 3
69 1335 3
69 1368 6
69 1380 6
69 1389 2
69 1411 9
69 1415 3
69 1447 5
69 1464 0
69 1540 6
69 1559 8
69 1561 6
69 1596 7
69 1615 9
69 1640 5
69 1649 6
69 1650 2
70 6 5
70 15 5
70 26 6
70 93 4
70 100 8
70 135 5
70 136 6
70 157 5
70 165 4
70 207 2
70 208 3
70 214 2
70 222 3
70 228 3
70 246 4
70 263 8
70 295 4
70 336 6
70 404 4
70 568 7
70 592 4
70 658 5
70 663 8
70 694 6
70 727 6
70 764 4
70 775 3
70 785 7
70 789 3
70 805 7
70 819 1
70 837 7
70 850 2
70 853 1
70 876 7
70 903 4
70 946 8
70 948 3
70 958 2
70 985 6
70 1028 7
70 1037 3
70 1038 10
70 1048 3
70 1171 1
70 1172 4
70 1181 4
70 1190 4
70 1250 4
70 1298 3
70 1307 4
70 1352 7
70 1367 4
70 1407 3
70 1508 6
70 1523 6
70 1549 4
70 1571 4
70 1579 5
70 1606 5
70 1628 6
70 1670 6
71 4 7
71 34 6
71 114 4
71 145 7
71 167 4
71 200 6
71 245 9
71 282 3
71 312 0
71 417 3
71 467 3
71 488 7
71 501 2
71 629 7
71 635 4
71 677 9
71 697 8
71 739 3
71 805 7
71 874 5
71 889 8
71 911 4
71 948 3
71 1003 6
71 1011 7
71 1025 7
71 1028 6
71 1039 4
71 1058 2
71 1296 5
71 1300 3
71 1307 5
71 1343 4
71 1396 4
71 1456 4
71 1508 5
71 1545 6
71 1566 2
71 1593 4
71 1650 4
71 1676 2
72 35 3
72 133 7
72 168 9
72 171 3
72 172 6
72 214 4
72 227 6
72 273 4
72 274 2
72 303 9
72 304 8
72 338 4
72 348 2
72 414 8
72 428 5
72 429 3
72 433 7
72 446 5
72 458 0
72 484 6
72 513 7
72 545 7
72 592 4
72 598 4
72 603 4
72 609 8
72 668 10
72 720 6
72 801 4
72 812 4
72 821 5
72 827 6
72 845 5
72 860 5
72 876 7
72 931 8
72 987 10
72 997 4
72 1022 5
72 1023 3
72 1027 5
72 1033 8
72 1045 6
72 1058 2
72 1129 3
72 1149 3
72 1163 3
72 1165 3
72 1169 6
72 1182 5
72 1230 2
72 1264 4
72 1288 4
72 1443 6
72 1454 4
72 1471 3
72 1519 7
72 1521 2
72 1530 3
72 1544 3
72 1550 7
72 1571 4
72 1600 5
72 1654 4
72 1655 3
73 69 3
73 100 9
73 131 9
73 132 8
73 174 5
73 176 5
73 194 8
73 198 7
73 214 3
73 216 4
73 225 1
73 247 2
73 258 8
73 326 6
73 351 3
73 352 8
73 370 5
73 371 9
73 425 8
73 542 6
73 546 3
73 553 7
73 585 4
73 640 9
73 671 3
73 781 4
73 838 6
73 893 5
73 907 10
73 911 5
73 932 5
73 966 6
73 994 7
73 1029 3
73 1031 2
73 1050 5
73 1087 4
73 1123 5
73 1150 10
73 1192 2
73 1212 5
73 1218 3
73 1233 4
73 1246 5
73 1254 4
73 1299 6
73 1307 4
73 1350 7
73 1364 8
73 1399 5
73 1410 6
73 1435 7
73 1519 7
73 1529 6
73 1538 2
73 1549 3
73 1550 7
73 1556 9
73 1570 4
73 1591 7
73 1636 7
73 1668 4
74 23 7
74 97 9
74 314 3
74 334 6
74 449 5
74 672 6
74 688 2
74 692 5
74 714 5
74 744 5
74 860 6
74 952 3
74 990 1
74 1024 6
74 1050 4
74 1145 4
74 1315 7
74 1366 8
74 1397 3
74 1410 6
74 1415 4
74 1503 4
74 1533 7
74 1593 3
74 1650 4
75 79 4
75 210 2
75 538 7
75 1288 3
75 1416 5
76 48 4
76 166 4
76 201 2
76 238 2
76 367 5
76 426 3
76 497 0
76 550 5
76 558 3
76 852 5
76 916 4
76 981 1
76 1002 5
76 1074 5
76 1143 9
76 1370 4
76 1529 4
77 3 5
77 10 4
77 92 2
77 173 5
77 184 6
77 279 1
77 300 5
77 368 3
77 477 8
77 479 2
77 518 7
77 520 6
77 542 6
77 553 5
77 627 4
77 815 4
77 816 9
77 882 2
77 964 3
77 1081 7
77 1138 5
77 1204 6
77 1254 3
77 1281 5
77 1306 2
77 1332 7
77 1359 6
77 1463 10
77 1499 3
77 1569 5
77 1589 5
77 1639 4
78 31 6
78 256 4
78 330 4
78 1080 3
78 1325 3
78 1491 3
79 218 4
79 604 4
79 807 7
79 1150 8
79 1242 7
79 1660 4
80 59 5
80 235 4
80 267 1
80 313 3
80 348 2
80 416 4
80 455 5
80 555 7
80 590 6
80 632 6
80 635 6
80 662 3
80 787 3
80 913 5
80 987 10
80 1010 7
80 1084 3
80 1107 5
80 1117 5
80 1353 9
80 1357 5
80 1365 1
80 1432 5
80 1438 5
80 1622 3
80 1652 5
80 1654 5
80 1667 10
80 1675 3
81 14 5
81 32 2
81 401 4
81 821 3
81 1120 4
82 2 8
82 32 4
82 39 6
82 60 0
82 65 8
82 72 6
82 93 3
82 131 9
82 143 7
82 177 5
82 217 6
82 240 3
82 275 4
82 283 4
82 288 6
82 332 2
82 380 6
82 454 0
82 499 5
82 505 6
82 516 10
82 534 3
82 563 6
82 618 9
82 622 4
82 680 7
82 687 4
82 721 3
82 725 2
82 760 5
82 794 3
82 800 4
82 826 6
82 853 3
82 857 5
82 868 3
82 870 2
82 880 5
82 932 5
82 955 6
82 961 4
82 966 8
82 975 7
82 1016 3
82 1026 6
82 1065 1
82 1114 4
82 1131 7
82 1139 3
82 1162 6
82 1214 3
82 1218 5
82 1223 7
82 1235 6
82 1238 3
82 1246 3
82 1263 8
82 1348 4
82 1372 7
82 1392 3
82 1400 5
82 1417 5
82 1423 4
82 1447 3
82 1462 5
82 1468 4
82 1629 8
82 1631 6
82 1638 1
82 1661 2
82 1677 4
83 8 7
83 64 7
83 66 2
83 77 6
83 92 3
83 95 9
83 157 6
83 184 6
83 203 4
83 212 7
83 215 7
83 224 5
83 242 8
83 262 10
83 272 6
83 294 4
83 305 2
83 318 3
83 361 6
83 425 7
83 431 6
83 442 9
83 544 2
83 592 4
83 601 9
83 606 0
83 618 9
83 646 8
83 647 3
83 663 8
83 716 3
83 725 1
83 751 3
83 782 4
83 813 7
83 823 4
83 829 4
83 853 2
83 869 6
83 883 6
83 920 6
83 921 7
83 987 10
83 993 6
83 1007 6
83 1055 5
83 1059 5
83 1068 3
83 1072 6
83 1074 7
83 1082 1
83 1102 4
83 1123 5
83 1165 2
83 1239 6
83 1266 4
83 1309 5
83 1321 5
83 1351 4
83 1364 6
83 1382 5
83 1476 6
83 1498 6
83 1541 7
83 1575 2
83 1631 6
83 1672 7
84 0 6
84 48 6
84 82 5
84 91 10
84 124 10
84 229 4
84 239 4
84 247 3
84 263 9
84 269 1
84 393 6
84 412 3
84 458 1
84 474 5
84 488 6
84 536 4
84 537 5
84 600 3
84 670 7
84 684 8
84 702 7
84 722 5
84 730 7
84 790 5
84 861 4
84 863 8
84 899 2
84 926 4
84 947 3
84 973 3
84 1018 5
84 1078 5
84 1091 7
84 1121 7
84 1135 4
84 1146 2
84 1153 8
84 1161 4
84 1183 2
84 1218 3
84 1246 4
84 1262 7
84 1303 3
84 1316 9
84 1345 1
84 1450 4
84 1462 6
84 1473 7
84 1491 5
84 1503 4
84 1601 10
84 1625 6
84 1647 4
85 98 6
85 141 7
85 175 6
85 323 4
85 498 3
85 542 6
85 552 7
85 607 8
85 777 3
85 801 2
85 804 5
85 903 6
85 1095 7
85 1102 5
85 1140 4
85 1141 5
85 1261 3
85 1268 8
85 1304 4
85 1420 4
85 1541 7
86 7 7
86 17 5
86 54 7
86 103 7
86 111 7
86 134 7
86 141 6
86 152 6
86 156 6
86 159 6
86 187 9
86 237 4
86 333 6
86 337 5
86 387 2
86 400 6
86 549 9
86 571 7
86 576 7
86 607 8
86 750 2
86 780 4
86 784 9
86 846 6
86 864 4
86 897 3
86 915 7
86 929 6
86 936 3
86 962 3
86 1086 8
86 1141 6
86 1147 8
86 1164 5
86 1223 6
86 1229 10
86 1243 7
86 1263 6
86 1269 10
86 1317 3
86 1364 8
86 1372 6
86 1551 4
86 1590 8
86 1614 7
86 1658 4
87 6 4
87 28 4
87 70 8
87 107 5
87 189 4
87 225 0
87 229 3
87 231 7
87 240 2
87 246 4
87 253 5
87 265 5
87 305 3
87 320 3
87 345 3
87 350 3
87 356 8
87 371 8
87 419 7
87 440 3
87 459 10
87 468 5
87 484 5
87 485 4
87 486 5
87 497 0
87 546 2
87 571 7
87 625 8
87 649 4
87 674 2
87 688 3
87 694 6
87 698 3
87 725 3
87 742 3
87 769 5
87 794 3
87 818 4
87 842 7
87 848 8
87 859 3
87 924 8
87 1006 4
87 1008 4
87 1024 5
87 1038 10
87 1060 5
87 1068 1
87 1093 5
87 1127 2
87 1138 7
87 1150 10
87 1171 3
87 1178 9
87 1187 2
87 1200 5
87 1207 3
87 1236 0
87 1291 7
87 1294 6
87 1405 4
87 1451 2
87 1461 6
87 1464 1
87 1497 2
87 1506 5
87 1520 5
87 1536 6
87 1546 3
87 1615 10
87 1619 5
87 1645 6
87 1664 4
87 1670 4
88 23 5
88 72 5
88 118 6
88 165 3
88 206 5
88 283 6
88 296 6
88 349 3
88 367 7
88 378 2
88 439 2
88 457 5
88 513 6
88 537 7
88 561 4
88 566 7
88 606 1
88 628 1
88 647 3
88 654 4
88 757 3
88 760 6
88 763 8
88 765 5
88 781 4
88 789 3
88 813 8
88 814 2
88 828 9
88 838 6
88 874 5
88 901 2
88 909 3
88 961 5
88 985 6
88 990 2
88 995 7
88 1004 1
88 1018 6
88 1025 8
88 1075 6
88 1082 1
88 1088 3
88 1157 10
88 1167 3
88 1183 3
88 1197 8
88 1247 9
88 1256 5
88 1283 8
88 1301 4
88 1344 8
88 1385 3
88 1415 4
88 1436 6
88 1453 10
88 1456 5
88 1473 6
88 1493 5
88 1532 7
88 1541 8
88 1553 9
88 1599 1
88 1673 5
88 1674 5
89 33 4
89 47 1
89 56 1
89 136 7
89 141 7
89 213 9
89 227 5
89 283 4
89 301 5
89 386 6
89 394 4
89 453 6
89 456 6
89 489 4
89 496 9
89 497 0
89 520 4
89 523 3
89 570 2
89 602 9
89 614 8
89 622 4
89 648 4
89 684 8
89 699 3
89 710 4
89 801 2
89 824 8
89 874 6
89 965 4
89 992 7
89 1042 6
89 1071 4
89 1083 7
89 1109 5
89 1149 4
89 1231 4
89 1252 7
89 1255 3
89 1284 4
89 1290 6
89 1390 8
89 1487 4
89 1516 2
89 1570 5
89 1579 4
89 1582 5
89 1583 5
89 1596 7
89 1625 4
89 1634 7
89 1638 2
90 24 8
90 50 1
90 53 6
90 57 2
90 79 3
90 149 7
90 190 5
90 329 5
90 375 4
90 438 5
90 561 4
90 578 4
90 644 2
90 672 8
90 712 1
90 732 3
90 764 3
90 869 4
90 890 1
90 906 8
90 977 4
90 1041 3
90 1392 3
90 1397 3
90 1398 3
90 1402 5
90 1437 5
90 1511 2
90 1560 4
90 1642 4
91 14 5
91 75 7
91 77 8
91 84 2
91 176 3
91 190 5
91 249 6
91 256 2
91 302 2
91 323 2
91 353 4
91 386 5
91 411 8
91 414 10
91 420 4
91 426 2
91 437 3
91 443 5
91 466 4
91 470 3
91 478 3
91 528 6
91 534 4
91 540 3
91 558 3
91 564 6
91 585 5
91 587 8
91 598 5
91 622 6
91 637 1
91 701 5
91 737 8
91 751 3
91 761 4
91 773 5
91 776 6
91 830 6
91 898 4
91 904 6
91 944 4
91 953 6
91 974 5
91 1026 5
91 1078 5
91 1140 5
91 1173 1
91 1191 3
91 1219 3
91 1246 3
91 1278 7
91 1326 7
91 1360 5
91 1386 5
91 1388 3
91 1396 6
91 1414 4
91 1429 5
91 1434 4
91 1451 3
91 1479 8
91 1496 7
91 1550 5
91 1624 5
91 1671 6
91 1677 5
92 207 4
92 631 6
92 908 4
92 969 8
92 1045 5
92 1146 4
92 1147 8
92 1148 7
92 1273 5
92 1319 9
92 1621 2
93 234 8
93 572 9
93 653 5
93 752 5
93 768 3
93 866 2
93 896 3
93 1069 3
93 1376 4
93 1585 6
94 18 2
94 24 6
94 38 5
94 39 6
94 42 8
94 50 0
94 74 4
94 89 8
94 93 2
94 117 4
94 123 7
94 138 1
94 171 4
94 191 3
94 219 10
94 241 2
94 244 3
94 266 6
94 292 4
94 303 7
94 374 7
94 437 4
94 454 1
94 486 7
94 488 6
94 498 4
94 537 7
94 547 6
94 604 3
94 605 6
94 610 3
94 653 3
94 654 4
94 657 8
94 667 5
94 676 4
94 727 6
94 766 4
94 849 5
94 865 6
94 888 9
94 1132 7
94 1134 7
94 1173 1
94 1180 6
94 1184 7
94 1195 5
94 1196 5
94 1217 4
94 1256 4
94 1308 7
94 1351 4
94 1352 7
94 1368 5
94 1384 6
94 1444 2
94 1470 3
94 1502 6
94 1512 6
94 1513 8
94 1517 4
94 1560 5
94 1562 6
94 1578 2
94 1603 3
94 1613 5
94 1615 8
94 1654 4
94 1674 5
95 60 2
95 70 8
95 111 7
95 213 8
95 218 5
95 244 4
95 301 7
95 314 3
95 317 4
95 331 9
95 355 9
95 368 2
95 370 5
95 379 8
95 396 7
95 412 3
95 444 2
95 470 5
95 480 5
95 490 3
95 495 1
95 511 5
95 531 6
95 536 3
95 595 4
95 659 5
95 722 3
95 753 3
95 754 6
95 759 4
95 822 3
95 824 8
95 842 8
95 868 2
95 922 5
95 960 6
95 966 7
95 971 4
95 975 8
95 1017 6
95 1019 5
95 1056 6
95 1074 7
95 1080 3
95 1083 5
95 1092 3
95 1160 9
95 1180 6
95 1195 5
95 1202 5
95 1230 3
95 1273 4
95 1275 8
95 1282 7
95 1285 7
95 1294 6
95 1295 6
95 1320 3
95 1329 6
95 1361 5
95 1377 1
95 1382 6
95 1390 10
95 1427 5
95 1494 5
95 1509 4
95 1550 7
95 1563 4
95 1588 7
95 1645 6
96 17 7
96 38 3
96 43 7
96 67 1
96 88 6
96 108 1
96 111 7
96 140 4
96 167 5
96 282 5
96 299 6
96 314 4
96 328 5
96 378 3
96 391 7
96 392 5
96 398 7
96 518 6
96 523 1
96 627 5
96 632 6
96 686 7
96 692 6
96 764 4
96 797 4
96 812 5
96 855 5
96 883 4
96 894 3
96 959 5
96 977 5
96 1021 8
96 1069 4
96 1075 6
96 1088 4
96 1140 4
96 1141 5
96 1142 4
96 1157 9
96 1174 6
96 1192 3
96 1198 6
96 1243 7
96 1271 1
96 1280 6
96 1308 8
96 1340 5
96 1511 4
96 1540 6
96 1547 3
96 1571 6
96 1607 7
96 1610 6
96 1629 6
96 1638 1
96 1641 4
97 26 6
97 28 4
97 45 5
97 55 3
97 309 6
97 334 6
97 363 5
97 386 4
97 394 4
97 437 3
97 481 7
97 512 7
97 652 5
97 702 7
97 712 2
97 770 3
97 888 9
97 942 4
97 1006 5
97 1010 8
97 1026 5
97 1056 6
97 1121 7
97 1133 7
97 1161 4
97 1226 4
97 1277 7
97 1278 9
97 1324 4
97 1404 8
97 1421 4
97 1518 6
97 1631 7
97 1656 8
98 44 9
98 156 6
98 171 4
98 251 7
98 253 7
98 286 3
98 337 5
98 370 4
98 568 5
98 596 5
98 605 6
98 645 6
98 678 4
98 759 2
98 771 2
98 800 3
98 820 7
98 853 3
98 866 3
98 873 5
98 898 4
98 932 6
98 939 4
98 946 8
98 988 6
98 990 1
98 1043 1
98 1091 6
98 1140 4
98 1163 5
98 1264 4
98 1383 4
98 1423 4
98 1453 8
98 1513 8
98 1526 2
98 1589 7
98 1609 3
98 1617 4
98 1667 10
99 21 3
99 48 6
99 107 3
99 117 5
99 119 3
99 153 7
99 281 4
99 307 6
99 343 4
99 368 3
99 382 7
99 469 6
99 507 5
99 537 6
99 550 3
99 582 9
99 586 3
99 637 1
99 648 5
99 673 5
99 681 4
99 777 1
99 835 3
99 855 7
99 864 3
99 888 8
99 919 4
99 957 6
99 981 2
99 1046 6
99 1077 5
99 1179 3
99 1195 7
99 1203 4
99 1206 6
99 1228 3
99 1267 5
99 1272 7
99 1303 3
99 1362 8
99 1399 5
99 1482 3
99 1483 6
99 1488 7
99 1494 4
99 1568 4
99 1577 3
99 1611 6
99 1658 3
100 2 6
100 35 4
100 36 5
100 67 3
100 106 8
100 124 10
100 219 9
100 226 5
100 335 5
100 431 5
100 435 3
100 455 4
100 458 2
100 475 0
100 559 8
100 568 7
100 603 3
100 641 3
100 693 3
100 708 4
100 723 5
100 774 6
100 829 4
100 919 5
100 950 4
100 965 6
100 1004 3
100 1019 5
100 1023 4
100 1067 3
100 1116 6
100 1152 7
100 1154 4
100 1182 7
100 1199 10
100 1213 4
100 1233 3
100 1249 6
100 1263 8
100 1265 5
100 1269 10
100 1271 2
100 1304 4
100 1344 7
100 1347 4
100 1349 4
100 1373 8
100 1376 6
100 1413 8
100 1434 3
100 1466 7
100 1475 7
100 1480 6
100 1497 3
100 1512 5
100 1552 2
100 1564 8
100 1567 6
100 1649 4
101 28 4
101 29 2
101 81 3
101 111 6
101 113 7
101 128 3
101 138 1
101 151 5
101 188 4
101 189 4
101 253 7
101 302 2
101 368 2
101 438 6
101 490 5
101 511 7
101 515 8
101 528 6
101 547 5
101 592 4
101 613 6
101 631 4
101 706 2
101 707 3
101 720 5
101 731 2
101 746 4
101 747 6
101 845 4
101 863 8
101 869 6
101 877 6
101 1022 6
101 1046 6
101 1060 4
101 1061 6
101 1118 5
101 1130 1
101 1152 7
101 1173 1
101 1243 7
101 1260 6
101 1268 7
101 1345 3
101 1348 6
101 1413 7
101 1443 7
101 1467 6
101 1494 4
101 1608 3
101 1643 6
101 1648 5
102 50 0
102 114 5
102 148 2
102 152 5
102 327 5
102 328 3
102 358 4
102 449 5
102 458 1
102 580 7
102 704 6
102 843 6
102 910 4
102 912 7
102 921 6
102 954 4
102 961 4
102 967 2
102 1020 8
102 1077 6
102 1087 4
102 1209 8
102 1216 6
102 1266 6
102 1372 5
102 1436 4
102 1470 3
102 1478 5
102 1580 7
102 1590 7
102 1595 1
102 1617 4
102 1649 5
102 1652 4
102 1668 4
102 1678 4
103 125 7
103 126 2
103 222 4
103 297 5
103 362 1
103 567 6
103 588 9
103 607 8
103 709 3
103 981 3
103 1004 3
103 1014 5
103 1036 4
103 1043 3
103 1062 5
103 1116 7
103 1126 3
103 1143 9
103 1144 7
103 1205 9
103 1208 2
103 1243 5
103 1244 5
103 1321 3
103 1329 5
103 1472 4
103 1475 6
103 1492 5
103 1495 2
103 1624 6
103 1663 8
104 3 5
104 8 7
104 57 2
104 73 6
104 126 0
104 148 0
104 151 3
104 160 8
104 174 5
104 189 3
104 241 3
104 258 9
104 273 3
104 344 6
104 346 7
104 354 7
104 377 1
104 400 5
104 426 2
104 429 3
104 430 9
104 488 6
104 490 5
104 511 6
104 520 5
104 546 2
104 570 2
104 648 5
104 679 2
104 685 7
104 722 4
104 745 7
104 803 6
104 814 3
104 827 5
104 918 3
104 959 4
104 1013 3
104 1014 6
104 1070 5
104 1076 3
104 1081 5
104 1096 3
104 1115 7
104 1133 6
104 1156 5
104 1174 5
104 1184 5
104 1237 4
104 1244 6
104 1268 8
104 1294 6
104 1302 8
104 1310 6
104 1322 5
104 1353 7
104 1412 2
104 1428 6
104 1436 4
104 1469 4
104 1476 6
104 1496 8
104 1511 3
104 1558 3
104 1580 5
104 1589 6
104 1600 5
104 1661 4
105 11 4
105 42 9
105 82 4
105 92 2
105 97 10
105 103 6
105 132 8
105 138 3
105 143 7
105 159 6
105 216 5
105 228 5
105 248 6
105 260 7
105 274 2
105 277 5
105 301 6
105 308 8
105 317 3
105 333 7
105 377 2
105 405 5
105 413 4
105 418 9
105 421 5
105 424 5
105 479 2
105 490 4
105 529 7
105 530 8
105 558 3
105 640 8
105 664 5
105 708 4
105 713 7
105 740 5
105 742 2
105 744 5
105 760 6
105 777 2
105 834 7
105 861 5
105 864 3
105 879 2
105 928 5
105 1020 8
105 1036 5
105 1039 5
105 1085 6
105 1092 3
105 1111 5
105 1154 4
105 1206 6
105 1209 8
105 1221 9
105 1225 0
105 1262 6
105 1300 2
105 1350 5
105 1358 4
105 1376 5
105 1391 8
105 1426 5
105 1435 5
105 1464 1
105 1493 5
105 1505 7
105 1533 7
105 1618 4
105 1655 2
105 1661 3
105 1671 6
106 9 1
106 54 6
106 55 1
106 114 4
106 163 4
106 195 3
106 249 4
106 306 9
106 380 7
106 462 5
106 479 3
106 623 7
106 677 8
106 741 3
106 746 6
106 806 5
106 817 5
106 993 6
106 1018 6
106 1038 8
106 1046 5
106 1250 6
106 1257 6
106 1350 7
106 1371 1
106 1373 7
106 1554 2
106 1645 8
107 57 3
107 128 5
107 153 7
107 162 5
107 168 8
107 224 5
107 243 1
107 262 10
107 263 8
107 297 5
107 321 6
107 364 7
107 382 7
107 431 4
107 492 6
107 513 6
107 547 5
107 636 4
107 643 7
107 662 3
107 729 2
107 763 7
107 858 0
107 873 5
107 931 8
107 939 4
107 1000 6
107 1006 5
107 1013 3
107 1027 5
107 1091 7
107 1134 7
107 1148 7
107 1348 5
107 1398 5
107 1438 5
107 1467 7
107 1504 6
107 1543 2
107 1554 4
107 1572 5
107 1573 3
107 1600 4
107 1645 7
107 1674 5
108 32 4
108 45 3
108 87 8
108 118 7
108 146 8
108 155 3
108 162 3
108 166 6
108 170 6
108 217 5
108 226 3
108 230 6
108 289 5
108 303 7
108 319 4
108 341 6
108 406 5
108 445 5
108 447 3
108 476 5
108 496 9
108 508 6
108 578 4
108 600 5
108 606 0
108 610 4
108 649 4
108 650 5
108 678 3
108 710 5
108 734 7
108 759 4
108 783 6
108 806 4
108 834 6
108 921 7
108 943 4
108 1076 5
108 1138 7
108 1155 4
108 1167 3
108 1170 8
108 1210 7
108 1215 6
108 1216 5
108 1219 2
108 1221 8
108 1223 6
108 1279 8
108 1286 7
108 1299 6
108 1325 4
108 1359 6
108 1458 3
108 1477 2
108 1506 6
108 1538 4
108 1545 5
108 1548 3
108 1577 3
108 1676 1
109 25 4
109 50 1
109 71 10
109 113 7
109 122 1
109 125 8
109 162 3
109 191 3
109 239 6
109 275 6
109 289 6
109 294 4
109 311 3
109 325 2
109 340 7
109 360 4
109 376 6
109 391 6
109 515 8
109 519 3
109 541 3
109 543 4
109 556 3
109 559 10
109 561 5
109 570 3
109 590 5
109 594 3
109 649 4
109 669 7
109 713 8
109 732 4
109 753 5
109 829 5
109 831 3
109 840 4
109 857 3
109 867 3
109 870 2
109 880 3
109 901 2
109 940 7
109 946 7
109 1021 7
109 1094 9
109 1107 5
109 1123 4
109 1146 4
109 1154 4
109 1165 3
109 1176 5
109 1185 4
109 1241 6
109 1333 5
109 1361 5
109 1377 3
109 1392 2
109 1427 6
109 1430 5
109 1434 4
109 1451 4
109 1479 7
109 1484 3
109 1522 1
109 1570 3
109 1578 2
109 1633 7
109 1648 3
109 1672 8
110 1 3
110 15 3
110 111 6
110 135 5
110 144 5
110 146 8
110 175 6
110 232 4
110 279 3
110 298 7
110 301 5
110 312 1
110 319 3
110 363 7
110 372 6
110 385 8
110 423 4
110 458 1
110 532 6
110 542 4
110 577 6
110 624 5
110 641 2
110 647 3
110 686 5
110 714 5
110 738 0
110 744 5
110 769 4
110 772 6
110 795 8
110 806 3
110 817 4
110 831 4
110 839 9
110 863 8
110 889 7
110 902 4
110 931 8
110 932 6
110 935 1
110 941 6
110 944 3
110 958 3
110 978 5
110 991 6
110 992 5
110 1009 5
110 1101 7
110 1131 8
110 1137 7
110 1162 6
110 1187 2
110 1211 1
110 1217 4
110 1228 3
110 1251 5
110 1337 6
110 1344 7
110 1362 8
110 1393 3
110 1394 9
110 1401 5
110 1406 6
110 1431 9
110 1465 10
110 1506 7
110 1523 6
110 1534 5
110 1543 1
110 1562 6
110 1586 4
110 1591 5
110 1596 8
110 1604 1
110 1613 4
110 1620 1
110 1633 6
110 1639 6
110 1667 8
110 1669 4
111 26 7
111 35 2
111 62 4
111 124 9
111 170 7
111 211 2
111 217 4
111 239 6
111 260 7
111 278 4
111 281 3
111 392 7
111 400 5
111 421 3
111 484 6
111 518 6
111 573 7
111 583 5
111 679 3
111 700 4
111 710 6
111 786 5
111 807 7
111 977 4
111 986 0
111 1005 8
111 1028 7
111 1042 6
111 1079 4
111 1088 3
111 1223 5
111 1231 4
111 1232 2
111 1275 8
111 1282 5
111 1454 4
111 1499 4
111 1508 5
111 1556 9
111 1557 8
111 1600 3
111 1622 5
111 1634 7
111 1665 5
112 18 3
112 19 3
112 22 5
112 77 7
112 86 1
112 96 1
112 197 6
112 232 3
112 287 6
112 389 2
112 430 7
112 464 3
112 512 9
112 527 9
112 552 7
112 573 7
112 612 5
112 660 5
112 683 2
112 737 7
112 793 2
112 811 9
112 850 1
112 883 6
112 910 5
112 930 8
112 940 6
112 948 3
112 995 7
112 1024 4
112 1043 2
112 1047 4
112 1053 6
112 1057 6
112 1079 5
112 1098 5
112 1108 5
112 1144 7
112 1164 7
112 1197 9
112 1206 5
112 1249 8
112 1289 4
112 1347 2
112 1379 5
112 1416 4
112 1440 6
112 1500 5
112 1508 5
112 1541 9
112 1574 1
112 1584 3
112 1588 5
112 1590 7
112 1597 6
112 1648 5
112 1652 6
113 41 4
113 45 3
113 95 7
113 133 7
113 155 2
113 177 5
113 182 7
113 214 4
113 222 2
113 230 7
113 273 5
113 314 3
113 323 4
113 355 8
113 435 4
113 455 5
113 483 8
113 500 4
113 508 6
113 517 2
113 521 7
113 529 7
113 556 5
113 568 7
113 573 5
113 576 6
113 584 6
113 589 0
113 625 7
113 633 2
113 653 5
113 659 5
113 704 7
113 709 2
113 759 2
113 817 3
113 821 5
113 830 6
113 849 6
113 851 6
113 858 2
113 883 5
113 896 5
113 901 4
113 904 6
113 913 3
113 937 7
113 939 6
113 954 3
113 980 4
113 985 6
113 1042 8
113 1072 7
113 1075 6
113 1097 3
113 1128 4
113 1149 3
113 1158 1
113 1185 5
113 1201 8
113 1217 3
113 1238 5
113 1256 5
113 1393 2
113 1404 6
113 1412 3
113 1422 3
113 1434 3
113 1494 5
113 1503 4
113 1525 5
113 1533 8
113 1546 3
113 1553 10
113 1574 2
113 1611 6
113 1616 8
114 45 3
114 69 3
114 70 7
114 79 2
114 84 2
114 104 6
114 126 0
114 155 4
114 187 8
114 246 6
114 249 6
114 289 7
114 309 6
114 355 10
114 363 5
114 373 3
114 403 5
114 412 3
114 417 3
114 424 5
114 426 3
114 437 5
114 536 5
114 611 3
114 613 5
114 641 3
114 699 4
114 713 8
114 749 2
114 754 6
114 779 3
114 840 6
114 862 3
114 864 4
114 897 5
114 918 2
114 924 8
114 972 7
114 992 5
114 1022 7
114 1055 5
114 1069 5
114 1083 5
114 1113 6
114 1152 7
114 1167 2
114 1172 6
114 1241 5
114 1258 5
114 1264 5
114 1316 8
114 1318 6
114 1322 5
114 1402 4
114 1437 3
114 1445 6
114 1462 4
114 1494 5
114 1509 5
114 1522 1
114 1560 4
114 1584 3
114 1589 6
114 1644 9
114 1671 5
114 1678 3
115 4 6
115 10 3
115 33 6
115 41 2
115 89 7
115 94 4
115 101 6
115 109 5
115 138 3
115 152 4
115 160 10
115 186 5
115 209 5
115 223 0
115 224 7
115 265 7
115 272 6
115 285 5
115 293 8
115 318 4
115 336 7
115 426 4
115 449 7
115 524 5
115 565 5
115 618 9
115 635 4
115 654 6
115 656 6
115 676 4
115 753 3
115 781 4
115 797 2
115 803 7
115 818 2
115 848 6
115 923 6
115 1009 6
115 1036 4
115 1060 4
115 1065 2
115 1081 5
115 1113 6
115 1131 8
115 1167 4
115 1175 3
115 1200 3
115 1276 3
115 1314 8
115 1339 6
115 1421 2
115 1446 4
115 1490 4
115 1537 4
115 1559 8
115 1563 4
115 1574 1
115 1579 5
116 19 3
116 190 6
116 239 5
116 280 3
116 293 7
116 469 8
116 718 6
116 726 10
116 811 7
116 881 4
116 905 6
116 1196 5
116 1223 5
116 1381 4
116 1516 4
117 1 5
117 8 6
117 58 3
117 68 4
117 98 6
117 139 6
117 176 3
117 201 2
117 243 2
117 249 6
117 259 7
117 291 6
117 307 6
117 309 6
117 324 2
117 332 1
117 405 6
117 410 7
117 411 8
117 416 4
117 422 6
117 451 3
117 471 8
117 478 4
117 480 7
117 543 4
117 546 2
117 573 5
117 584 7
117 608 9
117 614 6
117 662 5
117 664 3
117 667 4
117 689 5
117 743 6
117 767 10
117 799 5
117 800 2
117 841 8
117 894 3
117 927 5
117 929 5
117 956 6
117 1003 7
117 1009 6
117 1023 4
117 1052 6
117 1054 7
117 1057 7
117 1059 5
117 1073 3
117 1080 3
117 1116 7
117 1143 9
117 1151 6
117 1158 2
117 1159 5
117 1201 7
117 1215 5
117 1227 4
117 1228 5
117 1240 7
117 1245 6
117 1254 3
117 1285 8
117 1290 7
117 1348 4
117 1358 4
117 1364 6
117 1423 5
117 1424 7
117 1471 4
117 1489 9
117 1493 5
117 1516 4
117 1532 7
117 1540 6
117 1569 4
117 1575 4
117 1625 4
117 1635 4
117 1655 3
118 33 6
118 43 7
118 47 2
118 76 6
118 98 6
118 141 6
118 154 4
118 168 8
118 177 4
118 218 5
118 301 6
118 319 4
118 364 7
118 367 6
118 384 4
118 396 7
118 415 8
118 416 4
118 429 5
118 478 5
118 479 1
118 481 6
118 483 7
118 489 5
118 508 6
118 550 4
118 604 4
118 615 6
118 742 3
118 752 4
118 816 9
118 820 7
118 822 2
118 834 6
118 836 6
118 883 4
118 916 6
118 924 8
118 980 3
118 983 5
118 994 5
118 995 7
118 1010 7
118 1028 6
118 1071 5
118 1072 8
118 1088 5
118 1108 5
118 1127 4
118 1135 4
118 1191 5
118 1200 4
118 1252 7
118 1265 4
118 1269 10
118 1296 5
118 1316 8
118 1322 7
118 1338 2
118 1348 5
118 1372 7
118 1381 5
118 1404 8
118 1437 3
118 1460 6
118 1470 4
118 1476 6
118 1477 1
118 1486 6
118 1487 5
118 1508 7
118 1523 5
118 1627 6
118 1663 7
119 35 3
119 41 2
119 224 5
119 340 5
119 383 4
119 391 6
119 446 7
119 480 6
119 618 8
119 696 3
119 710 4
119 760 4
119 790 6
119 801 3
119 810 3
119 846 5
119 933 4
119 942 6
119 945 6
119 956 8
119 977 5
119 991 8
119 1004 3
119 1036 4
119 1040 2
119 1102 4
119 1307 6
119 1323 3
119 1338 4
119 1374 1
119 1424 7
119 1436 4
119 1552 2
119 1565 1
119 1623 3
