Seed: 3669075649
Researcher: 100
Papers: 1800
Edges: 4668
RDensity: None
minScore: 0
maxScore: 10
maxResearcherForPaper: None
maxPaperForResearcher: None
ToAssign: 250
0 6 5
0 212 2
0 343 6
0 436 0
0 490 6
0 494 8
0 554 6
0 556 4
0 577 7
0 668 6
0 863 3
0 904 2
0 940 8
0 1048 4
0 1057 5
0 1110 4
0 1132 3
0 1155 4
0 1260 5
0 1321 4
0 1339 3
0 1455 8
0 1460 9
0 1531 3
0 1767 10
0 1777 5
1 108 6
1 279 7
1 333 3
1 555 6
1 566 4
1 602 6
1 756 4
1 863 4
1 971 3
1 1031 3
1 1035 6
1 1083 3
1 1149 7
1 1473 3
1 1738 3
2 50 5
2 53 4
2 71 7
2 91 7
2 98 5
2 192 10
2 217 2
2 234 1
2 241 3
2 257 4
2 261 5
2 278 7
2 290 3
2 294 4
2 311 5
2 312 5
2 333 3
2 339 5
2 340 3
2 369 6
2 376 5
2 397 2
2 410 7
2 418 4
2 423 4
2 425 7
2 427 9
2 436 1
2 447 2
2 464 6
2 467 6
2 514 8
2 522 5
2 534 1
2 563 4
2 575 5
2 615 7
2 647 5
2 733 4
2 769 4
2 808 2
2 818 3
2 826 4
2 830 9
2 833 5
2 876 4
2 879 5
2 891 7
2 901 6
2 920 7
2 955 5
2 960 8
2 963 5
2 980 3
2 989 7
2 1001 5
2 1025 5
2 1040 4
2 1047 7
2 1071 6
2 1076 7
2 1143 7
2 1175 9
2 1186 4
2 1214 1
2 1217 4
2 1220 4
2 1317 7
2 1342 1
2 1365 4
2 1381 3
2 1384 7
2 1398 2
2 1400 8
2 1488 2
2 1496 5
2 1506 4
2 1532 7
2 1538 2
2 1585 6
2 1611 9
2 1622 5
2 1663 5
2 1699 4
2 1700 7
2 1731 5
2 1759 3
3 47 3
3 48 6
3 65 5
3 95 7
3 126 4
3 167 7
3 168 4
3 190 9
3 258 3
3 273 5
3 295 6
3 337 4
3 339 5
3 400 4
3 423 3
3 431 5
3 481 7
3 531 6
3 639 3
3 651 4
3 655 4
3 742 3
3 761 5
3 854 5
3 918 4
3 972 5
3 1012 1
3 1102 8
3 1137 6
3 1151 3
3 1176 5
3 1267 7
3 1334 6
3 1341 2
3 1368 4
3 1404 4
3 1445 5
3 1538 2
3 1546 6
3 1549 4
3 1571 1
3 1586 7
3 1616 5
3 1627 8
3 1674 5
3 1756 6
3 1779 2
4 43 3
4 88 7
4 136 4
4 292 2
4 380 6
4 548 6
4 603 4
4 621 2
4 681 6
4 722 3
4 769 4
4 1076 7
4 1361 5
4 1548 5
4 1585 7
4 1669 10
4 1726 7
4 1759 5
4 1794 3
5 57 7
5 61 3
5 72 5
5 100 5
5 177 9
5 182 4
5 191 2
5 201 4
5 213 5
5 228 3
5 243 6
5 245 4
5 254 5
5 255 2
5 285 5
5 296 5
5 358 7
5 361 5
5 372 4
5 404 2
5 417 2
5 420 1
5 424 7
5 438 8
5 461 3
5 470 3
5 473 3
5 474 2
5 500 7
5 552 3
5 614 2
5 619 9
5 624 2
5 720 5
5 726 6
5 747 7
5 780 5
5 833 6
5 860 6
5 882 6
5 891 6
5 917 6
5 945 5
5 951 6
5 989 7
5 991 5
5 995 3
5 1013 5
5 1017 8
5 1041 0
5 1045 3
5 1058 6
5 1164 6
5 1183 7
5 1188 2
5 1216 5
5 1295 4
5 1330 4
5 1333 6
5 1337 7
5 1350 4
5 1351 5
5 1389 4
5 1396 8
5 1431 4
5 1487 4
5 1500 5
5 1511 6
5 1541 7
5 1542 5
5 1543 5
5 1659 2
5 1667 5
5 1683 8
5 1684 3
5 1713 6
5 1715 9
5 1730 7
5 1772 5
5 1789 6
5 1793 1
6 106 5
6 122 4
6 187 2
6 226 5
6 256 2
6 378 5
6 380 6
6 395 8
6 432 4
6 436 0
6 486 7
6 547 8
6 551 7
6 738 7
6 763 2
6 790 7
6 791 5
6 800 8
6 804 7
6 817 5
6 997 5
6 998 3
6 1054 4
6 1055 2
6 1057 4
6 1090 6
6 1214 3
6 1216 5
6 1271 2
6 1277 6
6 1389 3
6 1419 1
6 1454 1
6 1466 5
6 1584 7
6 1682 6
6 1684 3
6 1701 3
6 1714 3
6 1757 7
7 209 5
7 224 2
7 273 6
7 353 4
7 441 1
7 645 5
7 1002 8
7 1038 1
7 1108 3
7 1129 10
7 1172 7
7 1187 1
7 1727 1
7 1780 10
8 1 3
8 30 4
8 33 7
8 48 7
8 66 5
8 80 7
8 107 3
8 114 3
8 195 8
8 201 4
8 208 6
8 216 7
8 229 0
8 252 7
8 263 3
8 265 0
8 297 5
8 336 8
8 350 5
8 368 7
8 394 5
8 421 10
8 423 5
8 432 3
8 455 3
8 480 3
8 512 9
8 514 7
8 539 6
8 544 2
8 562 4
8 571 5
8 636 6
8 666 6
8 672 2
8 686 6
8 766 6
8 767 4
8 787 3
8 838 4
8 861 4
8 874 4
8 906 4
8 921 6
8 923 5
8 928 8
8 957 4
8 966 6
8 978 5
8 1169 7
8 1232 7
8 1238 2
8 1243 6
8 1248 5
8 1271 4
8 1282 6
8 1324 3
8 1332 7
8 1347 10
8 1359 5
8 1383 4
8 1385 2
8 1395 5
8 1442 6
8 1456 4
8 1467 8
8 1492 3
8 1513 7
8 1514 5
8 1563 7
8 1564 6
8 1598 5
8 1599 6
8 1610 6
8 1653 1
8 1657 10
8 1663 5
8 1666 8
8 1680 3
8 1701 4
8 1706 5
8 1760 5
8 1797 3
9 17 7
9 46 10
9 85 7
9 102 3
9 104 3
9 120 6
9 121 4
9 162 7
9 207 4
9 216 5
9 257 4
9 384 3
9 420 2
9 421 10
9 435 9
9 436 0
9 497 3
9 516 8
9 523 6
9 548 4
9 550 6
9 552 5
9 561 5
9 570 4
9 607 6
9 614 2
9 632 6
9 650 5
9 654 10
9 665 8
9 698 8
9 727 6
9 735 4
9 762 6
9 767 5
9 770 4
9 796 4
9 814 7
9 839 4
9 844 5
9 875 5
9 898 1
9 934 6
9 941 7
9 975 8
9 993 1
9 1028 6
9 1051 6
9 1062 6
9 1122 7
9 1163 6
9 1192 1
9 1231 7
9 1235 5
9 1252 4
9 1280 7
9 1293 7
9 1295 6
9 1363 5
9 1379 6
9 1417 5
9 1441 6
9 1489 4
9 1490 7
9 1491 5
9 1536 6
9 1551 4
9 1634 5
9 1636 6
9 1639 6
9 1724 6
9 1730 6
9 1733 2
9 1735 7
9 1736 6
9 1753 5
9 1783 8
10 13 10
10 28 4
10 42 4
10 58 3
10 154 8
10 312 4
10 340 3
10 540 4
10 543 6
10 576 7
10 610 1
10 649 4
10 650 4
10 659 5
10 724 6
10 754 2
10 766 8
10 783 4
10 819 1
10 830 8
10 850 2
10 858 10
10 938 2
10 984 7
10 989 6
10 1029 4
10 1085 5
10 1107 7
10 1109 5
10 1127 5
10 1133 10
10 1138 1
10 1271 4
10 1319 5
10 1389 4
10 1571 3
10 1589 5
10 1667 6
10 1700 6
10 1710 4
10 1798 2
11 2 4
11 164 6
11 167 5
11 245 5
11 295 4
11 323 6
11 414 7
11 457 5
11 470 4
11 473 5
11 596 2
11 652 6
11 870 3
11 965 3
11 1030 5
11 1079 0
11 1091 6
11 1104 2
11 1138 1
11 1237 6
11 1245 8
11 1293 5
11 1300 4
11 1336 3
11 1373 3
11 1431 5
11 1436 8
11 1460 9
11 1486 4
11 1541 7
11 1597 7
11 1608 2
11 1631 3
11 1681 8
11 1732 7
11 1751 2
12 28 6
12 36 4
12 94 4
12 144 7
12 186 5
12 188 4
12 229 0
12 239 2
12 241 3
12 262 6
12 346 10
12 360 5
12 469 6
12 550 5
12 574 6
12 634 5
12 702 7
12 722 4
12 806 6
12 856 5
12 861 5
12 872 8
12 875 5
12 973 5
12 1050 5
12 1057 4
12 1082 2
12 1158 6
12 1175 9
12 1205 4
12 1222 8
12 1287 7
12 1323 10
12 1331 6
12 1343 6
12 1348 4
12 1362 7
12 1415 8
12 1424 5
12 1447 7
12 1460 7
12 1494 5
12 1516 7
12 1523 2
12 1544 4
12 1569 3
12 1610 5
12 1665 8
12 1674 5
12 1701 2
12 1703 5
12 1728 4
12 1767 9
12 1771 4
13 73 3
13 142 2
13 148 10
13 181 5
13 267 4
13 276 5
13 341 8
13 346 8
13 408 7
13 410 7
13 428 2
13 434 4
13 440 5
13 499 4
13 541 5
13 602 8
13 662 5
13 733 3
13 774 7
13 1020 4
13 1071 8
13 1165 3
13 1194 7
13 1213 8
13 1273 4
13 1370 6
13 1375 3
13 1395 4
13 1451 4
13 1485 4
13 1615 5
13 1626 4
13 1701 4
13 1723 7
13 1762 5
14 66 5
14 141 6
14 224 1
14 277 8
14 625 2
14 793 5
14 1065 8
14 1102 7
14 1167 6
14 1295 4
14 1358 5
14 1386 3
14 1461 4
14 1592 9
14 1674 6
15 82 5
15 219 8
15 280 6
15 288 6
15 308 5
15 324 4
15 348 5
15 528 5
15 554 4
15 595 5
15 629 1
15 683 5
15 706 7
15 713 6
15 819 3
15 933 4
15 983 6
15 1036 7
15 1132 4
15 1219 4
15 1308 10
15 1350 5
15 1436 8
15 1446 1
15 1479 1
15 1517 4
15 1557 5
15 1583 6
15 1646 9
15 1672 5
15 1683 8
16 368 6
16 406 6
16 504 3
16 598 8
16 759 4
16 1113 8
16 1161 8
16 1182 8
16 1306 4
16 1323 9
16 1356 9
16 1461 4
16 1530 6
16 1611 8
16 1665 7
17 20 7
17 21 5
17 32 5
17 33 7
17 44 7
17 50 5
17 53 3
17 57 6
17 60 6
17 80 7
17 85 8
17 98 5
17 110 6
17 125 4
17 164 5
17 174 7
17 203 5
17 216 7
17 237 3
17 261 6
17 269 7
17 353 4
17 370 6
17 379 8
17 389 5
17 399 7
17 405 5
17 428 1
17 430 2
17 455 3
17 540 3
17 575 5
17 576 7
17 577 9
17 578 3
17 580 3
17 595 4
17 607 7
17 656 5
17 663 3
17 694 7
17 715 6
17 722 4
17 747 6
17 794 6
17 810 6
17 811 6
17 948 5
17 967 0
17 977 3
17 999 4
17 1012 2
17 1016 6
17 1021 5
17 1033 6
17 1040 4
17 1046 5
17 1057 5
17 1128 5
17 1154 0
17 1156 6
17 1171 9
17 1209 6
17 1210 5
17 1225 6
17 1239 5
17 1246 9
17 1271 4
17 1283 6
17 1290 5
17 1324 3
17 1367 5
17 1380 5
17 1382 8
17 1387 1
17 1431 5
17 1505 7
17 1513 6
17 1515 10
17 1532 7
17 1540 5
17 1549 3
17 1626 3
17 1678 3
17 1684 3
17 1745 7
17 1747 4
17 1763 6
17 1796 3
18 33 6
18 46 8
18 63 8
18 74 2
18 84 9
18 115 4
18 132 6
18 159 7
18 174 6
18 189 3
18 201 5
18 211 4
18 221 6
18 247 7
18 302 7
18 340 2
18 374 6
18 412 6
18 425 6
18 575 4
18 579 4
18 580 3
18 598 10
18 613 5
18 663 3
18 666 7
18 669 7
18 678 9
18 702 7
18 741 6
18 782 6
18 792 5
18 800 7
18 802 5
18 889 6
18 919 6
18 948 5
18 988 1
18 991 6
18 1048 5
18 1050 6
18 1051 6
18 1058 6
18 1074 2
18 1076 7
18 1084 2
18 1136 6
18 1143 7
18 1171 9
18 1190 7
18 1240 6
18 1283 7
18 1291 7
18 1294 7
18 1301 3
18 1352 5
18 1360 6
18 1364 6
18 1369 5
18 1413 4
18 1437 7
18 1453 6
18 1465 8
18 1480 4
18 1487 5
18 1543 3
18 1556 4
18 1567 0
18 1590 2
18 1644 3
18 1702 4
18 1719 5
19 112 3
19 121 6
19 139 6
19 173 6
19 217 4
19 239 3
19 248 7
19 290 4
19 292 3
19 409 6
19 508 5
19 523 5
19 525 3
19 541 7
19 678 7
19 702 7
19 811 5
19 866 3
19 878 4
19 918 6
19 929 5
19 931 2
19 942 6
19 968 6
19 977 5
19 1017 8
19 1049 5
19 1052 6
19 1081 1
19 1152 6
19 1170 1
19 1294 6
19 1308 9
19 1321 5
19 1328 5
19 1411 10
19 1437 7
19 1454 1
19 1469 1
19 1471 4
19 1525 6
19 1556 2
19 1597 6
19 1648 6
19 1692 7
19 1760 4
19 1766 6
19 1781 6
20 53 4
20 56 0
20 231 5
20 451 4
20 469 6
20 556 4
20 568 6
20 582 7
20 690 9
20 692 3
20 860 5
20 1033 8
20 1094 5
20 1124 3
20 1273 4
20 1363 3
20 1389 2
20 1408 4
20 1525 7
20 1537 8
20 1564 5
20 1599 5
20 1640 2
20 1641 5
20 1754 1
21 4 9
21 26 3
21 45 5
21 71 6
21 250 5
21 414 7
21 447 2
21 569 4
21 674 7
21 751 3
21 765 6
21 833 7
21 872 9
21 940 8
21 1025 5
21 1306 3
21 1345 7
21 1408 4
22 8 4
22 48 7
22 195 6
22 238 3
22 321 7
22 379 10
22 493 6
22 509 2
22 511 6
22 536 3
22 649 4
22 657 2
22 724 5
22 814 8
22 953 2
22 962 3
22 990 1
22 1003 7
22 1043 6
22 1095 7
22 1134 5
22 1147 3
22 1157 8
22 1196 4
22 1313 2
22 1318 0
22 1449 6
22 1504 3
22 1524 2
22 1572 6
22 1643 6
22 1705 5
22 1719 5
23 8 6
23 42 3
23 90 6
23 102 2
23 142 3
23 167 7
23 168 4
23 179 8
23 263 5
23 284 7
23 320 7
23 325 7
23 367 5
23 455 5
23 468 3
23 519 4
23 554 4
23 558 5
23 571 4
23 576 7
23 580 2
23 630 7
23 691 5
23 722 4
23 797 6
23 859 4
23 862 4
23 878 4
23 899 8
23 923 5
23 930 6
23 962 2
23 975 8
23 992 2
23 1032 5
23 1086 5
23 1094 4
23 1099 2
23 1106 5
23 1208 7
23 1215 5
23 1227 6
23 1295 6
23 1305 7
23 1316 6
23 1383 3
23 1422 7
23 1473 5
23 1491 3
23 1493 10
23 1507 1
23 1515 10
23 1554 6
23 1574 3
23 1632 4
23 1685 4
23 1698 2
23 1700 8
23 1703 6
23 1756 7
23 1793 1
23 1795 4
24 15 5
24 17 6
24 40 9
24 88 7
24 101 6
24 120 6
24 121 4
24 126 2
24 127 1
24 163 8
24 165 6
24 181 4
24 217 4
24 254 5
24 285 7
24 344 2
24 351 5
24 370 8
24 385 4
24 393 3
24 415 3
24 432 3
24 462 5
24 469 6
24 486 6
24 487 7
24 497 1
24 512 9
24 539 6
24 545 5
24 569 4
24 578 4
24 583 7
24 709 4
24 716 2
24 732 9
24 742 3
24 799 8
24 852 9
24 882 4
24 888 7
24 939 7
24 953 4
24 972 7
24 1005 4
24 1023 2
24 1029 2
24 1076 8
24 1138 1
24 1250 7
24 1256 3
24 1291 7
24 1296 6
24 1303 5
24 1406 3
24 1440 6
24 1449 6
24 1450 5
24 1480 2
24 1494 4
24 1497 5
24 1559 5
24 1627 6
24 1636 6
24 1655 4
24 1657 10
24 1685 6
25 6 3
25 19 8
25 26 4
25 160 8
25 211 5
25 281 4
25 302 7
25 336 7
25 371 5
25 402 2
25 426 5
25 444 7
25 509 2
25 563 5
25 653 5
25 680 4
25 703 9
25 767 4
25 812 6
25 827 8
25 885 4
25 948 4
25 963 5
25 1006 7
25 1067 9
25 1074 2
25 1196 5
25 1237 5
25 1397 4
25 1432 4
25 1434 8
25 1437 7
25 1560 6
25 1578 6
25 1633 3
25 1740 9
25 1752 2
25 1787 4
26 131 6
26 157 3
26 210 5
26 359 2
26 433 6
26 589 5
26 685 9
26 1021 3
26 1162 2
26 1344 8
27 39 3
27 43 2
27 78 4
27 83 6
27 88 6
27 119 4
27 156 3
27 161 5
27 169 6
27 179 6
27 223 10
27 260 6
27 263 4
27 264 5
27 287 5
27 288 4
27 338 2
27 355 3
27 358 5
27 371 7
27 393 5
27 430 3
27 462 5
27 486 7
27 493 4
27 506 2
27 507 4
27 594 7
27 598 8
27 606 1
27 644 5
27 670 6
27 691 6
27 713 4
27 732 9
27 793 6
27 819 2
27 825 6
27 862 6
27 894 4
27 898 0
27 929 4
27 946 6
27 952 9
27 960 8
27 962 3
27 970 5
27 972 6
27 976 6
27 979 7
27 1011 7
27 1057 6
27 1060 8
27 1070 2
27 1100 5
27 1132 3
27 1153 4
27 1161 6
27 1165 4
27 1211 4
27 1249 4
27 1303 5
27 1308 10
27 1321 5
27 1327 2
27 1351 6
27 1368 4
27 1378 6
27 1385 4
27 1408 2
27 1412 7
27 1422 8
27 1451 3
27 1463 4
27 1492 1
27 1497 5
27 1513 5
27 1534 4
27 1544 5
27 1550 5
27 1554 7
27 1588 4
27 1599 6
27 1623 8
27 1632 4
27 1645 5
27 1684 1
27 1685 6
27 1731 3
27 1782 8
28 34 4
28 54 8
28 113 5
28 155 8
28 226 6
28 238 5
28 285 7
28 324 5
28 356 3
28 393 3
28 406 5
28 524 7
28 533 6
28 536 5
28 584 2
28 679 4
28 696 4
28 711 5
28 739 2
28 872 8
28 897 5
28 900 6
28 926 2
28 938 2
28 982 3
28 1023 3
28 1060 7
28 1201 2
28 1209 5
28 1211 6
28 1309 8
28 1339 2
28 1341 4
28 1378 6
28 1382 8
28 1414 9
28 1424 7
28 1454 1
28 1457 5
28 1462 10
28 1482 4
28 1665 9
28 1680 4
28 1722 7
28 1795 4
29 11 10
29 25 6
29 116 5
29 214 4
29 263 3
29 278 7
29 299 1
29 300 5
29 327 5
29 346 10
29 357 3
29 388 5
29 403 7
29 408 9
29 484 7
29 523 4
29 545 5
29 550 5
29 554 6
29 555 4
29 565 5
29 585 8
29 597 3
29 601 2
29 616 5
29 640 8
29 722 4
29 736 3
29 776 1
29 777 7
29 801 8
29 809 5
29 813 4
29 828 8
29 910 6
29 915 3
29 936 6
29 937 4
29 1033 8
29 1075 8
29 1097 8
29 1113 8
29 1143 6
29 1146 7
29 1151 3
29 1186 6
29 1188 2
29 1208 7
29 1241 2
29 1288 0
29 1329 8
29 1339 2
29 1396 9
29 1409 5
29 1432 2
29 1445 4
29 1467 8
29 1531 4
29 1544 5
29 1549 5
29 1556 2
29 1558 6
29 1566 7
29 1604 9
29 1624 3
29 1639 4
29 1664 4
29 1688 5
29 1743 5
29 1745 6
29 1770 3
30 19 8
30 118 5
30 130 7
30 152 8
30 155 8
30 161 6
30 242 7
30 299 0
30 347 4
30 382 3
30 416 3
30 681 7
30 686 5
30 721 7
30 729 7
30 735 2
30 819 1
30 849 3
30 862 4
30 910 6
30 944 5
30 983 7
30 996 2
30 1039 2
30 1047 9
30 1089 7
30 1177 4
30 1208 7
30 1217 3
30 1236 8
30 1259 4
30 1265 8
30 1312 4
30 1371 5
30 1393 2
30 1444 2
30 1462 10
30 1487 6
30 1514 5
30 1581 5
30 1620 10
30 1636 7
30 1713 7
30 1733 3
30 1766 6
31 67 8
31 72 5
31 78 4
31 129 3
31 146 5
31 198 8
31 203 6
31 204 6
31 222 4
31 234 3
31 277 9
31 288 5
31 296 6
31 367 4
31 412 7
31 425 6
31 439 6
31 455 4
31 462 4
31 505 5
31 516 6
31 524 8
31 526 1
31 608 1
31 611 7
31 626 6
31 640 6
31 643 1
31 707 5
31 709 2
31 718 2
31 739 4
31 762 6
31 772 5
31 811 6
31 845 6
31 848 2
31 879 4
31 943 4
31 960 7
31 979 5
31 1058 4
31 1074 3
31 1086 4
31 1102 6
31 1134 6
31 1142 8
31 1154 0
31 1166 5
31 1172 9
31 1228 2
31 1252 4
31 1271 3
31 1301 2
31 1302 6
31 1319 6
31 1349 3
31 1359 6
31 1374 8
31 1444 4
31 1533 7
31 1536 6
31 1540 5
31 1551 4
31 1580 7
31 1581 5
31 1615 5
31 1639 6
31 1728 5
32 27 3
32 63 6
32 65 4
32 114 2
32 140 4
32 169 5
32 216 7
32 222 3
32 239 2
32 243 5
32 307 4
32 345 0
32 348 3
32 350 3
32 465 5
32 474 2
32 476 7
32 533 6
32 548 4
32 569 3
32 621 1
32 637 5
32 652 5
32 663 3
32 680 3
32 684 3
32 691 7
32 697 7
32 746 7
32 760 4
32 769 3
32 772 4
32 810 7
32 843 6
32 871 6
32 875 6
32 876 3
32 903 4
32 915 5
32 925 6
32 934 4
32 937 4
32 949 9
32 951 6
32 953 4
32 994 3
32 995 4
32 1078 1
32 1125 3
32 1132 4
32 1154 1
32 1174 2
32 1175 10
32 1184 6
32 1199 5
32 1225 8
32 1232 8
32 1235 6
32 1307 2
32 1317 7
32 1324 5
32 1334 5
32 1357 5
32 1366 0
32 1373 4
32 1403 5
32 1420 6
32 1450 7
32 1503 7
32 1526 4
32 1539 5
32 1545 4
32 1548 6
32 1558 4
32 1610 4
32 1617 4
32 1685 5
32 1686 2
32 1712 5
32 1767 10
32 1789 6
32 1794 2
33 12 3
33 23 6
33 200 8
33 219 8
33 275 10
33 315 6
33 466 5
33 614 2
33 619 9
33 710 6
33 758 4
33 765 6
33 776 2
33 793 6
33 873 2
33 905 5
33 924 4
33 978 5
33 999 3
33 1147 4
33 1160 6
33 1282 4
33 1312 4
33 1327 2
33 1376 6
33 1458 5
33 1459 5
33 1533 5
33 1557 5
33 1579 2
33 1590 3
33 1599 6
33 1739 3
33 1750 10
33 1793 3
34 52 4
34 95 6
34 103 5
34 137 3
34 158 3
34 171 4
34 186 3
34 209 5
34 400 2
34 454 7
34 464 5
34 481 5
34 484 7
34 539 5
34 549 8
34 562 2
34 599 6
34 654 10
34 719 4
34 727 5
34 736 2
34 785 3
34 840 5
34 851 5
34 893 7
34 1124 3
34 1176 3
34 1192 1
34 1199 5
34 1206 7
34 1254 7
34 1320 5
34 1332 8
34 1341 3
34 1380 7
34 1561 8
34 1584 7
34 1599 6
34 1615 5
34 1631 4
34 1744 7
34 1769 7
34 1772 5
35 34 4
35 91 7
35 99 4
35 112 2
35 241 5
35 248 6
35 253 4
35 259 0
35 269 7
35 321 8
35 334 6
35 347 3
35 366 3
35 368 7
35 399 7
35 417 2
35 453 8
35 456 10
35 462 5
35 556 3
35 567 5
35 587 4
35 599 7
35 687 2
35 688 6
35 703 8
35 706 8
35 718 2
35 742 3
35 775 5
35 785 4
35 834 6
35 865 3
35 875 6
35 894 5
35 918 4
35 968 4
35 977 4
35 1008 3
35 1014 5
35 1051 7
35 1080 4
35 1131 6
35 1190 8
35 1197 3
35 1217 3
35 1236 7
35 1250 5
35 1282 4
35 1289 1
35 1299 2
35 1323 10
35 1347 8
35 1371 5
35 1431 5
35 1435 2
35 1438 5
35 1441 5
35 1462 10
35 1466 4
35 1470 7
35 1533 7
35 1535 9
35 1543 4
35 1544 3
35 1592 7
35 1596 3
35 1606 6
35 1627 7
35 1650 0
35 1663 5
35 1691 7
35 1700 8
35 1709 4
35 1722 9
35 1734 5
35 1764 4
35 1799 0
36 41 4
36 64 3
36 89 2
36 151 7
36 172 4
36 190 7
36 252 5
36 261 4
36 285 6
36 334 5
36 341 7
36 362 4
36 382 3
36 433 7
36 435 9
36 437 4
36 458 8
36 541 5
36 542 3
36 567 6
36 570 4
36 640 6
36 653 6
36 670 7
36 679 6
36 683 6
36 719 2
36 766 7
36 797 6
36 831 4
36 839 6
36 843 7
36 884 4
36 892 3
36 916 5
36 967 1
36 982 4
36 1007 7
36 1018 4
36 1035 6
36 1046 4
36 1061 7
36 1078 2
36 1100 5
36 1111 7
36 1126 4
36 1161 7
36 1183 8
36 1253 5
36 1262 8
36 1296 6
36 1322 5
36 1345 6
36 1350 3
36 1358 5
36 1383 5
36 1404 5
36 1406 3
36 1438 3
36 1610 4
36 1634 7
36 1680 4
36 1683 7
36 1684 3
36 1757 5
36 1794 1
37 24 8
37 94 5
37 173 5
37 227 6
37 231 4
37 253 5
37 537 5
37 975 6
37 993 3
37 1571 3
37 1735 7
37 1765 5
38 379 10
38 442 2
38 459 0
38 498 3
38 506 3
38 532 4
38 547 8
38 770 5
38 823 3
38 844 5
38 898 2
38 955 4
38 1065 8
38 1175 10
38 1213 6
38 1230 5
38 1244 4
38 1401 4
38 1607 5
38 1710 3
39 4 9
39 68 6
39 123 2
39 283 10
39 338 1
39 561 3
39 785 2
39 937 3
39 938 2
39 1026 5
39 1034 5
39 1075 8
39 1083 3
39 1085 4
39 1118 0
39 1147 4
39 1209 6
39 1251 2
39 1265 6
39 1330 2
39 1380 5
39 1399 5
39 1461 4
39 1485 5
39 1507 0
39 1654 5
39 1745 6
40 83 7
40 89 3
40 93 7
40 111 3
40 113 3
40 121 6
40 128 9
40 134 0
40 155 8
40 189 3
40 200 9
40 259 0
40 443 5
40 463 5
40 466 4
40 513 0
40 606 1
40 618 6
40 621 0
40 630 8
40 649 6
40 666 6
40 679 5
40 681 7
40 693 6
40 710 7
40 736 4
40 748 4
40 812 8
40 829 5
40 841 4
40 843 6
40 847 3
40 909 4
40 915 5
40 943 5
40 944 3
40 954 2
40 974 3
40 985 4
40 1002 8
40 1005 4
40 1008 5
40 1032 4
40 1046 3
40 1054 4
40 1076 7
40 1088 5
40 1089 7
40 1112 3
40 1127 5
40 1145 8
40 1147 4
40 1169 5
40 1198 2
40 1284 2
40 1288 0
40 1340 5
40 1384 5
40 1392 6
40 1402 6
40 1450 5
40 1458 6
40 1470 9
40 1488 1
40 1515 9
40 1565 4
40 1615 6
40 1629 2
40 1657 8
40 1664 6
40 1674 5
40 1735 8
40 1751 2
40 1752 4
40 1799 0
41 0 4
41 47 2
41 69 5
41 80 7
41 85 8
41 105 7
41 169 6
41 180 0
41 184 5
41 186 5
41 214 4
41 216 5
41 264 4
41 270 7
41 277 10
41 301 2
41 309 6
41 325 5
41 343 4
41 368 5
41 407 8
41 495 4
41 522 3
41 527 2
41 545 6
41 549 9
41 572 6
41 586 7
41 621 2
41 635 4
41 650 6
41 659 4
41 723 1
41 751 5
41 760 3
41 780 4
41 802 3
41 814 9
41 822 3
41 844 5
41 864 6
41 884 6
41 894 5
41 903 4
41 938 2
41 946 4
41 950 3
41 1009 4
41 1069 5
41 1079 2
41 1143 5
41 1149 5
41 1182 8
41 1200 4
41 1205 3
41 1222 8
41 1257 5
41 1323 9
41 1334 6
41 1355 3
41 1379 8
41 1399 6
41 1401 6
41 1477 5
41 1749 5
42 18 7
42 47 3
42 56 1
42 91 7
42 97 7
42 150 9
42 172 6
42 182 5
42 183 6
42 230 2
42 244 3
42 247 7
42 272 2
42 277 10
42 365 6
42 370 8
42 472 6
42 538 6
42 540 5
42 602 6
42 635 4
42 701 5
42 761 5
42 767 4
42 769 3
42 794 4
42 805 5
42 806 7
42 824 5
42 895 4
42 897 5
42 945 3
42 992 2
42 1004 3
42 1009 5
42 1031 2
42 1032 6
42 1040 2
42 1060 9
42 1064 6
42 1116 4
42 1121 6
42 1179 3
42 1196 4
42 1197 2
42 1289 3
42 1291 7
42 1299 3
42 1302 4
42 1371 4
42 1388 6
42 1474 5
42 1524 3
42 1525 5
42 1590 2
42 1647 2
42 1673 7
42 1674 6
42 1775 4
42 1795 6
43 45 5
43 59 5
43 160 7
43 252 7
43 268 1
43 321 9
43 478 2
43 480 3
43 567 6
43 650 5
43 709 4
43 756 4
43 787 5
43 862 4
43 873 2
43 877 9
43 885 5
43 969 5
43 972 7
43 986 8
43 1004 1
43 1033 6
43 1046 3
43 1093 5
43 1208 7
43 1349 1
43 1447 6
43 1502 3
43 1591 3
43 1592 7
43 1632 4
43 1685 4
43 1700 8
43 1790 8
44 128 9
44 150 8
44 372 6
44 413 5
44 488 6
44 534 1
44 570 3
44 601 1
44 688 6
44 699 5
44 1087 8
44 1190 7
44 1201 3
44 1345 8
44 1488 3
44 1542 5
45 57 6
45 66 5
45 86 4
45 97 5
45 104 4
45 138 6
45 423 5
45 518 4
45 531 5
45 561 5
45 563 6
45 607 7
45 611 6
45 643 2
45 673 7
45 775 6
45 844 4
45 864 4
45 915 5
45 938 4
45 941 8
45 980 4
45 1056 7
45 1110 5
45 1125 5
45 1153 3
45 1165 3
45 1185 6
45 1221 3
45 1269 6
45 1320 5
45 1384 7
45 1429 7
45 1439 4
45 1476 10
45 1502 3
45 1545 6
45 1549 4
45 1613 8
45 1654 6
45 1694 6
45 1707 3
45 1735 6
45 1770 5
46 12 1
46 19 8
46 55 4
46 100 3
46 109 6
46 112 4
46 128 9
46 145 8
46 161 4
46 177 10
46 179 7
46 217 3
46 245 5
46 262 7
46 266 5
46 280 4
46 315 4
46 359 3
46 479 4
46 494 8
46 500 8
46 519 4
46 524 9
46 560 4
46 576 7
46 649 4
46 699 3
46 797 5
46 798 3
46 802 4
46 830 9
46 877 9
46 913 3
46 931 3
46 946 6
46 972 7
46 979 7
46 991 7
46 1017 8
46 1023 1
46 1034 4
46 1068 3
46 1081 2
46 1256 4
46 1268 9
46 1328 3
46 1333 6
46 1357 5
46 1433 4
46 1525 7
46 1533 5
46 1551 4
46 1631 5
46 1633 3
46 1652 6
46 1701 4
47 28 5
47 54 6
47 99 5
47 272 3
47 466 4
47 617 5
47 677 9
47 698 6
47 796 3
47 836 4
47 886 1
47 964 4
47 1257 4
47 1326 7
47 1748 1
48 5 5
48 10 6
48 22 5
48 83 7
48 137 5
48 145 7
48 204 6
48 221 6
48 236 6
48 258 2
48 339 5
48 352 5
48 364 3
48 444 7
48 459 0
48 475 1
48 484 7
48 501 4
48 574 5
48 578 5
48 587 5
48 594 8
48 611 7
48 616 3
48 618 5
48 636 8
48 643 2
48 655 5
48 657 1
48 667 0
48 670 5
48 763 3
48 764 8
48 779 4
48 788 5
48 819 2
48 842 2
48 850 1
48 893 6
48 900 5
48 916 5
48 924 4
48 983 6
48 985 4
48 1000 6
48 1016 5
48 1017 8
48 1051 7
48 1068 4
48 1092 8
48 1099 1
48 1102 8
48 1106 5
48 1124 1
48 1128 5
48 1132 3
48 1148 3
48 1170 1
48 1188 2
48 1196 4
48 1204 8
48 1217 3
48 1282 5
48 1286 6
48 1326 7
48 1443 3
48 1463 4
48 1486 4
48 1538 3
48 1554 6
48 1559 5
48 1571 2
48 1601 3
48 1661 3
48 1724 4
48 1745 8
48 1788 6
49 2 5
49 8 4
49 60 6
49 81 3
49 179 8
49 201 4
49 252 7
49 330 9
49 394 7
49 511 5
49 614 1
49 666 5
49 690 9
49 735 2
49 745 4
49 764 7
49 780 3
49 983 6
49 1123 3
49 1145 9
49 1203 8
49 1291 7
49 1294 6
49 1333 6
49 1407 6
49 1472 5
49 1500 6
49 1508 7
49 1774 4
49 1788 7
50 59 6
50 75 6
50 96 6
50 98 6
50 100 5
50 120 6
50 148 10
50 149 6
50 151 8
50 174 5
50 175 6
50 188 4
50 195 6
50 196 6
50 252 7
50 358 7
50 394 7
50 401 6
50 410 7
50 450 5
50 456 10
50 470 4
50 494 8
50 496 8
50 500 6
50 540 5
50 600 6
50 648 5
50 665 9
50 685 9
50 686 5
50 709 2
50 726 8
50 731 5
50 768 4
50 788 5
50 793 6
50 806 7
50 826 2
50 946 6
50 959 3
50 961 3
50 978 6
50 1003 7
50 1029 4
50 1041 1
50 1044 5
50 1053 6
50 1075 9
50 1080 5
50 1089 7
50 1093 7
50 1096 5
50 1163 5
50 1179 3
50 1185 6
50 1260 7
50 1285 4
50 1292 8
50 1300 6
50 1301 2
50 1307 4
50 1314 5
50 1385 4
50 1391 4
50 1398 3
50 1435 2
50 1437 6
50 1444 2
50 1515 10
50 1555 7
50 1579 4
50 1585 5
50 1609 4
50 1616 4
50 1660 5
50 1683 8
50 1716 7
50 1732 6
50 1751 3
50 1776 6
50 1785 8
51 59 5
51 77 4
51 80 8
51 103 3
51 134 0
51 146 6
51 157 1
51 165 7
51 176 3
51 203 5
51 274 5
51 320 7
51 340 4
51 370 7
51 420 2
51 454 6
51 489 7
51 529 4
51 582 6
51 650 4
51 693 6
51 735 3
51 740 5
51 744 7
51 756 2
51 808 4
51 814 8
51 980 2
51 1003 5
51 1074 1
51 1081 0
51 1154 0
51 1159 6
51 1162 3
51 1268 9
51 1270 4
51 1289 2
51 1351 4
51 1466 5
51 1467 9
51 1487 5
51 1497 6
51 1538 2
51 1567 2
51 1610 4
51 1625 9
51 1662 6
51 1758 7
51 1770 4
51 1793 1
52 51 7
52 67 7
52 181 4
52 195 8
52 222 4
52 228 2
52 245 5
52 251 5
52 291 5
52 298 3
52 381 4
52 403 6
52 461 5
52 470 3
52 476 8
52 521 7
52 525 4
52 544 3
52 624 3
52 628 5
52 641 8
52 657 2
52 669 7
52 672 3
52 674 6
52 715 8
52 765 7
52 775 5
52 791 4
52 889 5
52 896 6
52 910 6
52 911 9
52 971 4
52 1017 9
52 1026 5
52 1030 6
52 1050 6
52 1143 5
52 1182 6
52 1187 1
52 1250 7
52 1366 0
52 1419 1
52 1427 4
52 1488 1
52 1506 4
52 1510 3
52 1514 4
52 1546 5
52 1582 3
52 1594 7
52 1632 6
52 1762 5
52 1778 3
53 812 8
53 940 7
54 13 10
54 77 3
54 103 3
54 127 2
54 134 1
54 213 6
54 280 4
54 324 3
54 381 3
54 450 7
54 534 1
54 619 9
54 636 6
54 690 8
54 698 7
54 706 8
54 830 7
54 849 4
54 1029 4
54 1076 8
54 1181 6
54 1324 4
54 1327 4
54 1454 2
54 1510 3
54 1594 8
54 1637 6
54 1680 5
54 1721 7
54 1765 7
54 1786 4
54 1787 5
55 47 3
55 76 7
55 113 4
55 160 8
55 181 5
55 234 2
55 275 10
55 305 4
55 400 3
55 429 4
55 504 4
55 529 4
55 530 10
55 547 8
55 590 5
55 672 3
55 675 3
55 740 4
55 750 3
55 803 4
55 809 7
55 860 6
55 883 4
55 884 6
55 890 7
55 912 4
55 1022 5
55 1042 6
55 1092 7
55 1098 5
55 1114 2
55 1208 7
55 1209 6
55 1261 5
55 1302 5
55 1341 3
55 1373 5
55 1390 6
55 1423 5
55 1504 5
55 1517 3
55 1559 3
55 1621 7
55 1627 7
55 1648 5
55 1778 1
55 1785 7
55 1790 7
56 15 5
56 76 5
56 135 5
56 139 6
56 151 8
56 158 4
56 178 2
56 202 1
56 240 7
56 331 5
56 375 8
56 406 6
56 477 2
56 486 7
56 503 6
56 521 7
56 535 9
56 539 6
56 547 10
56 554 6
56 592 5
56 595 4
56 612 3
56 615 6
56 634 7
56 640 6
56 660 7
56 685 8
56 688 7
56 713 4
56 743 7
56 784 6
56 796 5
56 811 6
56 841 4
56 844 3
56 859 3
56 887 6
56 907 9
56 942 8
56 975 6
56 996 4
56 1014 6
56 1030 6
56 1034 4
56 1035 7
56 1063 2
56 1086 4
56 1092 8
56 1103 1
56 1138 0
56 1147 2
56 1157 8
56 1174 3
56 1187 1
56 1234 5
56 1281 6
56 1295 5
56 1387 0
56 1391 4
56 1413 5
56 1415 10
56 1430 6
56 1438 3
56 1462 9
56 1514 6
56 1559 4
56 1561 9
56 1628 3
56 1662 4
56 1689 4
56 1716 7
56 1728 5
56 1743 5
56 1749 6
56 1754 3
56 1766 6
56 1777 3
56 1779 4
56 1783 10
57 3 7
57 20 8
57 35 8
57 50 4
57 101 5
57 115 5
57 130 8
57 146 5
57 182 5
57 222 3
57 232 8
57 247 8
57 261 5
57 270 5
57 333 3
57 355 4
57 390 4
57 396 7
57 416 3
57 462 5
57 478 3
57 481 7
57 482 3
57 484 7
57 486 7
57 495 5
57 512 7
57 532 4
57 549 9
57 582 7
57 603 4
57 614 2
57 630 8
57 658 6
57 667 0
57 680 4
57 734 1
57 735 2
57 790 6
57 833 7
57 876 3
57 917 7
57 927 3
57 940 8
57 975 6
57 1008 3
57 1009 5
57 1063 2
57 1077 6
57 1084 2
57 1134 5
57 1141 8
57 1144 4
57 1162 3
57 1185 5
57 1203 8
57 1265 6
57 1268 8
57 1286 5
57 1309 8
57 1337 6
57 1346 7
57 1348 4
57 1375 3
57 1387 0
57 1413 4
57 1433 4
57 1531 5
57 1532 7
57 1535 8
57 1536 4
57 1597 6
57 1621 8
57 1636 5
57 1658 9
57 1661 2
57 1742 5
57 1747 4
57 1793 1
57 1797 3
58 66 7
58 174 7
58 199 6
58 391 6
58 401 6
58 558 6
58 601 3
58 856 6
58 1064 6
58 1369 5
58 1405 7
58 1561 7
58 1570 4
58 1575 4
58 1637 6
58 1778 1
59 79 7
59 116 6
59 276 5
59 292 4
59 299 0
59 841 6
59 1032 6
59 1192 2
59 1245 7
59 1310 4
59 1634 6
60 3 5
60 4 8
60 103 3
60 172 6
60 209 3
60 278 5
60 283 8
60 399 5
60 485 2
60 536 5
60 573 8
60 590 7
60 629 3
60 717 5
60 745 4
60 793 5
60 805 5
60 945 3
60 970 5
60 974 3
60 993 2
60 1040 2
60 1161 6
60 1188 3
60 1262 7
60 1288 0
60 1377 7
60 1463 5
60 1492 3
60 1797 2
61 76 6
61 92 5
61 100 4
61 130 7
61 163 7
61 201 5
61 222 3
61 226 5
61 245 4
61 255 1
61 273 6
61 276 5
61 288 5
61 302 8
61 311 6
61 335 4
61 376 7
61 396 6
61 432 5
61 442 4
61 454 5
61 478 2
61 559 6
61 631 5
61 642 3
61 647 3
61 654 10
61 660 9
61 667 1
61 670 5
61 671 6
61 729 5
61 782 8
61 786 5
61 805 5
61 852 8
61 878 6
61 881 1
61 897 6
61 906 3
61 914 7
61 952 9
61 1040 3
61 1050 5
61 1053 6
61 1074 3
61 1153 4
61 1165 3
61 1182 8
61 1200 4
61 1261 4
61 1287 8
61 1367 5
61 1375 3
61 1383 3
61 1384 6
61 1389 2
61 1401 6
61 1417 3
61 1444 3
61 1449 6
61 1455 10
61 1480 4
61 1509 0
61 1516 7
61 1521 4
61 1540 5
61 1557 4
61 1648 5
61 1686 2
61 1723 5
61 1777 5
61 1796 4
62 82 6
62 130 8
62 188 3
62 231 6
62 256 4
62 262 8
62 291 5
62 310 9
62 349 8
62 369 7
62 381 4
62 398 7
62 509 2
62 515 7
62 559 6
62 597 3
62 613 6
62 623 5
62 628 5
62 630 7
62 650 5
62 697 8
62 708 5
62 733 4
62 737 9
62 787 4
62 791 4
62 838 4
62 879 4
62 881 2
62 896 6
62 1082 1
62 1099 2
62 1125 5
62 1157 7
62 1187 3
62 1231 7
62 1277 4
62 1293 7
62 1353 7
62 1355 2
62 1359 7
62 1378 4
62 1387 0
62 1404 4
62 1438 4
62 1440 5
62 1460 8
62 1535 8
62 1561 7
62 1569 4
62 1572 6
62 1639 5
62 1656 4
62 1658 10
62 1672 5
62 1728 3
62 1730 7
62 1754 1
62 1765 6
62 1766 5
62 1768 6
63 48 7
63 51 6
63 55 2
63 82 5
63 101 4
63 128 7
63 150 8
63 159 7
63 166 7
63 169 5
63 225 5
63 253 4
63 260 6
63 287 5
63 314 10
63 387 1
63 436 1
63 491 9
63 499 3
63 510 7
63 535 8
63 544 2
63 549 9
63 559 7
63 603 4
63 612 3
63 795 7
63 798 1
63 835 5
63 860 6
63 921 7
63 922 6
63 1021 3
63 1035 6
63 1101 4
63 1120 3
63 1142 6
63 1183 6
63 1197 1
63 1218 7
63 1229 5
63 1232 6
63 1239 6
63 1280 8
63 1288 0
63 1289 1
63 1305 7
63 1321 5
63 1324 5
63 1378 5
63 1468 5
63 1485 6
63 1492 2
63 1511 6
63 1520 7
63 1531 5
63 1557 4
63 1563 6
63 1594 6
63 1675 5
63 1700 8
63 1718 6
64 26 5
64 72 4
64 97 6
64 130 7
64 185 7
64 211 4
64 264 6
64 322 3
64 374 7
64 419 4
64 452 7
64 501 3
64 516 8
64 548 6
64 580 4
64 693 7
64 749 4
64 782 7
64 807 5
64 812 6
64 816 6
64 872 9
64 907 9
64 944 3
64 956 4
64 1010 3
64 1069 6
64 1195 5
64 1204 6
64 1224 7
64 1233 7
64 1235 6
64 1239 5
64 1254 6
64 1267 5
64 1330 3
64 1336 4
64 1354 3
64 1401 5
64 1461 4
64 1475 5
64 1495 2
64 1591 4
64 1664 5
64 1670 7
64 1709 4
64 1715 8
64 1724 6
64 1735 6
64 1794 2
65 14 5
65 25 7
65 70 1
65 86 6
65 98 6
65 116 5
65 125 4
65 205 5
65 206 8
65 227 6
65 249 8
65 258 3
65 310 7
65 326 7
65 339 6
65 361 4
65 415 3
65 428 1
65 447 3
65 454 7
65 467 6
65 473 4
65 480 2
65 489 6
65 536 3
65 551 8
65 575 6
65 608 1
65 629 3
65 642 3
65 657 2
65 670 5
65 696 2
65 713 5
65 725 4
65 736 4
65 748 3
65 751 4
65 756 4
65 759 6
65 783 6
65 810 7
65 815 4
65 832 6
65 853 4
65 903 4
65 915 3
65 917 6
65 928 6
65 941 8
65 983 7
65 1100 5
65 1148 4
65 1188 1
65 1196 4
65 1252 5
65 1272 6
65 1276 5
65 1301 2
65 1314 5
65 1322 6
65 1339 1
65 1385 2
65 1393 4
65 1441 4
65 1449 4
65 1453 6
65 1454 1
65 1461 5
65 1464 6
65 1465 6
65 1474 6
65 1512 6
65 1522 2
65 1537 6
65 1564 5
65 1573 3
65 1579 3
65 1586 8
65 1612 7
65 1647 3
65 1649 7
65 1655 4
65 1668 6
65 1677 4
65 1715 7
65 1728 3
65 1767 9
65 1789 8
65 1798 4
66 60 6
66 187 2
66 207 4
66 217 4
66 264 4
66 305 3
66 315 4
66 347 3
66 365 7
66 526 2
66 563 6
66 564 4
66 597 4
66 622 5
66 717 6
66 756 4
66 781 3
66 801 7
66 807 4
66 815 4
66 821 6
66 828 7
66 880 5
66 941 7
66 1021 4
66 1025 7
66 1053 6
66 1073 6
66 1092 9
66 1118 2
66 1130 3
66 1242 4
66 1253 6
66 1275 5
66 1449 4
66 1458 5
66 1471 6
66 1487 4
66 1489 4
66 1547 3
66 1602 4
66 1604 7
66 1660 5
66 1752 4
66 1767 10
67 15 3
67 19 7
67 29 2
67 89 4
67 113 5
67 123 0
67 135 5
67 137 4
67 140 2
67 186 4
67 221 5
67 235 5
67 302 7
67 334 6
67 339 6
67 461 4
67 468 4
67 517 9
67 519 4
67 546 8
67 588 5
67 593 5
67 604 3
67 631 5
67 641 9
67 653 4
67 668 7
67 701 7
67 711 6
67 712 5
67 713 6
67 725 4
67 742 2
67 745 6
67 759 4
67 803 4
67 809 6
67 824 5
67 837 3
67 854 6
67 891 7
67 892 3
67 952 10
67 964 4
67 1013 5
67 1034 3
67 1066 6
67 1139 5
67 1181 6
67 1231 5
67 1237 7
67 1264 5
67 1266 7
67 1306 3
67 1310 6
67 1328 4
67 1340 3
67 1357 7
67 1372 2
67 1381 4
67 1386 2
67 1394 5
67 1410 4
67 1448 3
67 1473 5
67 1523 0
67 1595 6
67 1597 6
67 1601 3
67 1642 5
67 1645 4
67 1696 4
67 1702 5
67 1731 3
67 1734 6
67 1784 5
68 7 5
68 217 2
68 279 5
68 293 4
68 387 1
68 562 2
68 833 6
68 842 1
68 914 6
68 962 4
68 1003 7
68 1060 8
68 1098 5
68 1185 6
68 1393 2
68 1465 6
69 1 2
69 49 2
69 179 7
69 181 5
69 243 4
69 247 8
69 265 2
69 286 3
69 332 4
69 354 3
69 384 4
69 503 4
69 520 6
69 654 9
69 705 2
69 743 7
69 760 3
69 777 7
69 781 2
69 789 5
69 815 4
69 853 5
69 865 2
69 872 8
69 884 6
69 910 5
69 912 4
69 965 1
69 1037 4
69 1093 7
69 1117 4
69 1126 4
69 1212 6
69 1242 5
69 1253 7
69 1268 10
69 1291 7
69 1307 3
69 1320 3
69 1369 5
69 1379 8
69 1383 3
69 1426 6
69 1439 4
69 1452 3
69 1460 9
69 1501 5
69 1505 7
69 1532 7
69 1630 8
69 1651 2
69 1653 2
69 1672 4
69 1717 5
70 141 4
70 147 3
70 383 4
70 396 5
70 445 8
70 458 6
70 480 2
70 487 7
70 519 6
70 550 6
70 581 5
70 676 0
70 693 7
70 731 7
70 738 7
70 842 1
70 921 6
70 997 4
70 998 3
70 1015 8
70 1016 4
70 1023 2
70 1041 1
70 1074 3
70 1125 3
70 1155 4
70 1173 4
70 1178 5
70 1229 5
70 1405 7
70 1614 1
70 1639 6
70 1681 9
70 1741 3
71 83 8
71 104 3
71 243 5
71 253 4
71 510 6
71 649 5
71 673 7
71 694 7
71 700 7
71 716 1
71 926 2
71 934 5
71 1031 4
71 1088 6
71 1304 2
71 1437 8
71 1488 3
71 1542 4
71 1695 3
71 1702 6
71 1785 7
72 2 5
72 10 7
72 34 5
72 37 5
72 69 5
72 94 6
72 104 2
72 122 3
72 126 3
72 137 4
72 158 3
72 162 7
72 189 4
72 223 10
72 248 5
72 258 4
72 265 2
72 266 7
72 269 6
72 295 5
72 320 7
72 344 4
72 345 0
72 397 4
72 409 6
72 418 4
72 436 0
72 440 3
72 443 4
72 459 0
72 460 6
72 467 5
72 483 6
72 548 4
72 551 7
72 569 5
72 575 5
72 586 6
72 587 4
72 616 5
72 619 9
72 628 6
72 664 4
72 673 7
72 689 4
72 690 9
72 718 3
72 773 1
72 802 4
72 824 3
72 863 4
72 866 4
72 923 6
72 946 6
72 996 3
72 998 3
72 1000 7
72 1034 4
72 1052 6
72 1054 6
72 1109 6
72 1120 2
72 1123 2
72 1125 4
72 1281 7
72 1308 8
72 1325 9
72 1333 7
72 1345 7
72 1379 7
72 1428 0
72 1477 5
72 1486 6
72 1505 6
72 1526 4
72 1538 2
72 1546 6
72 1579 3
72 1591 2
72 1597 6
72 1711 8
72 1726 5
72 1747 6
72 1767 10
72 1775 3
72 1788 6
72 1789 6
72 1794 3
72 1797 4
72 1799 0
73 28 5
73 90 4
73 97 7
73 157 2
73 329 6
73 832 6
73 845 5
73 1012 1
73 1125 5
73 1395 3
73 1413 6
73 1433 5
73 1466 5
73 1529 3
73 1761 7
73 1772 5
74 26 5
74 80 7
74 91 5
74 141 4
74 269 6
74 287 7
74 332 5
74 424 7
74 471 6
74 540 5
74 620 6
74 655 5
74 695 5
74 730 3
74 738 5
74 745 5
74 748 5
74 790 5
74 851 5
74 940 6
74 958 1
74 963 5
74 998 4
74 1080 4
74 1247 6
74 1272 7
74 1279 6
74 1297 1
74 1393 2
74 1417 4
74 1421 7
74 1474 6
74 1503 5
74 1545 6
74 1587 7
74 1640 3
74 1663 6
74 1679 8
74 1792 6
75 31 2
75 182 5
75 197 9
75 242 7
75 246 5
75 276 3
75 280 4
75 341 8
75 384 2
75 392 6
75 452 9
75 456 9
75 466 5
75 501 3
75 572 6
75 575 4
75 582 8
75 615 7
75 627 3
75 642 3
75 725 3
75 950 4
75 952 9
75 970 6
75 974 3
75 1001 5
75 1013 4
75 1046 4
75 1160 7
75 1216 5
75 1224 6
75 1236 7
75 1257 3
75 1282 6
75 1300 4
75 1335 7
75 1343 6
75 1395 3
75 1440 4
75 1445 4
75 1490 6
75 1519 9
75 1612 8
75 1667 6
75 1680 4
75 1720 4
75 1768 4
76 0 4
76 3 6
76 11 9
76 17 6
76 76 7
76 111 5
76 113 5
76 115 5
76 121 5
76 138 6
76 148 9
76 157 2
76 207 3
76 209 3
76 220 3
76 225 7
76 226 6
76 233 3
76 237 2
76 238 4
76 258 2
76 310 8
76 318 1
76 324 3
76 406 7
76 442 2
76 498 3
76 515 5
76 521 5
76 553 4
76 587 4
76 598 10
76 624 4
76 661 7
76 688 7
76 729 5
76 759 6
76 764 6
76 772 4
76 780 5
76 840 5
76 868 2
76 899 7
76 910 5
76 929 4
76 930 6
76 931 4
76 939 8
76 949 7
76 1051 6
76 1053 7
76 1127 5
76 1129 10
76 1135 5
76 1150 5
76 1159 8
76 1167 5
76 1171 10
76 1178 5
76 1201 2
76 1221 4
76 1225 6
76 1252 3
76 1256 5
76 1264 5
76 1297 1
76 1333 6
76 1363 3
76 1367 5
76 1392 7
76 1402 7
76 1407 6
76 1442 5
76 1445 6
76 1462 10
76 1500 7
76 1546 5
76 1634 7
76 1698 2
76 1762 5
76 1765 7
76 1770 5
76 1792 6
76 1794 1
77 49 0
77 121 4
77 123 1
77 148 10
77 173 4
77 224 3
77 261 5
77 263 5
77 276 5
77 277 10
77 304 4
77 335 5
77 349 7
77 368 6
77 373 4
77 463 6
77 507 2
77 545 5
77 553 4
77 579 5
77 644 7
77 690 10
77 748 5
77 765 6
77 776 3
77 785 3
77 809 7
77 812 8
77 832 8
77 847 1
77 876 2
77 880 5
77 891 6
77 930 6
77 959 4
77 1045 5
77 1068 5
77 1119 8
77 1150 5
77 1203 8
77 1234 4
77 1256 3
77 1345 7
77 1364 6
77 1389 4
77 1390 6
77 1419 0
77 1444 4
77 1454 0
77 1477 5
77 1481 8
77 1486 4
77 1514 4
77 1534 4
77 1538 3
77 1539 6
77 1586 8
77 1600 3
77 1652 7
77 1662 6
77 1665 7
77 1674 5
77 1701 2
77 1747 6
77 1764 3
77 1769 6
77 1785 9
77 1797 2
77 1799 0
78 3 7
78 36 4
78 112 3
78 174 7
78 212 4
78 231 4
78 239 3
78 260 5
78 323 5
78 331 7
78 396 5
78 435 9
78 556 4
78 681 6
78 742 3
78 755 6
78 763 3
78 779 5
78 782 8
78 794 6
78 820 7
78 849 3
78 852 9
78 853 5
78 861 5
78 892 4
78 1010 3
78 1054 4
78 1148 3
78 1152 7
78 1324 5
78 1385 3
78 1417 3
78 1430 6
78 1441 6
78 1504 4
78 1557 4
78 1560 4
78 1605 8
78 1693 1
78 1780 10
78 1784 7
79 0 4
79 69 6
79 71 6
79 87 4
79 154 6
79 158 3
79 199 7
79 246 7
79 253 4
79 270 7
79 272 3
79 312 4
79 314 8
79 326 5
79 362 3
79 376 5
79 428 3
79 450 5
79 466 3
79 482 3
79 497 2
79 507 4
79 519 5
79 580 4
79 613 6
79 618 7
79 629 2
79 657 3
79 665 9
79 671 5
79 679 4
79 711 5
79 796 5
79 932 5
79 964 4
79 987 6
79 1060 7
79 1070 2
79 1132 3
79 1135 3
79 1136 5
79 1137 4
79 1172 7
79 1191 4
79 1204 8
79 1207 4
79 1288 1
79 1311 4
79 1313 2
79 1314 6
79 1322 5
79 1383 5
79 1421 5
79 1433 4
79 1460 8
79 1461 5
79 1481 8
79 1498 4
79 1518 7
79 1529 4
79 1537 7
79 1549 4
79 1568 5
79 1572 5
79 1595 5
79 1658 8
79 1667 6
79 1679 7
79 1688 7
79 1697 9
79 1708 6
79 1755 10
79 1798 4
80 11 10
80 34 4
80 47 1
80 54 8
80 57 7
80 59 4
80 134 2
80 136 4
80 187 4
80 201 4
80 209 4
80 262 6
80 323 6
80 370 7
80 399 7
80 446 4
80 468 2
80 482 3
80 495 5
80 528 4
80 561 4
80 571 3
80 752 2
80 764 6
80 805 3
80 918 4
80 948 5
80 977 5
80 1022 5
80 1049 4
80 1051 8
80 1067 10
80 1119 8
80 1139 4
80 1144 6
80 1194 7
80 1202 4
80 1230 5
80 1242 4
80 1245 6
80 1263 7
80 1275 5
80 1287 8
80 1381 3
80 1561 9
80 1603 3
80 1608 2
80 1619 5
80 1663 4
80 1677 3
80 1711 7
80 1766 5
80 1773 5
81 34 5
81 50 3
81 59 6
81 93 7
81 128 9
81 134 2
81 213 4
81 244 1
81 249 8
81 260 5
81 320 9
81 353 3
81 372 4
81 415 3
81 444 7
81 459 0
81 477 2
81 487 7
81 528 5
81 531 5
81 583 6
81 609 2
81 612 3
81 670 7
81 686 6
81 757 7
81 758 4
81 771 3
81 829 5
81 865 3
81 875 5
81 894 6
81 927 4
81 931 2
81 1001 7
81 1009 6
81 1015 8
81 1018 5
81 1072 6
81 1142 7
81 1180 2
81 1189 6
81 1201 2
81 1211 5
81 1216 6
81 1227 6
81 1251 2
81 1256 3
81 1338 5
81 1489 4
81 1499 6
81 1553 4
81 1572 6
81 1574 3
81 1599 7
81 1630 10
81 1684 2
81 1693 1
81 1723 6
81 1746 3
81 1797 2
82 8 4
82 62 4
82 96 6
82 103 3
82 114 2
82 125 5
82 142 2
82 166 8
82 218 4
82 229 0
82 236 8
82 274 5
82 299 1
82 308 4
82 332 5
82 387 1
82 393 5
82 448 9
82 461 3
82 493 6
82 521 6
82 595 4
82 615 5
82 640 8
82 644 5
82 753 6
82 766 7
82 821 4
82 897 7
82 912 2
82 936 5
82 970 5
82 988 2
82 1004 3
82 1009 6
82 1053 8
82 1096 6
82 1101 6
82 1122 5
82 1154 0
82 1208 6
82 1231 6
82 1251 0
82 1267 7
82 1279 6
82 1353 7
82 1388 6
82 1412 6
82 1465 8
82 1488 3
82 1491 3
82 1513 5
82 1527 1
82 1534 4
82 1557 5
82 1563 8
82 1618 5
82 1621 8
82 1622 6
82 1638 9
82 1640 1
82 1685 5
82 1690 3
82 1691 8
82 1716 6
82 1731 5
82 1748 2
82 1790 8
83 11 9
83 48 6
83 115 6
83 133 7
83 159 6
83 171 4
83 172 6
83 204 7
83 269 5
83 295 4
83 302 8
83 306 8
83 311 5
83 356 5
83 382 2
83 399 7
83 421 9
83 439 5
83 449 5
83 486 8
83 492 4
83 506 3
83 597 4
83 611 6
83 633 4
83 644 6
83 655 6
83 657 2
83 696 2
83 724 7
83 734 1
83 736 3
83 751 5
83 778 5
83 806 7
83 908 5
83 961 1
83 964 3
83 1026 5
83 1032 4
83 1099 2
83 1117 5
83 1128 5
83 1129 10
83 1142 7
83 1161 7
83 1166 4
83 1210 7
83 1212 6
83 1225 7
83 1234 4
83 1252 4
83 1274 8
83 1278 8
83 1297 1
83 1318 1
83 1353 8
83 1365 2
83 1420 6
83 1425 3
83 1489 5
83 1498 3
83 1547 4
83 1550 6
83 1603 5
83 1652 8
83 1654 7
83 1676 2
83 1678 5
83 1687 3
83 1714 3
83 1715 9
83 1727 3
83 1735 7
83 1738 4
83 1743 5
83 1747 4
83 1760 3
83 1766 6
83 1773 5
83 1783 10
83 1784 6
84 31 4
84 33 8
84 64 4
84 176 4
84 203 7
84 236 8
84 245 6
84 261 5
84 275 10
84 291 6
84 339 7
84 342 5
84 349 7
84 351 5
84 372 5
84 398 8
84 399 7
84 411 10
84 420 0
84 421 8
84 474 4
84 500 8
84 513 0
84 525 3
84 539 5
84 608 2
84 611 8
84 627 3
84 630 8
84 640 7
84 667 0
84 747 5
84 767 4
84 884 6
84 902 7
84 922 5
84 926 2
84 977 3
84 993 2
84 997 6
84 1011 6
84 1017 9
84 1019 5
84 1021 3
84 1036 6
84 1048 4
84 1084 3
84 1094 6
84 1107 6
84 1127 3
84 1140 5
84 1176 5
84 1223 6
84 1225 6
84 1261 4
84 1295 6
84 1327 2
84 1364 6
84 1384 6
84 1422 8
84 1426 5
84 1440 5
84 1463 5
84 1499 6
84 1507 0
84 1543 4
84 1544 5
84 1553 4
84 1601 4
84 1620 10
84 1640 3
84 1647 1
84 1655 4
84 1659 2
84 1663 6
84 1693 0
84 1716 6
84 1719 3
84 1725 6
84 1778 1
84 1788 5
85 98 5
85 303 5
85 924 5
85 1443 4
85 1509 1
85 1562 2
86 143 3
86 181 6
86 192 9
86 227 5
86 237 4
86 386 8
86 408 9
86 487 5
86 518 4
86 561 3
86 605 2
86 628 4
86 636 6
86 664 5
86 675 2
86 912 2
86 956 5
86 963 6
86 989 6
86 996 2
86 1030 7
86 1121 5
86 1126 3
86 1135 5
86 1154 1
86 1241 2
86 1255 5
86 1258 5
86 1269 5
86 1317 5
86 1415 8
86 1416 2
86 1445 4
86 1447 5
86 1483 5
86 1517 5
86 1528 5
86 1530 6
86 1564 6
86 1577 3
86 1603 3
86 1621 6
86 1671 6
86 1712 3
86 1784 7
87 16 6
87 87 3
87 116 4
87 117 8
87 139 6
87 143 2
87 148 10
87 215 4
87 244 3
87 246 5
87 289 7
87 412 6
87 571 3
87 686 4
87 701 7
87 715 6
87 833 5
87 847 1
87 915 5
87 950 4
87 953 3
87 977 5
87 986 7
87 1022 4
87 1050 5
87 1086 6
87 1236 6
87 1259 5
87 1261 4
87 1305 7
87 1308 8
87 1384 5
87 1447 6
87 1509 0
87 1546 6
87 1591 2
87 1697 9
87 1737 6
87 1778 1
88 240 6
88 242 6
88 255 1
88 272 2
88 441 2
88 515 5
88 591 4
88 689 4
88 704 7
88 707 4
88 715 7
88 906 4
88 914 8
88 951 6
88 986 6
88 1115 7
88 1286 7
88 1392 7
88 1556 2
88 1567 0
88 1792 6
89 11 10
89 67 6
89 83 6
89 168 2
89 180 1
89 222 5
89 255 2
89 372 6
89 405 5
89 413 6
89 518 4
89 659 5
89 661 5
89 666 7
89 701 7
89 713 4
89 717 4
89 761 5
89 806 8
89 828 6
89 842 1
89 845 5
89 936 7
89 981 6
89 1100 5
89 1169 5
89 1209 4
89 1226 9
89 1229 4
89 1240 4
89 1284 2
89 1315 6
89 1318 2
89 1326 8
89 1487 6
89 1507 2
89 1513 7
89 1549 3
89 1561 8
89 1581 6
89 1585 6
89 1593 2
89 1672 4
89 1737 5
89 1746 3
89 1751 4
89 1754 3
89 1789 6
89 1796 4
89 1798 2
90 6 5
90 170 2
90 319 7
90 435 9
90 658 6
90 738 6
90 996 2
90 1059 6
90 1098 6
90 1140 7
90 1252 3
90 1284 4
90 1298 8
90 1343 5
90 1393 3
90 1413 6
91 11 10
91 41 2
91 50 3
91 95 6
91 200 8
91 205 7
91 246 6
91 269 5
91 281 5
91 304 3
91 386 6
91 397 3
91 403 6
91 451 5
91 452 7
91 502 6
91 559 7
91 586 5
91 594 7
91 646 4
91 654 8
91 857 4
91 885 3
91 889 5
91 891 6
91 910 6
91 922 7
91 1016 5
91 1105 4
91 1116 6
91 1331 4
91 1478 6
91 1518 9
91 1551 5
91 1635 8
91 1704 4
91 1759 5
92 9 7
92 38 4
92 178 1
92 313 7
92 377 2
92 428 3
92 472 8
92 675 3
92 796 3
92 1018 4
92 1118 1
92 1263 7
93 59 5
93 99 4
93 134 1
93 141 5
93 204 7
93 231 4
93 323 7
93 507 2
93 557 3
93 656 5
93 700 9
93 796 4
93 829 4
93 855 3
93 980 2
93 1015 6
93 1048 5
93 1092 8
93 1153 3
93 1168 2
93 1232 7
93 1304 1
93 1375 4
93 1411 8
93 1568 4
93 1610 5
93 1740 9
93 1760 4
93 1791 7
94 91 5
94 193 5
94 1769 5
95 62 6
95 70 1
95 83 8
95 146 4
95 210 4
95 317 4
95 389 3
95 409 8
95 473 4
95 522 5
95 552 3
95 583 7
95 682 7
95 698 6
95 728 2
95 740 3
95 808 4
95 828 8
95 835 4
95 903 4
95 986 6
95 999 3
95 1166 6
95 1282 4
95 1362 7
95 1371 3
95 1484 7
95 1574 3
95 1694 8
95 1706 5
95 1723 5
96 4 9
96 41 4
96 42 3
96 79 6
96 94 4
96 153 5
96 159 6
96 204 7
96 228 3
96 250 6
96 278 5
96 282 3
96 310 9
96 316 6
96 327 4
96 335 6
96 344 3
96 350 5
96 368 5
96 385 5
96 422 4
96 425 8
96 437 4
96 450 5
96 455 4
96 477 0
96 481 6
96 503 4
96 526 1
96 560 4
96 570 5
96 573 8
96 590 5
96 622 6
96 632 6
96 660 8
96 708 4
96 735 2
96 767 5
96 770 5
96 781 2
96 786 5
96 793 6
96 830 9
96 846 7
96 884 5
96 912 4
96 922 5
96 935 6
96 968 6
96 984 5
96 990 1
96 993 1
96 1024 3
96 1028 5
96 1083 2
96 1163 5
96 1193 5
96 1219 4
96 1228 2
96 1233 8
96 1281 6
96 1327 3
96 1329 7
96 1379 8
96 1418 3
96 1431 4
96 1432 2
96 1443 3
96 1453 6
96 1466 3
96 1481 7
96 1493 10
96 1510 5
96 1541 8
96 1544 3
96 1552 6
96 1576 5
96 1721 8
96 1724 4
96 1729 8
96 1769 5
97 6 4
97 54 8
97 76 5
97 194 6
97 210 6
97 260 7
97 309 6
97 328 6
97 363 5
97 397 3
97 506 3
97 563 5
97 638 7
97 641 8
97 665 8
97 696 4
97 725 3
97 787 3
97 826 2
97 869 5
97 909 4
97 934 5
97 947 7
97 1027 9
97 1050 5
97 1161 7
97 1214 2
97 1251 2
97 1305 7
97 1444 2
97 1651 1
97 1656 5
97 1736 7
97 1777 4
98 115 4
98 370 6
98 417 2
98 662 4
98 698 7
98 714 9
98 899 7
98 1034 5
98 1462 9
98 1710 2
98 1731 3
98 1785 9
99 47 1
99 61 4
99 63 6
99 66 7
99 120 5
99 124 3
99 132 4
99 234 1
99 254 6
99 271 3
99 277 10
99 281 4
99 383 4
99 387 2
99 492 4
99 566 5
99 577 8
99 578 3
99 618 7
99 661 7
99 664 5
99 690 9
99 725 5
99 856 5
99 867 3
99 881 0
99 924 5
99 980 3
99 1032 4
99 1069 5
99 1098 5
99 1253 5
99 1348 5
99 1417 3
99 1464 6
99 1467 7
99 1468 4
99 1558 5
99 1633 3
99 1651 1
99 1662 5
99 1696 2
99 1708 7
