Seed: 132138695
Researcher: 140
Papers: 840
Edges: 3048
RDensity: None
minScore: 0
maxScore: 10
maxResearcherForPaper: None
maxPaperForResearcher: None
ToAssign: 350
0 23 6
0 25 5
0 29 9
0 54 1
0 103 4
0 130 6
0 148 8
0 154 4
0 225 3
0 233 2
0 296 4
0 313 6
0 316 5
0 319 10
0 329 1
0 369 1
0 398 2
0 420 5
0 471 5
0 519 7
0 525 3
0 542 4
0 572 8
0 642 6
0 657 8
0 671 8
0 674 2
0 701 2
0 720 5
0 744 4
0 774 6
0 783 4
0 790 6
0 792 7
0 799 4
1 48 8
1 52 6
1 77 4
1 84 2
1 114 4
1 219 5
1 220 5
1 249 7
1 263 7
1 285 3
1 342 3
1 367 3
1 381 8
1 386 5
1 392 2
1 416 5
1 504 5
1 522 5
1 533 4
1 535 8
1 581 2
1 641 6
1 647 8
1 649 4
1 664 4
1 688 5
1 700 8
1 704 7
1 719 3
1 731 5
1 733 8
1 739 4
1 758 3
1 803 8
1 810 5
1 816 8
2 198 5
2 214 7
2 239 9
2 425 4
2 496 5
2 546 2
2 579 4
2 590 6
2 636 5
2 662 6
2 693 3
2 705 7
2 732 6
2 827 7
3 20 9
3 80 8
3 387 5
3 511 5
3 818 3
4 43 5
4 52 7
4 82 8
4 103 4
4 189 7
4 256 8
4 270 4
4 323 5
4 330 3
4 366 7
4 388 7
4 391 4
4 399 3
4 468 6
4 472 1
4 537 7
4 555 7
4 650 7
4 653 4
4 687 3
4 695 6
4 707 2
4 709 0
4 729 10
4 754 6
4 783 3
4 790 8
4 807 9
5 384 3
5 430 7
6 28 2
6 40 6
6 123 8
6 161 3
6 167 7
6 233 1
6 236 4
6 298 5
6 320 6
6 349 6
6 372 6
6 467 6
6 480 6
6 551 3
6 580 2
6 628 1
6 674 1
6 724 5
6 812 5
7 2 4
7 7 7
7 55 8
7 58 6
7 60 6
7 65 4
7 95 6
7 146 3
7 151 7
7 159 5
7 183 6
7 201 7
7 203 9
7 269 8
7 274 3
7 303 3
7 346 4
7 385 6
7 451 3
7 490 0
7 493 5
7 515 6
7 537 5
7 546 2
7 547 4
7 579 3
7 593 4
7 594 5
7 604 2
7 673 4
7 701 2
7 703 4
7 705 7
7 749 3
7 751 2
7 760 7
7 764 7
7 781 3
7 806 5
7 822 8
7 828 7
8 13 5
8 19 3
8 95 8
8 147 8
8 184 4
8 217 3
8 222 3
8 386 5
8 468 7
8 562 8
8 616 0
8 654 2
9 0 7
9 11 3
9 37 4
9 43 6
9 58 5
9 63 5
9 64 4
9 101 3
9 133 6
9 149 3
9 189 5
9 199 3
9 257 1
9 261 5
9 339 4
9 397 4
9 401 3
9 415 8
9 505 4
9 527 4
9 539 7
9 546 0
9 560 4
9 589 7
9 616 1
9 639 5
9 640 6
9 675 8
9 694 4
9 762 4
9 767 9
9 789 4
9 794 5
9 832 8
10 30 5
10 55 7
10 99 10
10 243 3
10 248 3
10 261 6
10 303 3
10 362 7
10 378 4
10 452 7
10 470 6
10 503 5
10 577 0
10 597 5
10 610 4
10 634 5
10 671 8
10 735 5
10 811 6
11 280 5
11 422 4
12 78 6
12 171 4
12 202 8
12 214 8
12 225 4
12 780 5
13 5 2
13 39 4
13 88 3
13 100 4
13 112 5
13 119 5
13 182 4
13 234 7
13 280 5
13 291 4
13 293 3
13 327 4
13 329 1
13 348 4
13 375 2
13 477 7
13 507 5
13 518 4
13 554 7
13 600 5
13 607 4
13 623 5
13 625 4
13 680 2
13 702 5
13 750 3
13 772 5
13 798 4
13 816 8
14 30 4
14 49 3
14 74 4
14 75 3
14 111 7
14 212 8
14 245 5
14 257 0
14 297 1
14 301 3
14 303 3
14 364 9
14 383 7
14 390 6
14 397 6
14 429 6
14 433 6
14 447 6
14 448 1
14 463 4
14 511 7
14 512 4
14 538 6
14 572 6
14 595 5
14 633 8
14 674 1
14 675 6
14 678 6
14 682 6
14 719 2
14 744 4
14 750 4
14 756 8
14 829 7
15 56 4
15 77 2
15 120 5
15 129 7
15 170 5
15 314 5
15 321 7
15 339 5
15 544 4
15 580 4
15 609 4
15 653 6
15 703 4
15 743 6
15 762 5
15 764 9
15 775 5
16 139 7
16 595 6
16 705 5
17 15 3
17 91 6
17 165 7
17 239 8
17 307 6
17 572 8
17 598 6
17 668 6
17 689 6
17 690 3
17 747 3
18 53 3
18 248 4
18 449 7
19 152 3
19 498 5
19 816 8
20 19 3
20 37 2
20 45 5
20 60 7
20 90 10
20 102 2
20 117 7
20 124 6
20 146 4
20 171 5
20 194 2
20 202 7
20 298 4
20 302 8
20 344 8
20 415 9
20 452 6
20 460 4
20 496 5
20 501 2
20 508 1
20 514 5
20 532 6
20 575 4
20 629 5
20 641 6
20 661 4
20 672 6
20 707 3
20 767 9
20 812 5
21 7 7
21 127 5
21 273 0
21 308 6
21 461 7
21 530 8
21 531 0
21 586 4
21 615 5
21 647 8
21 686 4
21 723 2
22 97 8
22 103 3
22 131 6
22 139 7
22 150 5
22 151 8
22 154 5
22 203 7
22 240 2
22 285 4
22 298 5
22 310 3
22 370 8
22 464 2
22 477 9
22 521 6
22 529 3
22 548 2
22 588 6
22 604 3
22 613 2
22 654 3
22 747 3
22 760 8
22 780 3
23 3 3
23 36 5
23 77 4
23 83 7
23 85 7
23 165 6
23 176 0
23 228 6
23 231 5
23 247 4
23 270 5
23 326 8
23 328 5
23 348 6
23 397 6
23 422 2
23 440 5
23 448 1
23 461 7
23 484 4
23 496 5
23 508 0
23 511 7
23 541 10
23 544 6
23 564 6
23 588 6
23 596 4
23 631 3
23 649 3
23 721 3
23 733 9
23 825 7
24 139 9
24 154 6
24 192 6
24 201 6
24 205 5
24 290 8
24 301 2
24 305 0
24 378 6
24 393 2
24 402 2
24 447 6
24 466 8
24 483 0
24 495 4
24 505 3
24 525 2
24 536 7
24 628 0
24 634 3
24 645 3
24 668 4
24 694 3
24 705 5
24 766 7
24 778 8
24 780 5
24 813 10
24 816 9
25 289 2
25 433 6
26 56 3
26 106 2
26 130 7
26 334 10
26 473 6
26 497 5
26 568 6
26 584 3
26 622 6
26 645 4
26 684 9
26 703 5
26 760 7
26 792 9
26 829 7
26 835 5
27 104 9
27 376 5
27 548 3
27 739 4
27 780 5
28 24 0
28 63 3
28 76 5
28 79 7
28 85 6
28 105 4
28 115 6
28 128 6
28 162 7
28 226 5
28 233 3
28 267 6
28 302 8
28 312 5
28 314 4
28 346 2
28 350 7
28 360 2
28 373 2
28 388 7
28 458 1
28 507 6
28 528 3
28 542 4
28 601 4
28 602 3
28 609 3
28 612 6
28 641 6
28 661 4
28 685 8
28 701 1
28 746 2
28 769 4
28 775 5
28 790 6
28 810 4
28 820 5
28 831 3
29 25 7
29 104 8
29 105 3
29 169 6
29 243 2
29 316 3
29 318 3
29 320 6
29 340 5
29 400 7
29 413 7
29 585 5
29 589 8
29 641 7
29 680 3
29 683 6
29 709 0
29 735 6
30 23 7
30 54 3
30 81 5
30 143 5
30 211 6
30 237 4
30 248 5
30 258 6
30 269 8
30 289 4
30 321 6
30 331 2
30 347 1
30 410 3
30 423 6
30 431 4
30 530 7
30 545 7
30 550 6
30 611 5
30 635 3
30 641 5
30 646 3
30 709 0
30 760 6
31 4 5
31 56 3
31 75 4
31 76 7
31 176 1
31 204 7
31 242 9
31 254 2
31 263 7
31 268 2
31 295 3
31 336 4
31 350 7
31 358 8
31 364 10
31 380 5
31 390 6
31 394 5
31 403 0
31 412 4
31 420 3
31 455 7
31 496 6
31 523 9
31 532 6
31 533 4
31 566 7
31 580 3
31 589 6
31 604 3
31 646 4
31 667 8
31 690 2
31 693 3
31 700 8
31 709 1
31 727 3
31 753 4
31 774 7
31 829 7
32 4 6
32 123 6
32 126 4
32 159 3
32 189 7
32 236 2
32 249 7
32 312 5
32 335 7
32 399 3
32 412 2
32 462 5
32 482 4
32 490 1
32 492 3
32 513 2
32 527 2
32 657 7
32 672 7
32 683 6
32 691 3
32 746 3
32 813 9
33 27 3
33 360 2
33 633 7
34 2 2
34 23 5
34 54 2
34 55 9
34 76 7
34 89 5
34 101 4
34 128 7
34 161 4
34 166 4
34 207 4
34 210 7
34 225 4
34 235 6
34 239 9
34 254 2
34 317 6
34 337 2
34 351 5
34 353 3
34 392 3
34 442 5
34 490 2
34 492 5
34 548 4
34 561 5
34 591 2
34 613 3
34 617 3
34 635 5
34 639 3
34 685 9
34 688 5
34 691 2
34 729 10
34 743 6
34 771 5
34 824 5
34 834 3
35 33 6
35 57 3
35 164 6
35 187 4
35 192 7
35 204 9
35 215 2
35 228 4
35 283 7
35 312 3
35 465 6
35 540 4
35 611 5
35 696 5
35 752 7
36 9 7
36 41 4
36 75 5
36 89 6
36 121 6
36 122 3
36 137 1
36 208 4
36 229 7
36 256 7
36 324 7
36 330 3
36 402 2
36 454 9
36 463 4
36 488 5
36 501 3
36 552 0
36 588 6
36 615 4
36 618 5
36 656 4
36 722 3
36 740 5
36 744 6
36 746 2
36 747 4
36 830 2
37 14 8
37 91 6
37 106 4
37 139 9
37 170 7
37 257 0
37 275 6
37 281 5
37 321 6
37 324 5
37 328 5
37 351 5
37 401 2
37 484 4
37 524 7
37 527 4
37 543 4
37 591 4
37 605 1
37 687 4
37 699 4
37 721 4
37 753 6
37 785 7
37 796 6
37 821 6
37 827 6
38 13 5
38 38 4
38 73 2
38 75 3
38 86 7
38 96 3
38 98 7
38 116 6
38 131 5
38 156 5
38 186 4
38 209 5
38 226 5
38 245 6
38 319 10
38 442 6
38 503 7
38 522 5
38 546 2
38 557 2
38 583 8
38 598 7
38 610 6
38 666 4
38 669 7
38 676 4
38 682 5
38 715 9
38 723 2
38 725 6
38 737 8
38 765 7
38 766 6
38 835 5
39 42 7
39 131 5
39 141 5
39 222 3
39 312 5
39 457 6
39 460 6
39 482 5
39 567 5
39 620 3
39 625 2
39 752 8
40 87 6
40 99 9
40 154 5
40 206 5
40 208 3
40 218 6
40 245 6
40 248 4
40 254 3
40 400 5
40 409 3
40 469 7
40 475 8
40 492 5
40 495 5
40 517 6
40 545 7
40 556 8
40 558 7
40 575 5
40 611 5
40 613 2
40 626 2
40 629 6
40 647 9
40 648 7
40 668 6
40 672 7
40 707 4
40 740 4
40 794 6
40 825 6
41 32 3
41 191 6
41 227 5
41 243 3
41 244 5
41 296 5
41 319 9
41 383 7
41 390 7
41 440 5
41 499 8
41 508 0
41 514 5
41 619 5
41 646 4
41 657 8
42 360 4
42 414 3
42 451 3
42 755 4
42 797 8
43 18 3
43 69 7
43 94 5
43 97 9
43 259 5
43 394 5
43 407 4
43 500 4
43 503 5
43 549 6
43 653 5
43 670 8
44 4 4
44 58 5
44 136 7
44 159 4
44 162 7
44 172 2
44 212 7
44 216 1
44 323 4
44 368 6
44 415 9
44 468 6
44 510 6
44 617 3
44 633 8
44 744 5
44 753 6
44 771 5
44 774 7
44 786 4
45 10 4
45 147 9
45 418 6
45 467 6
45 658 0
45 738 4
46 5 2
46 15 3
46 21 2
46 61 7
46 169 8
46 240 3
46 243 1
46 271 3
46 298 6
46 304 3
46 396 2
46 436 7
46 449 7
46 456 7
46 529 2
46 566 5
46 604 2
46 609 4
46 610 6
46 630 5
46 644 7
46 646 3
46 649 3
46 655 5
46 657 8
46 662 5
46 681 2
46 690 2
46 735 5
46 742 5
46 768 8
46 794 4
46 814 9
47 1 3
47 8 3
47 32 3
47 72 8
47 115 6
47 122 3
47 161 5
47 162 6
47 183 7
47 201 8
47 220 4
47 225 2
47 253 7
47 254 2
47 269 8
47 300 4
47 321 7
47 325 4
47 333 4
47 338 8
47 369 2
47 403 1
47 480 6
47 531 0
47 541 9
47 543 4
47 560 6
47 562 7
47 599 3
47 600 5
47 614 5
47 625 2
47 662 4
47 702 5
47 704 7
47 708 7
47 742 4
47 778 7
47 779 2
47 805 8
47 837 9
48 4 6
48 132 3
48 428 8
48 429 7
48 483 1
48 547 6
48 579 3
48 617 2
48 662 4
48 719 1
49 9 6
49 44 9
49 52 7
49 105 5
49 130 8
49 154 6
49 168 3
49 175 6
49 193 5
49 216 1
49 245 4
49 251 6
49 324 7
49 340 6
49 377 9
49 412 4
49 419 4
49 443 4
49 445 4
49 466 9
49 491 4
49 498 5
49 551 2
49 577 1
49 666 3
49 705 6
49 718 4
49 735 5
49 758 2
49 783 4
49 802 7
49 815 2
49 820 5
50 19 5
50 41 5
50 134 7
50 224 5
50 240 1
50 244 3
50 268 4
50 292 5
50 342 3
50 396 2
50 474 2
50 512 4
50 604 3
50 609 3
50 625 3
50 757 5
51 43 4
51 56 4
51 80 7
51 114 4
51 123 6
51 131 4
51 150 6
51 158 6
51 179 4
51 224 6
51 230 5
51 240 2
51 246 4
51 314 5
51 376 6
51 389 5
51 390 5
51 409 3
51 453 6
51 472 3
51 492 5
51 494 4
51 500 4
51 555 7
51 609 4
51 631 1
51 669 7
51 677 7
51 700 8
51 711 8
51 738 3
51 760 6
51 788 5
51 796 5
51 800 8
51 831 3
52 342 4
52 633 8
53 3 1
53 22 3
53 28 4
53 65 2
53 138 0
53 139 8
53 148 7
53 156 5
53 200 4
53 206 4
53 214 6
53 274 5
53 275 5
53 302 10
53 307 4
53 400 6
53 407 3
53 408 3
53 411 5
53 432 4
53 437 6
53 452 5
53 455 5
53 525 2
53 529 2
53 543 2
53 566 6
53 577 1
53 616 1
53 635 3
53 640 8
53 666 3
53 667 6
53 685 9
53 775 6
53 777 1
53 809 1
54 38 3
54 65 2
54 79 8
54 84 2
54 101 3
54 168 5
54 175 6
54 186 4
54 188 2
54 220 5
54 247 3
54 250 6
54 312 4
54 326 6
54 343 6
54 346 2
54 367 5
54 375 4
54 396 0
54 408 4
54 428 7
54 505 3
54 509 6
54 519 7
54 559 6
54 605 2
54 629 5
54 677 5
54 745 7
55 138 0
55 167 5
55 255 4
55 270 3
55 272 6
55 358 7
55 394 6
55 444 3
55 484 5
55 500 4
55 624 7
55 631 2
55 692 4
55 701 2
55 708 7
55 740 5
55 757 6
55 820 7
56 93 10
56 142 4
56 216 2
56 221 8
56 294 3
56 332 5
56 350 9
56 380 7
56 478 8
56 512 4
56 595 7
56 625 3
56 628 1
56 631 3
56 685 10
56 774 8
56 808 8
57 68 4
57 72 7
57 100 4
57 114 4
57 216 1
57 321 6
57 366 8
57 496 6
57 498 6
57 503 7
57 544 5
57 578 2
57 638 1
57 704 6
57 757 6
58 5 3
58 52 7
58 66 5
58 78 7
58 79 7
58 109 1
58 120 6
58 121 5
58 122 3
58 148 8
58 153 7
58 184 3
58 226 6
58 242 8
58 295 3
58 304 5
58 305 2
58 331 4
58 343 6
58 368 5
58 375 3
58 396 1
58 401 3
58 415 8
58 460 5
58 511 5
58 520 5
58 567 6
58 593 4
58 610 6
58 635 5
58 658 1
58 664 3
58 668 6
58 671 8
58 710 4
58 714 4
58 729 10
58 798 4
58 820 7
58 823 8
59 96 5
59 158 5
59 184 5
59 323 5
59 378 5
59 444 5
59 460 5
59 480 4
59 485 2
59 532 7
59 617 2
59 702 6
59 761 7
60 6 3
60 7 8
60 9 6
60 35 6
60 100 5
60 103 3
60 129 6
60 132 5
60 174 7
60 197 6
60 198 7
60 215 4
60 306 0
60 309 6
60 329 1
60 348 5
60 402 3
60 424 9
60 445 4
60 487 7
60 531 1
60 568 6
60 572 8
60 574 6
60 595 5
60 669 7
60 675 6
60 679 5
60 691 4
60 698 2
60 713 6
60 729 8
60 738 4
60 777 3
60 780 5
60 820 6
60 828 5
61 60 5
61 172 2
61 209 6
61 263 7
61 292 4
61 295 3
61 300 3
61 306 2
61 348 6
61 446 8
61 507 6
61 590 7
61 706 3
61 711 8
61 803 6
62 19 4
62 32 5
62 52 5
62 87 5
62 102 2
62 122 3
62 168 5
62 208 2
62 215 3
62 237 5
62 259 6
62 262 9
62 434 1
62 475 8
62 509 5
62 555 6
62 573 2
62 648 6
62 677 5
62 729 8
62 769 5
63 3 2
63 55 9
63 62 2
63 90 10
63 102 1
63 119 4
63 176 0
63 177 3
63 187 5
63 203 7
63 284 4
63 310 3
63 365 5
63 392 3
63 396 2
63 407 5
63 429 7
63 475 8
63 494 3
63 505 3
63 515 7
63 527 4
63 542 4
63 555 6
63 578 3
63 589 7
63 593 5
63 666 4
63 688 3
63 709 1
63 712 2
63 714 4
63 730 2
63 766 8
63 771 7
63 836 3
64 54 3
64 70 6
64 124 8
64 130 7
64 176 1
64 186 2
64 251 6
64 361 3
64 433 5
64 503 7
64 533 6
64 568 5
64 570 7
64 614 5
64 621 2
64 687 2
64 720 7
65 50 6
65 72 8
65 141 7
65 179 3
65 191 5
65 360 3
65 410 5
65 448 1
65 461 7
65 530 7
65 554 7
65 687 4
65 726 5
65 798 4
66 31 7
66 46 5
66 101 4
66 118 3
66 136 7
66 137 2
66 206 6
66 210 8
66 229 6
66 343 7
66 472 1
66 494 3
66 509 6
66 518 4
66 533 5
66 569 3
66 590 8
66 593 6
66 611 4
66 665 1
66 714 3
66 763 4
66 777 3
66 798 6
67 22 3
67 56 5
67 59 8
67 105 4
67 118 5
67 121 5
67 123 8
67 159 4
67 223 3
67 229 5
67 241 7
67 259 4
67 286 6
67 378 4
67 381 9
67 413 5
67 424 7
67 438 6
67 454 8
67 474 3
67 490 0
67 498 6
67 516 4
67 520 5
67 540 4
67 584 4
67 588 6
67 590 7
67 596 5
67 602 2
67 610 6
67 617 1
67 661 4
67 663 6
67 730 4
67 742 4
67 750 4
67 760 8
67 768 7
67 817 6
67 824 6
68 16 6
68 17 8
68 181 8
69 58 6
69 59 7
69 80 6
69 93 10
69 98 5
69 128 7
69 158 4
69 164 7
69 187 3
69 216 0
69 224 6
69 225 3
69 251 6
69 270 4
69 295 4
69 315 4
69 325 4
69 345 7
69 349 7
69 351 5
69 356 6
69 400 7
69 476 7
69 521 6
69 528 4
69 534 6
69 581 2
69 584 4
69 589 6
69 592 5
69 593 5
69 610 4
69 619 5
69 620 5
69 667 6
69 673 4
69 684 8
69 702 6
69 779 3
69 806 5
69 819 5
70 20 9
70 21 2
70 24 0
70 29 7
70 50 7
70 56 5
70 59 6
70 74 5
70 146 4
70 191 6
70 193 4
70 213 6
70 234 7
70 240 3
70 241 7
70 273 1
70 285 3
70 288 3
70 289 4
70 311 3
70 338 7
70 341 3
70 371 5
70 373 2
70 390 6
70 416 4
70 471 6
70 513 3
70 540 3
70 559 7
70 562 8
70 602 3
70 608 5
70 673 5
70 677 5
70 739 3
70 762 4
70 791 4
70 795 3
70 824 5
71 387 4
71 434 0
72 3 3
72 20 7
72 28 2
72 73 1
72 86 5
72 89 6
72 105 4
72 120 6
72 137 1
72 197 5
72 198 7
72 213 4
72 219 5
72 220 5
72 245 4
72 317 6
72 389 4
72 390 7
72 426 5
72 476 7
72 502 9
72 513 4
72 540 2
72 590 6
72 612 8
72 621 3
72 762 6
72 771 6
72 786 4
72 800 8
72 828 6
73 1 4
73 82 8
73 109 2
73 127 4
73 201 7
73 276 1
73 344 7
73 350 8
73 359 2
73 416 4
73 420 5
73 429 5
73 454 9
73 457 5
73 499 7
73 506 6
73 510 7
73 559 8
73 607 4
73 616 0
73 629 5
73 639 4
73 650 6
73 692 5
73 719 2
73 722 4
73 744 6
73 803 7
74 1 2
74 9 7
74 11 5
74 18 5
74 26 3
74 29 9
74 64 5
74 86 6
74 110 5
74 114 6
74 125 5
74 164 6
74 222 2
74 256 9
74 260 7
74 264 2
74 302 9
74 311 3
74 356 8
74 365 3
74 374 6
74 411 6
74 426 4
74 428 6
74 429 5
74 467 7
74 498 4
74 500 3
74 554 9
74 581 2
74 583 7
74 690 2
74 703 4
74 711 8
74 753 5
74 787 7
74 794 4
74 812 7
75 3 3
75 26 4
75 58 7
75 110 5
75 135 7
75 153 5
75 195 5
75 229 5
75 230 5
75 241 9
75 263 7
75 381 8
75 396 1
75 437 4
75 449 7
75 528 3
75 531 1
75 584 5
75 689 5
75 769 4
75 779 1
75 788 6
75 796 4
75 821 7
75 822 7
75 823 8
75 837 9
76 17 8
76 83 8
76 87 6
76 116 7
76 133 4
76 178 4
76 187 4
76 205 4
76 227 5
76 237 4
76 250 4
76 324 5
76 352 3
76 378 4
76 380 6
76 402 2
76 459 6
76 471 6
76 522 3
76 524 6
76 550 6
76 580 3
76 604 2
76 650 7
76 654 2
76 669 7
76 801 8
77 7 8
77 87 6
77 88 3
77 107 9
77 241 9
77 244 5
77 268 2
77 382 3
77 445 4
77 474 4
77 577 1
77 700 8
77 710 6
78 6 4
78 7 7
78 8 2
78 23 7
78 85 7
78 99 10
78 104 8
78 116 7
78 164 7
78 166 6
78 174 7
78 218 4
78 224 7
78 225 2
78 227 6
78 233 2
78 278 5
78 295 5
78 304 5
78 323 6
78 352 3
78 387 4
78 394 6
78 403 1
78 409 3
78 418 8
78 424 8
78 462 5
78 483 1
78 525 4
78 546 2
78 558 5
78 561 7
78 571 9
78 603 5
78 614 3
78 685 10
78 736 4
78 748 2
78 757 7
79 133 5
79 242 9
80 15 3
80 70 7
80 72 7
80 86 7
80 241 9
80 310 4
80 586 3
80 590 7
80 602 2
80 684 8
81 1 2
81 12 8
81 13 7
81 30 3
81 39 4
81 60 6
81 107 8
81 158 5
81 247 4
81 263 8
81 301 1
81 381 8
81 403 0
81 451 4
81 487 7
81 491 5
81 493 5
81 572 8
81 619 7
81 642 7
81 645 5
81 691 3
81 766 8
81 782 3
81 826 10
81 830 2
82 15 3
82 48 7
82 117 6
82 153 5
82 163 2
82 189 6
82 202 7
82 239 8
82 277 6
82 313 5
82 328 3
82 331 3
82 354 5
82 387 4
82 395 4
82 399 3
82 418 6
82 442 6
82 475 9
82 492 3
82 494 2
82 502 9
82 513 3
82 517 5
82 560 5
82 574 8
82 636 5
82 641 6
82 687 2
82 698 3
82 717 6
82 784 4
82 786 5
82 826 10
82 830 2
83 19 3
83 29 7
83 62 3
83 96 3
83 120 5
83 123 8
83 153 5
83 192 7
83 227 7
83 236 4
83 257 1
83 272 5
83 279 7
83 301 3
83 322 3
83 333 3
83 349 8
83 354 4
83 404 3
83 466 7
83 469 7
83 487 6
83 500 5
83 536 7
83 574 6
83 578 1
83 580 2
83 619 5
83 713 7
83 764 8
83 768 7
83 793 6
83 834 3
84 5 1
84 34 2
84 38 2
84 47 7
84 89 7
84 109 3
84 112 6
84 131 6
84 190 7
84 226 5
84 242 8
84 259 6
84 359 4
84 367 3
84 381 8
84 450 3
84 459 8
84 462 5
84 466 7
84 538 7
84 549 6
84 576 3
84 578 3
84 642 5
84 671 7
84 703 4
84 750 3
84 796 6
84 823 8
84 835 5
85 47 5
85 148 8
85 246 5
85 274 4
85 313 6
85 343 7
85 347 1
85 400 5
85 524 7
85 563 6
85 566 5
85 650 6
85 793 5
86 136 6
86 239 10
86 334 8
86 370 8
86 493 3
86 502 10
86 591 3
86 607 2
86 658 1
86 723 4
86 738 4
86 785 9
87 38 3
87 41 3
87 85 6
87 155 6
87 167 5
87 250 5
87 303 1
87 800 7
88 6 3
88 110 7
88 121 6
88 124 7
88 136 8
88 189 7
88 196 3
88 210 6
88 217 4
88 250 4
88 333 5
88 337 4
88 364 10
88 367 3
88 401 4
88 404 2
88 407 4
88 450 3
88 468 8
88 482 6
88 534 6
88 562 6
88 577 2
88 581 2
88 635 3
88 668 6
88 686 4
88 723 2
88 813 10
88 827 6
89 106 2
89 115 5
89 131 5
89 187 5
89 205 5
89 221 8
89 224 5
89 240 3
89 322 2
89 356 6
89 362 6
89 378 5
89 379 7
89 382 3
89 384 5
89 388 7
89 405 4
89 450 4
89 462 6
89 479 3
89 492 4
89 520 6
89 568 5
89 681 4
89 733 8
89 752 8
89 770 3
89 813 9
89 823 10
89 827 7
89 838 5
90 106 2
90 154 4
90 165 8
90 188 4
90 357 4
90 359 4
90 450 4
90 558 7
90 574 7
90 578 2
90 695 6
90 705 6
90 739 5
90 743 8
90 806 6
91 76 5
91 835 6
92 8 3
92 9 6
92 23 7
92 45 5
92 46 4
92 78 7
92 93 9
92 153 6
92 347 1
92 406 4
92 412 4
92 423 7
92 428 8
92 433 7
92 449 9
92 508 1
92 554 8
92 574 8
92 582 2
92 635 5
92 645 5
92 646 3
92 649 3
92 656 5
92 692 3
92 704 8
92 733 8
92 748 4
92 776 3
92 778 7
92 839 0
93 487 7
93 503 6
94 156 5
94 715 9
95 11 5
95 91 6
95 319 10
95 351 4
95 385 6
95 608 5
95 771 7
95 806 5
95 830 2
96 0 8
96 8 3
96 64 3
96 123 7
96 133 6
96 182 3
96 198 5
96 238 4
96 264 1
96 293 3
96 318 4
96 335 6
96 383 9
96 456 8
96 462 7
96 506 6
96 509 6
96 537 6
96 672 8
96 692 4
96 717 6
96 734 5
96 781 4
96 795 4
96 812 7
96 835 4
97 48 9
97 58 7
97 79 6
97 100 5
97 168 4
97 179 4
97 265 2
97 278 5
97 300 3
97 308 6
97 340 6
97 346 4
97 353 3
97 357 6
97 370 7
97 382 4
97 460 4
97 478 9
97 498 4
97 566 7
97 614 5
97 615 6
97 616 1
97 621 3
97 626 3
97 664 4
97 682 4
97 785 8
98 2 4
98 38 2
98 51 5
98 71 8
98 74 3
98 153 5
98 221 8
98 270 3
98 321 5
98 343 7
98 375 3
98 422 3
98 447 7
98 519 6
98 533 5
98 585 4
98 596 5
98 702 5
98 776 2
99 210 6
99 211 7
99 223 5
99 252 4
99 377 7
99 416 4
99 496 4
99 524 7
99 575 3
100 3 1
100 107 9
100 190 8
100 470 7
100 552 0
100 717 7
100 743 6
100 762 5
100 821 8
101 2 4
101 7 8
101 30 4
101 36 7
101 43 5
101 44 8
101 57 3
101 77 4
101 122 3
101 170 7
101 177 5
101 182 4
101 188 2
101 272 4
101 275 6
101 276 3
101 281 6
101 302 8
101 357 5
101 377 7
101 384 5
101 404 2
101 435 6
101 451 5
101 474 4
101 479 4
101 494 2
101 529 3
101 576 2
101 581 4
101 587 4
101 598 5
101 642 7
101 688 4
101 691 3
101 708 6
101 718 4
101 727 3
101 741 6
101 787 7
102 13 6
102 15 4
102 16 4
102 22 4
102 34 3
102 55 9
102 80 7
102 136 6
102 183 6
102 224 5
102 242 9
102 304 3
102 310 3
102 317 5
102 351 5
102 361 4
102 372 6
102 397 5
102 436 7
102 449 8
102 455 7
102 466 8
102 487 8
102 495 3
102 509 5
102 557 2
102 562 7
102 565 7
102 595 5
102 599 3
102 637 5
102 683 4
102 708 6
102 709 0
102 718 4
102 836 1
103 61 7
103 62 2
103 82 8
103 95 7
103 99 10
103 102 3
103 136 6
103 165 6
103 219 4
103 222 2
103 246 4
103 282 7
103 302 9
103 337 4
103 338 7
103 382 3
103 416 5
103 438 4
103 465 6
103 468 6
103 475 9
103 493 3
103 575 5
103 639 4
103 653 6
103 673 5
103 678 5
103 723 3
103 736 2
103 780 4
103 804 5
103 812 7
103 823 10
103 834 4
104 13 5
104 127 5
104 165 8
104 211 8
104 268 3
104 308 6
104 354 6
104 362 7
104 437 4
104 447 5
104 451 3
104 490 0
104 515 8
104 528 4
104 545 8
104 587 5
104 678 5
104 743 6
104 767 8
104 776 3
104 810 5
104 816 8
104 835 5
105 36 5
105 49 4
105 110 7
105 122 5
105 147 9
105 229 7
105 236 3
105 237 5
105 263 6
105 592 5
105 614 4
105 663 5
105 736 3
105 751 1
105 776 4
105 810 4
105 822 8
106 10 2
106 44 8
106 62 4
106 64 3
106 76 5
106 82 6
106 101 4
106 111 6
106 145 5
106 186 3
106 253 7
106 277 6
106 307 6
106 310 2
106 323 6
106 336 4
106 341 3
106 361 3
106 382 5
106 413 7
106 439 5
106 479 3
106 519 7
106 527 4
106 529 3
106 570 7
106 621 2
106 626 2
106 643 5
106 652 4
106 687 3
106 696 4
106 722 2
106 724 5
106 751 2
106 785 7
106 823 9
106 838 5
107 76 6
107 106 3
107 114 4
107 130 8
107 133 5
107 148 7
107 177 3
107 338 6
107 370 7
107 483 1
107 530 7
107 558 5
107 628 0
107 660 7
107 774 6
107 822 8
108 20 7
108 49 5
108 59 8
108 63 3
108 93 10
108 172 3
108 196 4
108 210 7
108 288 2
108 305 0
108 314 4
108 334 10
108 342 4
108 410 4
108 434 0
108 438 4
108 459 7
108 488 5
108 491 4
108 511 5
108 519 8
108 537 6
108 588 5
108 630 6
108 671 8
108 673 4
108 675 7
108 689 5
108 717 8
108 731 5
108 734 4
108 749 3
108 750 4
108 754 6
108 766 6
108 786 3
108 817 7
108 824 6
109 4 5
109 8 4
109 21 1
109 23 7
109 66 4
109 70 5
109 78 7
109 90 10
109 95 7
109 100 4
109 121 7
109 127 5
109 146 4
109 149 4
109 155 5
109 166 5
109 195 6
109 231 5
109 232 6
109 281 6
109 323 5
109 371 5
109 377 8
109 389 4
109 470 8
109 506 7
109 543 2
109 548 3
109 564 7
109 586 3
109 600 4
109 636 4
109 700 8
109 701 3
109 784 6
109 795 5
109 800 8
109 801 8
109 806 4
109 815 1
109 831 3
110 24 1
110 553 5
110 632 4
110 839 0
111 81 6
111 167 5
111 233 3
111 382 3
111 394 5
111 446 9
111 584 4
111 708 7
111 716 7
111 736 3
111 742 3
111 767 8
112 137 2
112 168 5
113 413 7
113 519 6
114 2 4
114 10 2
114 31 7
114 32 4
114 73 2
114 82 8
114 84 2
114 172 4
114 175 4
114 185 4
114 208 4
114 215 4
114 229 7
114 236 4
114 242 8
114 343 5
114 359 4
114 395 6
114 400 5
114 474 4
114 475 10
114 544 5
114 568 5
114 580 3
114 586 3
114 589 8
114 593 4
114 618 5
114 621 2
114 652 3
114 660 6
114 745 5
114 759 2
114 783 3
114 799 2
114 833 4
115 6 5
115 17 10
115 29 7
115 71 8
115 89 5
115 99 9
115 127 4
115 135 7
115 167 7
115 205 5
115 287 7
115 313 7
115 331 3
115 341 2
115 344 9
115 355 5
115 452 6
115 455 5
115 460 4
115 507 4
115 508 1
115 542 3
115 598 7
115 647 7
115 649 3
115 704 8
115 723 2
115 733 8
115 742 4
115 793 6
115 821 6
115 826 10
116 40 6
116 91 5
116 103 4
116 128 8
116 129 6
116 176 2
116 189 5
116 207 4
116 226 5
116 234 6
116 268 2
116 326 6
116 414 3
116 442 4
116 471 6
116 561 5
116 609 2
116 679 3
116 685 10
116 735 5
116 818 5
117 61 6
117 72 8
117 115 6
117 125 5
117 133 5
117 140 3
117 165 6
117 176 1
117 179 5
117 201 8
117 231 7
117 247 4
117 257 2
117 270 3
117 297 3
117 300 5
117 317 4
117 376 4
117 403 0
117 421 4
117 434 1
117 477 9
117 585 3
117 627 5
117 667 7
117 734 6
117 755 3
117 762 6
117 777 2
117 817 6
117 819 6
118 15 5
118 59 6
118 75 4
118 139 9
118 151 9
118 181 7
118 188 2
118 253 6
118 292 4
118 309 6
118 335 7
118 339 4
118 345 6
118 402 4
118 433 5
118 442 5
118 458 0
118 466 9
118 470 6
118 536 7
118 557 2
118 597 4
118 621 4
118 707 2
118 733 9
118 808 8
118 821 6
119 28 4
119 32 3
119 51 5
119 52 5
119 63 4
119 67 6
119 78 8
119 84 1
119 93 8
119 113 6
119 169 8
119 173 8
119 207 2
119 283 5
119 316 3
119 325 5
119 384 4
119 426 5
119 447 7
119 463 4
119 525 4
119 533 6
119 544 5
119 594 5
119 660 5
119 676 2
119 688 3
119 738 3
119 746 4
119 776 3
119 810 5
119 811 5
120 100 4
120 115 7
120 163 2
120 195 5
120 441 7
120 493 3
120 599 3
120 602 1
120 697 2
120 782 3
120 798 6
121 32 3
121 79 6
121 115 7
121 120 5
121 124 6
121 144 4
121 186 2
121 276 2
121 280 4
121 294 2
121 335 6
121 370 7
121 413 6
121 444 3
121 501 1
121 530 6
121 566 6
121 720 6
121 728 8
121 757 5
122 8 4
122 11 4
122 14 7
122 184 4
122 215 2
122 230 6
122 235 6
122 239 9
122 243 1
122 281 7
122 287 5
122 334 9
122 376 6
122 398 1
122 426 4
122 458 0
122 474 3
122 486 7
122 511 6
122 513 3
122 538 5
122 539 5
122 584 5
122 594 5
122 663 5
122 689 4
122 730 4
122 767 9
122 775 6
122 779 3
122 784 4
122 795 3
122 799 3
122 818 4
122 821 6
122 828 7
123 31 7
123 90 9
123 114 4
123 148 7
123 184 4
123 185 5
123 226 5
123 271 4
123 298 5
123 376 6
123 379 5
123 421 3
123 427 6
123 470 8
123 482 6
123 504 7
123 505 3
123 569 2
123 571 9
123 592 5
123 595 7
123 608 5
123 691 2
123 731 7
123 808 6
123 814 7
123 827 6
123 828 6
124 9 6
124 112 4
124 262 8
124 326 7
124 332 5
124 354 6
124 371 5
124 393 0
124 407 3
124 516 3
124 517 6
124 521 7
124 605 2
124 617 1
124 620 5
124 633 9
124 642 5
124 790 6
124 792 8
125 18 4
125 140 4
125 144 3
125 182 4
125 237 3
125 243 3
125 266 9
125 286 5
125 348 6
125 387 5
125 397 4
125 486 5
125 502 9
125 538 7
125 557 2
125 614 5
125 646 5
125 693 3
125 729 8
125 753 5
125 763 4
125 810 4
125 822 8
126 179 3
126 231 7
126 275 7
126 508 0
126 538 5
126 539 6
127 96 4
127 120 5
127 379 6
127 388 7
127 446 8
127 509 5
128 486 7
128 515 7
129 60 5
129 86 6
129 92 5
129 144 2
129 175 6
129 193 3
129 234 6
129 254 3
129 312 3
129 337 4
129 339 4
129 357 5
129 389 4
129 394 6
129 489 6
129 536 5
129 575 5
129 603 7
129 654 1
129 657 7
129 659 3
129 670 7
129 704 7
129 745 5
129 749 3
129 750 2
130 20 9
130 121 6
130 134 7
130 217 4
130 227 5
130 228 5
130 333 4
130 387 5
130 426 4
130 455 6
130 476 5
130 497 6
130 514 5
130 552 0
130 569 1
130 588 7
130 652 3
130 663 6
130 727 5
130 751 2
130 765 8
130 826 9
131 41 3
131 57 4
131 116 6
131 158 4
131 185 5
131 191 4
131 207 4
131 233 3
131 285 3
131 363 6
131 406 6
131 438 5
131 516 3
131 565 7
131 577 1
131 606 7
131 696 4
131 706 5
131 755 3
131 773 7
131 826 9
132 34 2
132 55 9
132 60 5
132 70 6
132 150 5
132 157 4
132 201 8
132 272 6
132 275 5
132 292 4
132 324 6
132 365 4
132 373 2
132 408 2
132 456 8
132 462 7
132 468 7
132 482 5
132 518 4
132 530 8
132 564 6
132 583 7
132 600 4
132 613 3
132 623 5
132 634 4
132 649 3
132 656 3
132 658 2
132 662 4
132 671 8
132 682 5
132 712 2
132 724 6
132 771 5
132 787 7
132 803 8
132 806 5
132 814 7
132 818 5
133 17 8
133 38 3
133 51 6
133 209 6
133 215 3
133 232 6
133 272 6
133 298 4
133 299 6
133 313 5
133 349 7
133 360 4
133 423 6
133 454 8
133 481 5
133 497 5
133 520 5
133 527 4
133 536 7
133 538 6
133 542 3
133 574 8
133 586 4
133 599 3
133 651 3
133 668 6
133 683 4
133 684 9
133 707 2
133 708 7
133 736 3
133 754 6
133 792 8
133 799 2
133 801 9
134 11 5
134 31 7
134 207 2
134 292 5
134 296 5
134 332 4
134 337 2
134 374 6
134 425 4
134 455 6
134 504 5
134 526 6
134 561 6
134 572 6
134 663 5
134 688 4
135 124 8
135 178 4
135 180 2
135 506 7
135 714 4
136 29 7
136 49 3
136 65 3
136 70 5
136 79 6
136 85 6
136 93 10
136 106 4
136 108 4
136 183 6
136 184 5
136 186 2
136 198 6
136 216 1
136 236 2
136 268 4
136 305 1
136 315 4
136 324 7
136 405 3
136 424 7
136 441 5
136 461 6
136 473 8
136 482 4
136 507 5
136 529 2
136 536 6
136 540 4
136 545 7
136 547 4
136 612 6
136 630 4
136 659 4
136 662 6
136 695 4
136 724 6
136 791 3
136 798 4
136 830 2
137 40 7
137 75 4
137 92 4
137 217 4
137 228 4
137 420 4
137 441 5
137 447 7
137 465 5
137 505 4
137 524 5
137 603 7
137 689 6
137 735 7
137 801 9
137 824 7
138 13 7
138 17 10
138 41 3
138 72 8
138 82 8
138 88 2
138 99 10
138 108 4
138 116 8
138 160 5
138 170 6
138 210 6
138 221 8
138 257 2
138 278 3
138 279 5
138 282 6
138 285 3
138 290 7
138 401 2
138 414 1
138 417 6
138 459 7
138 494 2
138 523 7
138 526 8
138 597 5
138 606 6
138 623 3
138 642 5
138 657 9
138 686 5
138 694 3
138 714 3
138 720 7
138 721 3
138 734 6
139 0 7
139 2 3
139 4 5
139 21 2
139 96 3
139 111 5
139 158 4
139 170 7
139 212 7
139 252 6
139 287 7
139 291 3
139 314 6
139 350 7
139 359 2
139 365 3
139 402 3
139 410 3
139 425 2
139 431 2
139 442 4
139 493 3
139 499 7
139 523 9
139 550 4
139 567 6
139 575 4
139 599 5
139 625 4
139 626 1
139 639 5
139 645 5
139 719 1
139 724 6
139 759 2
139 775 5
139 793 6
139 818 4
