Seed: 1252435288
Researcher: 120
Papers: 1200
Edges: 3784
RDensity: None
minScore: 0
maxScore: 10
maxResearcherForPaper: None
maxPaperForResearcher: None
ToAssign: 300
0 21 3
0 76 4
0 88 8
0 198 6
0 205 7
0 235 3
0 263 5
0 294 7
0 299 7
0 322 4
0 341 4
0 342 6
0 376 5
0 423 3
0 440 4
0 442 3
0 456 2
0 556 7
0 564 5
0 597 4
0 642 3
0 648 5
0 651 4
0 673 4
0 681 0
0 761 3
0 798 2
0 830 6
0 843 4
0 851 5
0 929 6
0 987 7
0 1065 6
0 1068 8
0 1081 5
0 1094 7
0 1100 4
0 1107 4
0 1116 5
0 1127 6
0 1132 10
0 1197 6
1 76 4
1 98 8
1 145 9
1 174 5
1 187 1
1 230 5
1 250 6
1 308 6
1 333 4
1 357 1
1 370 6
1 615 5
1 619 2
1 631 3
1 659 8
1 724 4
1 726 9
1 778 4
1 786 5
1 835 6
1 873 5
1 876 8
1 1038 7
1 1066 10
1 1085 8
1 1120 1
1 1134 9
1 1135 8
2 100 7
2 142 5
2 191 9
2 218 8
2 293 2
2 377 7
2 383 5
2 417 5
2 419 4
2 423 4
2 440 5
2 538 8
2 575 0
2 640 10
2 774 4
2 825 7
2 896 3
2 900 5
2 910 4
2 920 3
2 972 4
2 1062 2
2 1083 5
2 1100 2
3 120 8
3 190 5
3 306 4
3 362 3
3 440 4
3 661 6
3 663 5
3 730 3
3 744 3
3 826 4
3 830 7
3 856 4
3 885 8
3 931 1
3 1081 4
3 1091 5
3 1157 6
4 90 3
4 227 2
4 228 5
4 251 3
4 258 4
4 268 6
4 344 7
4 410 3
4 427 5
4 449 6
4 460 7
4 488 8
4 537 1
4 549 5
4 554 3
4 658 2
4 662 3
4 666 6
4 692 2
4 693 4
4 720 4
4 737 6
4 742 9
4 788 6
4 804 3
4 808 5
4 838 3
4 856 6
4 871 3
4 881 3
4 882 4
4 942 3
4 1013 4
4 1024 2
4 1063 3
4 1099 7
4 1116 4
4 1144 3
4 1189 4
5 52 5
5 65 6
5 140 7
5 150 5
5 156 7
5 158 6
5 200 6
5 386 4
5 604 2
5 678 3
5 830 7
5 867 7
5 975 9
5 1010 5
5 1037 7
6 0 7
6 14 4
6 35 1
6 69 9
6 79 4
6 214 4
6 246 6
6 318 4
6 323 6
6 326 3
6 335 5
6 354 5
6 373 4
6 380 3
6 456 3
6 477 5
6 538 8
6 542 6
6 547 5
6 557 5
6 570 5
6 580 8
6 596 5
6 608 3
6 629 6
6 648 5
6 651 5
6 672 4
6 691 3
6 725 1
6 778 4
6 780 3
6 797 3
6 819 6
6 854 3
6 865 2
6 873 7
6 898 4
6 906 2
6 920 4
6 949 5
6 963 6
6 967 4
6 976 4
6 994 4
6 995 3
6 1082 4
6 1088 5
6 1155 4
7 5 8
7 12 6
7 84 4
7 141 4
7 155 6
7 168 6
7 244 4
7 247 2
7 261 3
7 282 4
7 290 5
7 372 5
7 400 7
7 490 6
7 526 8
7 540 2
7 568 3
7 594 4
7 597 4
7 606 7
7 619 3
7 658 3
7 681 0
7 685 3
7 709 5
7 784 6
7 801 4
7 871 3
7 877 3
7 938 7
7 993 7
7 1003 7
7 1093 6
7 1115 6
7 1133 6
7 1188 6
8 199 4
8 908 3
8 1006 6
9 8 9
9 69 8
9 72 4
9 78 5
9 82 5
9 143 3
9 145 9
9 146 5
9 197 2
9 279 4
9 280 3
9 295 6
9 319 1
9 330 2
9 335 6
9 365 4
9 414 5
9 421 7
9 435 3
9 502 4
9 521 3
9 616 8
9 622 7
9 714 0
9 719 6
9 722 6
9 727 5
9 748 10
9 783 6
9 790 6
9 793 4
9 896 3
9 933 3
9 957 7
9 1036 8
9 1077 5
9 1122 3
9 1142 9
9 1145 2
9 1163 7
10 25 7
10 39 3
10 52 3
10 86 7
10 111 4
10 113 3
10 153 4
10 157 4
10 169 3
10 171 6
10 193 5
10 222 6
10 231 6
10 236 6
10 264 4
10 282 4
10 291 7
10 311 5
10 315 2
10 343 5
10 399 2
10 404 3
10 408 3
10 491 7
10 508 4
10 525 5
10 530 10
10 554 5
10 561 2
10 578 5
10 582 3
10 630 3
10 646 1
10 657 7
10 689 3
10 693 2
10 695 5
10 709 6
10 718 4
10 731 4
10 750 5
10 763 3
10 781 6
10 782 7
10 807 5
10 845 8
10 885 8
10 890 5
10 893 1
10 903 4
10 914 5
10 1031 6
10 1038 6
10 1049 4
10 1069 4
10 1120 0
11 35 3
11 57 5
11 66 6
11 106 1
11 200 4
11 205 7
11 225 2
11 316 7
11 350 6
11 384 2
11 391 5
11 559 3
11 571 6
11 649 8
11 855 7
11 956 0
11 1074 7
11 1114 5
11 1153 10
12 79 5
12 128 3
12 188 4
12 266 4
12 285 3
12 300 5
12 324 8
12 331 6
12 359 4
12 393 7
12 403 5
12 436 1
12 538 9
12 564 6
12 589 0
12 594 4
12 625 7
12 634 7
12 647 7
12 679 8
12 683 5
12 704 3
12 705 5
12 713 2
12 721 4
12 769 5
12 789 5
12 808 4
12 828 2
12 859 3
12 878 2
12 892 4
12 894 3
12 926 4
12 928 9
12 965 7
12 1018 6
12 1023 4
12 1025 8
12 1041 8
12 1055 9
12 1066 10
12 1070 3
12 1101 6
12 1196 6
13 292 2
13 384 2
13 424 10
13 655 6
13 668 6
13 699 4
13 893 2
13 941 3
13 1023 5
13 1148 5
13 1176 9
14 91 4
14 349 1
14 376 6
14 471 7
15 46 7
15 99 7
15 127 5
15 137 3
15 197 1
15 199 3
15 201 6
15 250 7
15 251 3
15 258 5
15 269 5
15 286 8
15 291 6
15 299 7
15 306 4
15 319 3
15 393 8
15 451 1
15 489 4
15 587 3
15 618 3
15 622 5
15 664 8
15 703 4
15 704 5
15 734 5
15 743 8
15 767 5
15 785 6
15 789 6
15 800 4
15 855 6
15 874 2
15 925 7
15 947 7
15 950 4
15 974 8
15 1046 8
15 1054 4
15 1094 9
15 1118 5
15 1131 7
15 1136 3
15 1144 5
15 1148 7
15 1156 4
15 1171 4
16 9 7
16 55 7
16 219 6
16 479 2
16 482 6
16 517 5
16 535 4
16 563 3
16 708 9
16 727 6
16 729 3
16 758 5
16 798 2
16 847 4
16 859 2
16 919 6
16 999 6
16 1011 9
16 1049 4
16 1133 7
17 44 4
17 71 8
17 95 6
17 101 7
17 161 9
17 187 1
17 313 8
17 473 4
17 476 3
17 507 3
17 535 3
17 570 5
17 573 5
17 609 7
17 736 9
17 823 4
17 835 7
17 852 3
17 859 3
17 860 7
17 880 4
17 921 6
17 929 6
17 999 4
17 1003 8
17 1014 7
17 1071 7
17 1161 4
17 1182 6
18 27 3
18 100 8
18 176 5
18 373 4
18 404 3
18 428 6
18 429 6
18 609 7
18 635 5
18 696 5
18 823 3
18 932 5
18 944 7
18 1022 8
18 1033 4
19 91 5
19 190 4
19 293 3
19 435 4
19 464 4
19 497 7
19 501 5
19 531 3
19 626 5
19 651 5
19 721 5
19 901 6
19 1029 4
19 1121 1
20 18 1
20 55 6
20 56 3
20 79 6
20 121 9
20 123 6
20 275 9
20 333 3
20 340 2
20 459 6
20 470 5
20 495 4
20 512 5
20 556 7
20 600 5
20 636 0
20 675 5
20 684 7
20 697 8
20 699 4
20 834 3
20 837 9
20 946 9
20 948 9
20 964 5
20 967 5
20 984 9
20 1041 6
20 1141 4
20 1144 3
20 1149 1
20 1198 5
21 35 2
21 63 4
21 74 4
21 93 3
21 103 7
21 115 4
21 158 5
21 164 6
21 166 7
21 169 3
21 191 8
21 288 2
21 302 3
21 303 4
21 348 8
21 350 5
21 364 7
21 366 4
21 381 4
21 456 3
21 472 4
21 487 4
21 559 4
21 564 4
21 623 5
21 661 6
21 668 4
21 697 8
21 716 5
21 778 2
21 863 6
21 872 3
21 934 3
21 941 5
21 943 7
21 1003 8
21 1027 8
21 1036 6
21 1042 6
21 1043 7
21 1044 6
21 1053 3
21 1080 9
21 1082 6
21 1093 4
21 1102 4
21 1166 4
21 1196 6
22 7 1
22 51 7
22 130 5
22 158 6
22 214 5
22 222 4
22 224 4
22 248 4
22 265 5
22 361 10
22 370 6
22 388 10
22 408 2
22 418 5
22 424 8
22 431 3
22 433 7
22 532 5
22 538 8
22 581 5
22 595 4
22 627 7
22 638 5
22 667 3
22 688 10
22 711 4
22 715 5
22 737 6
22 750 5
22 760 6
22 774 5
22 810 1
22 904 6
22 918 2
22 968 5
22 983 4
22 986 4
22 990 6
22 1050 2
22 1063 3
22 1064 7
22 1069 3
22 1087 6
22 1163 5
22 1190 5
22 1199 0
23 36 5
23 40 4
23 100 8
23 123 6
23 166 6
23 179 2
23 183 5
23 188 4
23 209 8
23 253 5
23 255 5
23 290 7
23 322 4
23 359 5
23 361 10
23 362 5
23 396 6
23 496 4
23 556 7
23 582 4
23 611 3
23 664 6
23 683 7
23 701 5
23 707 7
23 746 9
23 806 6
23 839 8
23 851 5
23 877 3
23 887 6
23 931 2
23 992 3
23 1002 6
23 1081 4
23 1083 6
23 1121 3
23 1131 5
23 1140 4
23 1149 2
23 1150 8
23 1151 3
24 66 5
24 74 5
24 90 5
24 94 5
24 108 6
24 113 4
24 126 4
24 254 6
24 272 4
24 296 4
24 309 2
24 339 7
24 352 6
24 369 5
24 396 7
24 399 1
24 441 5
24 453 5
24 456 2
24 476 5
24 478 8
24 544 8
24 628 4
24 632 10
24 643 5
24 660 7
24 689 4
24 711 3
24 748 8
24 767 4
24 783 6
24 821 6
24 860 8
24 862 6
24 867 7
24 963 7
24 983 3
24 985 3
24 1002 6
24 1008 2
24 1016 5
24 1026 5
24 1042 6
24 1087 7
24 1168 2
25 3 4
25 11 6
25 54 5
25 65 6
25 117 4
25 168 4
25 240 4
25 364 7
25 372 5
25 437 4
25 610 6
25 615 4
25 616 8
25 677 9
25 750 6
25 771 5
25 797 3
25 832 2
25 899 8
25 904 5
25 923 3
25 1052 6
25 1055 9
25 1075 4
25 1091 3
25 1150 6
25 1188 5
26 25 7
26 53 5
26 57 5
26 102 8
26 116 6
26 137 1
26 141 5
26 153 6
26 169 3
26 244 4
26 365 5
26 414 4
26 438 4
26 454 10
26 476 3
26 494 6
26 519 5
26 542 6
26 643 7
26 661 5
26 675 7
26 723 4
26 735 5
26 742 10
26 806 5
26 809 1
26 862 4
26 889 6
26 918 3
26 1028 4
26 1032 4
26 1141 4
26 1181 6
26 1195 4
27 104 4
27 112 6
27 135 5
27 184 9
27 230 5
27 265 5
27 325 4
27 363 6
27 371 3
27 439 8
27 493 5
27 518 0
27 532 3
27 543 4
27 593 2
27 629 7
27 647 9
27 702 8
27 713 2
27 755 7
27 776 5
27 820 6
27 873 7
27 909 1
27 927 5
27 959 6
27 980 6
27 1031 6
27 1032 3
27 1148 6
28 3 4
28 16 5
28 64 2
28 66 5
28 68 3
28 95 4
28 101 5
28 143 3
28 145 10
28 190 4
28 207 3
28 227 3
28 231 5
28 237 4
28 301 6
28 321 6
28 328 3
28 333 4
28 335 6
28 339 6
28 363 6
28 370 7
28 377 8
28 391 4
28 435 4
28 466 4
28 476 5
28 483 6
28 530 9
28 548 4
28 635 3
28 669 3
28 723 6
28 773 4
28 797 2
28 847 4
28 849 8
28 896 3
28 938 5
28 984 7
28 991 1
28 1027 9
28 1130 4
29 54 4
29 62 1
29 119 5
29 124 2
29 207 1
29 245 9
29 257 8
29 270 6
29 308 6
29 353 4
29 362 5
29 366 2
29 391 3
29 392 3
29 468 1
29 474 5
29 488 8
29 529 4
29 553 8
29 564 5
29 669 4
29 690 0
29 697 10
29 732 6
29 778 2
29 786 5
29 839 6
29 872 4
29 905 6
29 909 3
29 910 5
29 1068 10
29 1133 8
29 1184 6
30 47 6
30 53 5
30 552 3
30 917 8
30 1031 5
30 1041 8
30 1109 5
30 1192 8
31 28 4
31 39 3
31 134 5
31 302 4
31 331 7
31 461 8
31 543 4
31 560 8
31 582 3
31 596 3
31 663 6
31 669 3
31 677 8
31 873 7
31 918 3
31 977 7
31 1000 7
31 1081 4
31 1084 4
31 1102 4
31 1138 4
31 1140 2
31 1144 4
31 1173 3
31 1181 6
32 18 3
32 39 4
32 73 6
32 84 4
32 94 5
32 114 4
32 116 8
32 131 3
32 150 6
32 192 6
32 204 3
32 221 3
32 223 7
32 276 4
32 282 4
32 293 2
32 311 3
32 322 3
32 329 7
32 356 3
32 420 5
32 426 5
32 445 6
32 469 6
32 506 6
32 524 3
32 556 5
32 571 7
32 586 7
32 595 5
32 640 9
32 671 5
32 706 6
32 714 1
32 727 6
32 753 5
32 788 5
32 797 4
32 835 8
32 874 4
32 925 6
32 944 7
32 986 4
32 993 6
32 996 1
32 1003 9
32 1012 6
32 1049 4
32 1069 5
32 1093 6
32 1105 8
32 1112 5
32 1115 4
32 1120 0
32 1124 4
32 1125 5
32 1161 5
32 1182 7
32 1191 7
33 2 8
33 21 1
33 46 7
33 65 7
33 110 7
33 207 2
33 219 5
33 220 3
33 280 3
33 318 4
33 350 6
33 399 1
33 548 4
33 599 10
33 607 6
33 619 2
33 641 2
33 770 6
33 870 4
33 1005 4
33 1023 4
33 1140 4
33 1143 6
33 1182 7
33 1188 4
34 418 4
34 1039 0
34 1089 7
34 1177 7
35 20 3
35 48 8
35 60 6
35 85 5
35 89 5
35 95 5
35 97 0
35 99 7
35 120 8
35 127 4
35 149 4
35 167 7
35 223 8
35 224 4
35 229 5
35 287 4
35 313 8
35 326 4
35 353 3
35 363 5
35 474 6
35 540 4
35 564 6
35 570 6
35 576 7
35 601 5
35 704 4
35 736 9
35 750 5
35 752 4
35 760 7
35 763 3
35 772 5
35 821 4
35 876 10
35 888 7
35 894 3
35 910 3
35 914 6
35 924 2
35 955 6
35 967 4
35 988 7
35 992 1
35 993 5
35 1012 7
35 1044 7
35 1057 7
35 1098 6
35 1109 4
35 1110 4
35 1117 6
35 1128 5
35 1152 3
35 1182 7
35 1195 3
36 12 7
36 19 4
36 48 8
36 69 7
36 143 4
36 177 4
36 200 5
36 215 5
36 221 4
36 239 5
36 300 4
36 304 2
36 322 4
36 334 5
36 386 4
36 406 1
36 430 0
36 446 2
36 501 6
36 516 4
36 555 4
36 558 6
36 581 4
36 600 4
36 602 1
36 618 4
36 624 5
36 648 7
36 695 6
36 792 2
36 883 5
36 930 6
36 942 4
36 978 5
36 1001 8
36 1018 5
36 1022 6
36 1083 4
36 1086 3
36 1108 2
36 1168 2
36 1174 6
36 1198 6
37 68 5
37 71 8
37 118 4
37 125 6
37 126 2
37 157 5
37 171 4
37 290 5
37 328 4
37 530 8
37 619 1
37 642 4
37 743 7
37 835 7
37 966 4
37 1081 5
37 1095 7
37 1163 6
38 5 8
38 15 6
38 30 8
38 81 5
38 91 4
38 103 7
38 105 7
38 156 7
38 174 6
38 203 1
38 218 8
38 233 2
38 237 4
38 248 4
38 263 4
38 264 5
38 267 5
38 269 3
38 311 3
38 336 5
38 400 9
38 410 4
38 418 4
38 433 6
38 442 5
38 460 6
38 484 3
38 492 4
38 514 9
38 535 4
38 542 5
38 577 2
38 663 4
38 724 5
38 736 9
38 776 5
38 778 3
38 788 5
38 842 6
38 849 9
38 860 8
38 888 8
38 899 6
38 906 2
38 910 4
38 918 1
38 939 6
38 956 0
38 957 5
38 970 7
38 1026 5
38 1033 4
38 1047 4
38 1078 3
38 1082 4
38 1090 3
38 1127 7
38 1192 9
38 1194 4
39 17 5
39 31 5
39 60 5
39 82 5
39 84 2
39 182 5
39 208 1
39 250 6
39 350 7
39 366 2
39 410 2
39 487 3
39 488 8
39 514 7
39 549 5
39 718 5
39 745 4
39 746 9
39 783 7
39 791 4
39 857 6
39 877 4
39 879 7
39 902 3
39 950 6
39 1008 4
39 1018 5
39 1055 8
39 1082 6
39 1086 4
39 1098 6
40 0 6
40 120 6
40 169 5
40 177 6
40 277 9
40 401 5
40 413 5
40 418 6
40 515 3
40 529 6
40 561 3
40 616 7
40 647 9
40 691 1
40 717 1
40 754 3
40 838 5
40 852 4
40 876 9
40 882 5
40 944 6
40 963 7
40 1010 3
40 1059 9
40 1081 4
40 1115 5
40 1116 4
40 1131 5
41 112 6
41 752 4
42 16 5
42 31 5
42 187 0
42 195 6
42 209 7
42 210 5
42 373 2
42 449 4
42 455 6
42 593 1
42 741 4
42 1005 4
42 1183 5
43 94 6
43 133 5
43 165 3
43 237 4
43 244 3
43 270 5
43 291 7
43 305 0
43 325 5
43 407 4
43 423 5
43 460 6
43 498 3
43 505 6
43 530 10
43 546 7
43 570 6
43 594 6
43 602 2
43 609 5
43 615 4
43 650 5
43 652 6
43 672 4
43 744 2
43 750 5
43 783 7
43 834 5
43 864 2
43 866 2
43 883 6
43 895 4
43 908 2
43 919 7
43 957 6
43 998 7
43 1010 4
43 1094 7
43 1129 5
43 1172 7
43 1180 7
44 36 5
44 39 2
44 74 3
44 75 6
44 88 7
44 91 6
44 99 6
44 132 7
44 133 5
44 139 5
44 148 6
44 150 5
44 178 5
44 180 4
44 212 4
44 249 5
44 318 6
44 399 2
44 404 2
44 405 5
44 449 5
44 453 6
44 455 5
44 487 4
44 507 5
44 514 9
44 516 6
44 530 8
44 585 6
44 600 3
44 623 4
44 656 5
44 694 5
44 695 4
44 723 6
44 726 8
44 728 6
44 754 2
44 764 5
44 799 4
44 816 5
44 848 6
44 853 8
44 860 8
44 868 3
44 870 6
44 879 8
44 943 8
44 964 6
44 971 9
44 972 4
44 998 7
44 1025 7
44 1042 6
44 1046 9
44 1192 8
45 46 6
45 63 4
45 74 3
45 76 4
45 110 7
45 120 6
45 145 9
45 158 6
45 180 3
45 203 2
45 205 5
45 246 8
45 254 5
45 280 1
45 285 4
45 349 2
45 392 4
45 452 7
45 481 9
45 547 4
45 617 5
45 636 1
45 732 6
45 751 9
45 760 7
45 766 3
45 773 5
45 775 5
45 791 5
45 820 4
45 826 4
45 853 6
45 886 4
45 891 6
45 938 7
45 962 7
45 967 5
45 1048 4
45 1096 6
45 1138 4
45 1180 7
45 1194 4
45 1199 0
46 58 6
46 157 5
46 195 5
46 206 4
46 261 4
46 301 6
46 310 7
46 325 5
46 379 7
46 401 5
46 413 5
46 425 3
46 441 6
46 449 4
46 464 3
46 468 2
46 473 3
46 484 1
46 522 5
46 543 5
46 587 3
46 605 4
46 615 5
46 644 6
46 657 5
46 728 6
46 800 5
46 805 5
46 872 4
46 910 3
46 1030 4
46 1034 6
46 1040 3
46 1105 6
46 1118 4
47 49 6
47 60 6
47 256 4
47 305 1
47 390 4
47 393 7
47 417 5
47 463 6
47 621 5
47 646 1
47 658 3
47 659 9
47 731 3
47 737 5
47 807 3
47 859 3
47 1000 7
47 1014 7
47 1074 8
47 1126 6
48 14 5
48 17 4
48 44 3
48 203 3
48 220 5
48 304 2
48 323 4
48 327 7
48 398 1
48 498 4
48 577 1
48 582 4
48 612 8
48 620 9
48 644 5
48 679 9
48 684 8
48 685 4
48 690 0
48 716 4
48 753 5
48 765 6
48 771 5
48 787 10
48 803 8
48 813 3
48 836 6
48 839 8
48 882 4
48 893 1
48 1042 7
48 1078 4
48 1135 6
48 1137 10
49 13 6
49 28 4
49 67 5
49 99 7
49 132 7
49 148 8
49 154 3
49 224 4
49 233 3
49 234 5
49 244 3
49 277 7
49 306 3
49 320 4
49 326 4
49 343 6
49 344 7
49 366 4
49 368 6
49 377 8
49 424 8
49 449 5
49 477 4
49 595 5
49 704 5
49 705 5
49 715 6
49 720 6
49 727 7
49 729 4
49 751 7
49 768 5
49 782 5
49 828 4
49 829 5
49 834 5
49 869 4
49 880 2
49 912 5
49 932 4
49 936 8
49 950 5
49 954 5
49 1008 3
49 1027 9
49 1047 6
49 1071 5
49 1139 6
49 1160 5
49 1171 5
49 1180 6
49 1186 9
49 1191 7
50 106 1
50 110 8
50 119 5
50 129 7
50 139 4
50 159 5
50 175 3
50 215 5
50 270 4
50 283 1
50 289 2
50 316 7
50 360 1
50 363 6
50 378 8
50 406 2
50 464 5
50 510 7
50 519 5
50 524 5
50 533 7
50 560 9
50 562 7
50 573 4
50 580 6
50 589 0
50 594 4
50 598 5
50 601 5
50 627 5
50 657 7
50 660 7
50 664 6
50 690 2
50 724 4
50 738 6
50 772 5
50 789 5
50 794 5
50 848 7
50 849 9
50 865 3
50 869 6
50 895 6
50 926 5
50 929 6
50 940 7
50 941 5
50 972 6
50 1024 1
50 1047 5
50 1061 10
50 1077 4
50 1104 5
51 436 2
51 537 1
51 714 0
52 1 4
52 527 5
53 146 6
53 233 2
53 376 5
53 414 5
53 433 5
53 573 3
53 805 5
53 880 2
53 919 7
53 931 3
53 947 7
53 961 5
53 973 6
53 1141 4
53 1165 4
53 1182 6
54 8 7
54 20 3
54 28 4
54 45 2
54 87 4
54 109 4
54 165 5
54 184 8
54 221 3
54 249 4
54 259 6
54 261 3
54 272 3
54 333 3
54 338 3
54 362 5
54 408 2
54 422 1
54 460 6
54 474 5
54 518 0
54 575 1
54 599 9
54 643 5
54 644 6
54 655 4
54 668 5
54 672 5
54 770 4
54 795 1
54 829 6
54 832 2
54 840 2
54 846 5
54 928 7
54 940 7
54 946 7
54 1017 10
54 1054 4
54 1070 1
54 1073 2
54 1110 4
54 1127 7
54 1155 6
54 1162 6
55 28 2
55 94 6
55 106 2
55 131 4
55 141 5
55 175 3
55 187 0
55 284 7
55 291 7
55 335 6
55 379 7
55 450 8
55 478 6
55 503 5
55 557 3
55 618 2
55 678 1
55 787 9
55 808 6
55 841 4
55 845 9
55 847 4
55 881 5
55 886 4
55 935 5
55 1115 4
55 1137 8
55 1170 8
55 1176 7
55 1178 3
56 22 7
56 132 7
56 163 4
56 189 6
56 253 5
56 261 4
56 270 4
56 273 7
56 283 3
56 326 5
56 343 5
56 414 4
56 444 9
56 514 8
56 519 5
56 530 8
56 539 5
56 590 5
56 638 5
56 640 10
56 668 5
56 700 2
56 780 2
56 799 2
56 822 2
56 839 8
56 848 7
56 857 5
56 897 2
56 921 6
56 974 8
56 1000 9
56 1014 6
56 1022 6
56 1028 4
56 1029 2
56 1165 4
57 30 8
57 75 6
57 96 4
57 117 4
57 457 0
57 466 4
57 524 5
57 593 2
57 646 2
57 1020 8
57 1069 5
57 1107 4
57 1148 7
58 80 4
58 183 5
58 203 1
58 205 7
58 364 7
58 408 2
58 414 3
58 432 7
58 489 5
58 523 5
58 540 4
58 587 3
58 622 5
58 714 2
58 759 5
58 765 6
58 802 9
58 831 7
58 916 2
58 928 8
58 952 6
58 1113 3
58 1147 5
58 1161 5
59 14 6
59 70 6
59 151 4
59 153 4
59 269 3
59 270 6
59 322 2
59 355 6
59 419 6
59 427 6
59 486 4
59 539 5
59 550 8
59 671 3
59 696 4
59 743 7
59 835 8
59 878 4
59 949 4
59 955 6
59 1005 6
59 1036 7
59 1049 4
59 1066 9
59 1125 4
59 1161 6
60 6 5
60 13 6
60 71 6
60 99 6
60 107 3
60 126 2
60 134 5
60 142 5
60 235 4
60 245 9
60 287 5
60 289 2
60 291 7
60 310 5
60 325 6
60 326 5
60 332 5
60 336 5
60 409 7
60 430 1
60 432 6
60 434 3
60 496 5
60 526 7
60 546 5
60 561 2
60 569 4
60 615 6
60 639 6
60 640 10
60 661 7
60 669 4
60 684 7
60 688 10
60 694 3
60 722 5
60 729 4
60 742 10
60 745 5
60 763 4
60 799 2
60 803 6
60 867 6
60 883 5
60 888 8
60 890 4
60 933 4
60 972 5
60 1005 6
60 1051 2
60 1055 9
60 1059 9
60 1065 5
60 1091 5
60 1120 2
60 1142 7
61 77 6
61 118 3
61 137 1
61 170 6
61 207 3
61 260 3
61 517 6
61 550 7
61 551 5
61 658 2
61 935 6
61 946 8
61 1051 2
61 1076 5
61 1087 5
61 1167 2
61 1181 6
62 0 7
62 24 5
62 122 5
62 308 5
62 378 9
62 384 2
62 390 4
62 396 5
62 427 6
62 433 6
62 437 4
62 464 5
62 494 6
62 526 7
62 555 2
62 571 6
62 576 7
62 619 3
62 649 8
62 705 6
62 733 5
62 857 5
62 889 6
62 906 3
62 918 1
62 947 6
62 991 2
62 1017 9
62 1042 7
62 1073 0
62 1118 3
62 1120 0
62 1165 6
62 1188 5
62 1193 4
63 40 5
63 42 3
63 85 5
63 132 5
63 186 2
63 314 3
63 358 6
63 432 8
63 469 7
63 475 2
63 545 2
63 631 4
63 937 2
63 1171 4
64 15 8
64 19 6
64 25 6
64 31 5
64 48 6
64 67 6
64 75 6
64 83 4
64 104 4
64 106 1
64 139 4
64 210 5
64 239 3
64 271 5
64 291 8
64 292 0
64 351 6
64 411 8
64 441 6
64 491 6
64 533 6
64 538 8
64 541 6
64 560 8
64 561 3
64 583 5
64 647 7
64 707 6
64 752 2
64 760 7
64 792 3
64 796 6
64 826 3
64 839 7
64 860 6
64 874 3
64 878 3
64 904 5
64 1053 5
64 1088 5
64 1090 5
64 1157 7
65 26 8
65 63 5
65 79 4
65 80 5
65 90 5
65 95 6
65 98 10
65 104 4
65 141 3
65 176 5
65 185 4
65 188 4
65 196 2
65 203 3
65 222 4
65 240 6
65 252 3
65 275 8
65 303 3
65 362 4
65 387 7
65 462 7
65 464 4
65 521 4
65 523 6
65 526 8
65 550 6
65 602 3
65 635 3
65 650 6
65 689 5
65 756 4
65 764 7
65 777 6
65 785 6
65 831 6
65 876 9
65 906 2
65 940 7
65 942 4
65 943 8
65 952 6
65 962 6
65 975 7
65 993 5
65 999 6
65 1010 4
65 1035 4
65 1049 5
65 1052 6
65 1097 2
65 1157 5
65 1172 7
65 1179 4
65 1190 5
66 56 4
66 129 5
66 191 9
66 217 8
66 265 5
66 308 6
66 338 4
66 355 4
66 376 6
66 388 9
66 474 5
66 491 8
66 536 2
66 570 5
66 602 1
66 779 10
66 810 1
66 819 6
66 907 8
66 913 8
66 972 5
66 975 9
66 1080 7
66 1104 7
66 1107 4
66 1118 5
66 1148 6
66 1192 9
66 1193 2
67 106 2
67 109 3
67 114 3
67 117 3
67 138 2
67 192 5
67 205 6
67 232 2
67 270 4
67 293 3
67 365 6
67 470 4
67 474 6
67 504 0
67 510 6
67 542 4
67 579 5
67 588 2
67 666 5
67 715 7
67 735 5
67 789 7
67 804 3
67 838 3
67 878 2
67 995 2
67 997 10
67 1020 6
67 1165 6
68 18 3
68 52 5
68 58 6
68 75 6
68 380 2
68 444 9
68 496 5
68 550 8
68 565 7
68 580 8
68 604 2
68 684 8
68 745 5
68 793 6
68 807 4
68 826 2
68 976 3
68 987 8
68 1032 4
68 1134 8
68 1139 5
68 1189 3
69 55 7
69 62 3
69 103 5
69 116 6
69 129 5
69 131 5
69 139 5
69 156 9
69 178 3
69 188 2
69 207 2
69 218 8
69 227 2
69 261 3
69 276 3
69 293 2
69 320 5
69 332 5
69 365 5
69 448 5
69 528 3
69 533 6
69 542 6
69 571 7
69 600 3
69 611 3
69 651 5
69 654 6
69 655 5
69 691 3
69 721 4
69 777 6
69 782 5
69 791 3
69 824 4
69 833 6
69 844 6
69 885 7
69 912 5
69 921 5
69 923 1
69 958 8
69 977 6
69 997 8
69 1018 6
69 1035 4
69 1042 6
69 1082 4
69 1089 8
69 1111 5
69 1144 5
70 1 4
70 6 4
70 13 7
70 81 4
70 108 4
70 132 7
70 135 5
70 144 1
70 197 2
70 200 5
70 209 8
70 210 4
70 227 2
70 244 4
70 252 3
70 261 4
70 265 7
70 287 4
70 296 4
70 324 7
70 334 5
70 365 4
70 407 3
70 413 5
70 436 1
70 481 8
70 517 7
70 521 5
70 526 8
70 539 7
70 548 4
70 562 7
70 598 4
70 615 4
70 641 1
70 783 7
70 788 4
70 868 1
70 884 7
70 893 3
70 902 2
70 917 9
70 953 3
70 994 5
70 1009 4
70 1025 8
70 1030 6
70 1078 5
70 1115 6
70 1123 4
70 1138 4
70 1139 6
70 1149 2
70 1152 3
70 1193 2
70 1199 0
71 59 7
71 67 4
71 117 4
71 156 9
71 161 7
71 303 5
71 314 5
71 318 5
71 397 8
71 443 6
71 498 2
71 614 7
71 627 7
71 628 5
71 751 7
71 790 5
71 798 3
71 951 7
71 961 5
71 983 5
71 999 4
71 1124 4
71 1147 4
72 10 1
72 150 7
72 187 2
72 226 6
72 241 4
72 277 7
72 342 4
72 383 4
72 406 0
72 487 4
72 561 4
72 567 7
72 589 0
72 753 5
72 835 6
72 887 5
72 967 6
72 1028 2
72 1056 4
72 1101 5
73 29 5
73 75 6
73 80 4
73 100 7
73 107 2
73 132 5
73 158 5
73 199 5
73 230 7
73 262 9
73 274 3
73 360 0
73 392 3
73 417 6
73 421 6
73 435 2
73 453 4
73 491 6
73 500 1
73 531 3
73 554 3
73 575 0
73 600 5
73 605 4
73 610 4
73 625 8
73 650 7
73 720 6
73 724 5
73 868 1
73 880 2
73 901 5
73 937 4
73 954 4
73 984 8
73 1011 7
73 1014 6
73 1043 7
73 1086 3
73 1092 4
73 1116 5
73 1149 3
73 1152 4
73 1161 5
73 1184 4
74 38 8
74 44 5
74 55 5
74 80 5
74 108 4
74 241 5
74 286 8
74 294 6
74 333 3
74 340 2
74 374 7
74 394 2
74 455 4
74 471 7
74 507 3
74 781 7
74 861 6
74 879 8
74 904 5
74 906 3
74 942 3
74 1003 8
74 1102 4
74 1187 6
75 669 3
75 670 5
75 802 9
75 954 5
76 262 9
76 306 3
76 550 8
76 694 5
76 787 9
76 807 5
76 864 2
76 868 3
76 915 2
76 927 4
76 1017 10
76 1080 8
77 24 6
77 114 2
77 341 6
77 409 9
77 449 5
77 472 3
77 490 4
77 505 6
77 527 5
77 586 9
77 609 7
77 641 1
77 700 2
77 701 6
77 802 10
77 811 2
77 824 6
77 838 3
77 845 8
77 865 3
77 872 4
77 882 4
77 900 3
77 943 8
77 945 6
77 962 7
77 1000 8
77 1141 3
78 32 5
78 69 9
78 80 5
78 107 2
78 114 4
78 136 5
78 212 6
78 242 2
78 288 2
78 290 6
78 304 1
78 340 3
78 413 4
78 416 5
78 426 7
78 487 3
78 516 4
78 533 6
78 547 5
78 741 3
78 766 4
78 816 6
78 871 1
78 949 5
78 974 8
78 997 9
78 1107 4
78 1136 3
79 57 5
79 67 4
79 80 5
79 83 3
79 94 5
79 105 7
79 120 8
79 134 6
79 195 6
79 267 6
79 290 6
79 320 4
79 324 8
79 368 6
79 377 7
79 417 6
79 471 7
79 493 5
79 507 5
79 509 4
79 539 6
79 600 4
79 604 3
79 621 3
79 664 8
79 688 9
79 717 0
79 722 4
79 742 10
79 775 4
79 792 4
79 812 7
79 850 2
79 875 4
79 914 4
79 978 5
79 1032 4
79 1080 7
79 1101 4
79 1106 6
79 1112 4
79 1169 2
79 1181 7
80 68 5
80 97 0
80 122 5
80 131 5
80 154 5
80 198 6
80 217 9
80 305 1
80 313 9
80 322 2
80 339 7
80 349 1
80 350 6
80 382 3
80 391 4
80 447 5
80 461 7
80 481 8
80 493 4
80 532 5
80 534 3
80 568 2
80 595 3
80 601 5
80 621 5
80 627 5
80 645 5
80 651 5
80 698 2
80 706 6
80 741 3
80 753 4
80 757 9
80 842 6
80 850 3
80 872 3
80 922 5
80 925 6
80 947 7
80 959 6
80 973 8
80 981 5
80 1000 9
80 1011 9
80 1021 4
80 1037 8
80 1057 5
80 1058 6
80 1083 4
80 1120 2
80 1127 5
80 1132 9
80 1156 5
80 1157 7
80 1158 7
80 1175 0
81 7 3
81 9 5
81 28 3
81 71 8
81 75 6
81 114 3
81 134 4
81 189 4
81 209 7
81 248 5
81 252 3
81 263 4
81 299 7
81 318 4
81 321 6
81 336 6
81 370 5
81 374 6
81 385 4
81 413 4
81 460 7
81 486 3
81 498 3
81 568 1
81 574 4
81 602 3
81 656 5
81 663 5
81 694 5
81 704 4
81 712 7
81 735 7
81 752 3
81 754 1
81 762 10
81 797 2
81 952 6
81 954 5
81 984 8
81 1030 5
81 1061 8
81 1089 7
81 1129 5
81 1134 7
81 1149 2
81 1162 6
81 1194 3
82 40 4
82 48 6
82 63 3
82 65 6
82 91 5
82 96 3
82 116 7
82 137 3
82 144 2
82 150 5
82 160 5
82 163 4
82 165 5
82 216 5
82 236 5
82 237 6
82 269 3
82 281 4
82 282 5
82 344 7
82 345 2
82 351 5
82 361 9
82 387 7
82 437 6
82 455 4
82 467 5
82 469 6
82 474 6
82 531 2
82 581 5
82 587 3
82 591 4
82 621 5
82 650 5
82 653 5
82 659 8
82 686 3
82 687 3
82 735 5
82 800 3
82 804 3
82 817 8
82 821 5
82 873 5
82 886 3
82 900 4
82 902 1
82 977 6
82 986 2
82 1015 3
82 1048 5
82 1060 6
82 1068 10
82 1070 3
82 1071 7
82 1088 5
82 1111 3
82 1174 5
82 1192 9
83 27 5
83 57 4
83 96 4
83 136 6
83 179 1
83 220 4
83 225 2
83 232 2
83 244 4
83 262 10
83 268 8
83 281 4
83 286 8
83 398 2
83 432 8
83 477 4
83 486 4
83 533 5
83 553 9
83 575 0
83 592 3
83 624 7
83 633 5
83 727 7
83 873 7
83 947 6
83 952 7
83 977 8
83 992 1
83 1016 3
83 1030 4
83 1041 8
83 1161 5
83 1196 8
84 5 6
84 6 3
84 25 6
84 114 3
84 115 4
84 118 5
84 147 4
84 152 2
84 168 5
84 176 7
84 222 5
84 336 6
84 337 5
84 356 4
84 400 7
84 465 9
84 470 4
84 491 6
84 516 4
84 556 6
84 628 6
84 669 4
84 712 7
84 726 9
84 737 4
84 753 6
84 762 10
84 776 5
84 790 6
84 815 6
84 833 7
84 864 2
84 935 5
84 944 5
84 971 9
84 985 4
84 1009 4
84 1011 9
84 1036 8
84 1072 5
84 1112 4
84 1114 6
84 1175 0
85 55 5
85 65 7
85 116 7
85 118 5
85 119 5
85 191 10
85 238 6
85 275 9
85 295 5
85 332 4
85 354 5
85 361 10
85 370 7
85 402 5
85 435 2
85 473 3
85 482 7
85 572 6
85 584 5
85 591 5
85 622 6
85 623 5
85 647 8
85 656 5
85 676 4
85 718 4
85 747 4
85 763 2
85 768 3
85 784 4
85 825 7
85 827 7
85 829 7
85 851 7
85 862 5
85 871 1
85 905 7
85 912 4
85 945 5
85 956 0
85 978 3
85 982 0
85 985 4
85 987 8
85 1007 6
85 1008 2
85 1025 6
85 1046 7
85 1053 3
85 1057 7
85 1062 2
85 1066 10
85 1085 6
85 1122 3
85 1152 3
85 1173 5
85 1189 3
86 21 3
86 60 6
86 100 6
86 111 6
86 147 5
86 157 3
86 185 4
86 199 3
86 202 7
86 237 6
86 367 5
86 374 7
86 389 8
86 400 8
86 426 5
86 478 8
86 511 9
86 560 9
86 603 6
86 617 3
86 650 6
86 663 4
86 681 0
86 703 3
86 718 5
86 737 5
86 740 4
86 745 6
86 747 5
86 788 4
86 825 9
86 826 4
86 829 6
86 863 5
86 886 3
86 924 4
86 933 3
86 953 4
86 966 5
86 1043 8
86 1057 7
86 1096 5
86 1109 5
86 1124 5
86 1183 4
87 60 7
87 71 7
87 109 3
87 115 4
87 122 5
87 181 5
87 282 3
87 307 5
87 317 3
87 320 4
87 354 5
87 456 4
87 461 8
87 478 8
87 536 2
87 597 6
87 774 5
87 778 3
87 814 5
87 913 8
87 974 6
87 1030 5
87 1052 4
87 1091 4
87 1131 5
87 1197 4
88 21 3
88 135 6
88 198 7
88 221 3
88 222 6
88 386 3
88 427 6
88 446 1
88 506 7
88 531 4
88 546 7
88 560 9
88 599 8
88 603 5
88 604 1
88 631 3
88 676 4
88 731 5
88 884 6
88 886 3
88 913 9
88 978 4
88 1010 4
88 1088 6
88 1105 7
88 1111 5
88 1169 1
88 1197 5
89 4 3
89 33 5
89 91 4
89 122 4
89 155 5
89 241 5
89 286 6
89 312 4
89 326 5
89 387 5
89 420 7
89 425 3
89 495 4
89 496 4
89 557 4
89 674 2
89 709 4
89 721 6
89 788 5
89 809 1
89 842 8
89 896 5
89 952 6
89 971 8
89 1033 2
89 1073 0
89 1085 8
89 1187 4
90 3 5
90 11 6
90 102 7
90 106 2
90 154 5
90 189 4
90 247 2
90 269 3
90 298 7
90 329 8
90 347 2
90 370 6
90 375 3
90 448 7
90 484 3
90 510 6
90 531 4
90 551 5
90 558 5
90 617 4
90 739 5
90 749 4
90 755 7
90 822 3
90 849 8
90 854 3
90 902 3
90 921 6
90 989 4
90 993 5
90 1003 9
90 1033 3
90 1041 8
90 1110 5
90 1194 4
91 7 3
91 18 2
91 36 3
91 40 5
91 46 6
91 109 4
91 112 4
91 207 3
91 333 3
91 385 5
91 485 8
91 589 1
91 599 9
91 627 6
91 757 7
91 796 4
91 866 3
91 893 1
91 906 2
91 1100 4
92 211 7
92 344 7
92 351 4
92 476 3
92 655 4
92 726 7
92 999 5
93 1 3
93 146 5
93 269 5
93 374 6
93 401 6
93 407 5
93 518 1
93 574 6
93 607 5
93 680 7
93 695 4
93 696 4
93 731 4
93 763 2
93 782 7
93 842 6
93 856 6
93 880 3
93 916 4
93 941 5
93 970 6
93 973 8
93 1016 3
93 1034 5
93 1067 3
93 1075 3
93 1113 3
93 1153 8
93 1166 2
94 25 8
94 126 2
94 134 5
94 293 2
94 315 2
94 380 2
94 390 3
94 437 6
94 441 5
94 458 5
94 467 3
94 535 5
94 538 9
94 571 8
94 587 3
94 917 9
94 948 9
94 1019 8
94 1034 6
94 1108 3
94 1128 4
95 11 7
95 15 8
95 21 1
95 43 5
95 109 4
95 153 5
95 155 6
95 177 6
95 180 4
95 194 5
95 199 4
95 249 4
95 268 8
95 279 5
95 309 1
95 355 6
95 376 7
95 408 4
95 431 5
95 451 2
95 452 7
95 453 6
95 477 4
95 479 2
95 498 4
95 519 7
95 536 1
95 551 5
95 637 6
95 642 3
95 686 3
95 720 6
95 735 6
95 741 2
95 750 4
95 759 5
95 776 4
95 780 2
95 791 3
95 848 7
95 882 5
95 897 2
95 904 4
95 946 8
95 993 6
95 994 4
95 999 6
95 1001 10
95 1007 5
95 1083 5
95 1093 4
95 1097 1
95 1103 7
95 1116 3
95 1165 5
95 1191 6
96 27 3
96 76 4
96 134 4
96 174 5
96 208 1
96 257 7
96 288 2
96 374 8
96 386 4
96 435 3
96 464 3
96 540 3
96 578 7
96 604 1
96 661 7
96 665 5
96 704 5
96 710 9
96 887 4
96 914 4
96 1092 3
96 1101 4
96 1130 3
96 1135 7
96 1137 10
96 1187 5
97 33 3
97 81 3
97 99 8
97 285 3
97 345 2
97 346 6
97 443 5
97 584 6
97 825 8
97 857 6
97 938 5
97 1146 3
97 1196 6
98 93 5
98 102 8
98 225 3
98 252 4
98 285 3
98 300 3
98 356 5
98 383 5
98 444 10
98 458 5
98 505 8
98 507 3
98 515 3
98 546 6
98 624 6
98 713 4
98 755 6
98 763 3
98 774 4
98 885 8
98 887 6
98 1125 5
98 1167 2
98 1187 4
98 1188 5
98 1190 7
99 2 7
99 17 5
99 32 7
99 34 3
99 44 3
99 107 2
99 122 6
99 125 6
99 172 3
99 184 9
99 214 5
99 243 3
99 245 8
99 364 6
99 365 5
99 367 6
99 411 7
99 437 4
99 457 0
99 470 6
99 472 4
99 477 5
99 478 8
99 540 3
99 555 2
99 563 1
99 582 3
99 602 2
99 614 6
99 626 6
99 658 3
99 668 4
99 670 5
99 671 3
99 706 7
99 709 6
99 723 5
99 727 5
99 732 6
99 744 3
99 747 6
99 762 10
99 797 3
99 857 4
99 868 3
99 1025 7
99 1044 7
99 1045 5
99 1046 7
99 1053 3
99 1058 6
99 1137 8
99 1147 3
100 10 2
100 12 6
100 44 5
100 50 5
100 150 6
100 280 2
100 287 4
100 315 4
100 317 2
100 383 5
100 415 5
100 427 4
100 431 4
100 463 4
100 506 6
100 515 5
100 546 7
100 560 8
100 571 8
100 578 7
100 586 9
100 637 5
100 682 4
100 691 2
100 711 5
100 728 6
100 793 4
100 816 5
100 853 7
100 877 4
100 883 5
100 897 2
100 904 6
100 938 6
100 948 9
100 951 5
100 963 7
100 980 4
100 1001 8
100 1024 3
100 1048 5
100 1111 3
100 1141 5
100 1156 6
100 1170 7
100 1174 4
100 1182 6
100 1186 10
100 1188 5
101 158 6
101 305 0
101 459 5
101 495 4
101 619 1
101 651 5
101 769 6
101 1010 5
101 1066 9
102 20 3
102 371 4
102 832 1
102 888 7
103 9 6
103 82 5
103 92 10
103 125 8
103 144 0
103 179 1
103 234 7
103 277 9
103 296 5
103 313 9
103 334 3
103 531 2
103 590 6
103 625 8
103 666 5
103 689 3
103 786 5
103 798 2
103 813 5
103 903 5
103 1062 1
103 1106 6
103 1121 1
103 1145 0
103 1185 2
104 30 8
104 39 2
104 40 5
104 50 6
104 63 4
104 147 4
104 160 5
104 184 7
104 187 2
104 201 5
104 225 4
104 246 6
104 257 7
104 258 4
104 290 6
104 294 6
104 302 3
104 306 3
104 332 4
104 335 5
104 338 2
104 353 4
104 401 5
104 422 1
104 431 4
104 437 5
104 509 6
104 525 5
104 563 1
104 576 7
104 593 2
104 595 4
104 610 6
104 620 8
104 659 9
104 676 5
104 680 6
104 713 3
104 759 6
104 808 4
104 810 2
104 892 4
104 910 5
104 911 3
104 913 9
104 1025 8
104 1062 2
104 1079 8
104 1083 6
104 1087 6
104 1164 1
104 1174 5
104 1187 5
105 37 3
105 231 5
105 329 7
105 480 9
105 543 6
105 652 6
105 718 4
105 772 4
105 864 2
105 936 8
105 998 5
106 21 2
106 31 4
106 68 5
106 85 3
106 88 6
106 95 6
106 126 4
106 160 5
106 163 4
106 210 3
106 309 1
106 311 3
106 315 2
106 324 9
106 356 5
106 357 1
106 360 2
106 390 5
106 392 3
106 395 9
106 423 4
106 445 8
106 458 5
106 541 7
106 548 5
106 564 6
106 596 3
106 614 7
106 617 3
106 660 8
106 677 7
106 690 0
106 703 4
106 731 5
106 740 5
106 783 7
106 796 4
106 799 4
106 828 2
106 834 3
106 849 10
106 857 4
106 866 2
106 879 7
106 919 7
106 962 5
106 974 8
106 981 5
106 986 2
106 1008 2
106 1009 4
106 1043 6
106 1096 5
106 1125 6
106 1164 1
106 1166 2
106 1168 3
106 1172 6
106 1187 6
107 136 5
107 298 5
107 348 8
107 394 4
107 443 4
107 508 3
107 567 6
107 599 8
107 789 7
107 790 4
107 939 6
107 1136 2
107 1157 7
108 15 8
108 51 9
108 64 1
108 77 4
108 78 4
108 98 9
108 145 8
108 203 1
108 219 5
108 250 7
108 266 4
108 275 7
108 296 5
108 308 7
108 314 4
108 320 5
108 414 4
108 441 4
108 451 2
108 493 4
108 505 7
108 639 4
108 649 7
108 686 2
108 697 9
108 705 5
108 741 2
108 745 6
108 751 8
108 844 5
108 848 8
108 945 5
108 960 4
108 974 6
108 979 2
108 986 3
108 1027 10
108 1059 7
108 1078 5
108 1096 6
108 1122 5
108 1139 6
108 1150 7
108 1194 3
109 4 3
109 15 8
109 23 2
109 188 2
109 305 0
109 310 7
109 450 6
109 499 6
109 528 4
109 639 6
109 640 10
109 664 6
109 667 2
109 668 5
109 700 2
109 751 7
109 872 3
109 933 4
109 973 6
109 996 1
109 1002 4
109 1044 5
110 2 8
110 11 5
110 13 6
110 26 7
110 40 4
110 41 6
110 61 6
110 129 7
110 151 3
110 162 6
110 165 5
110 170 8
110 175 4
110 199 5
110 236 4
110 277 9
110 315 4
110 320 5
110 423 3
110 430 0
110 466 4
110 470 5
110 476 4
110 483 6
110 515 3
110 545 4
110 572 5
110 592 4
110 599 8
110 618 2
110 626 7
110 634 6
110 691 2
110 693 4
110 749 3
110 756 4
110 761 3
110 776 3
110 794 4
110 813 5
110 816 5
110 824 4
110 838 3
110 843 5
110 902 2
110 934 2
110 939 6
110 954 5
110 976 5
110 988 7
110 994 4
110 1062 1
110 1079 9
110 1088 6
110 1091 3
110 1094 7
110 1193 4
111 88 7
111 109 5
111 190 6
111 257 7
111 276 3
111 340 4
111 626 5
111 679 7
111 681 0
111 692 3
111 721 4
111 739 4
111 744 2
111 795 2
111 849 8
111 858 8
111 876 9
111 895 5
111 913 7
111 969 4
111 981 6
111 1079 10
111 1141 5
111 1152 3
111 1175 0
112 123 6
112 251 4
112 597 6
112 634 7
112 653 4
112 716 5
112 926 5
112 1051 2
113 0 7
113 53 7
113 65 8
113 206 4
113 233 2
113 299 7
113 367 7
113 563 3
113 660 8
113 710 9
113 793 6
113 814 7
113 821 4
113 860 8
113 946 7
113 955 6
113 1145 1
114 28 3
114 41 6
114 58 7
114 72 4
114 84 3
114 148 6
114 324 7
114 345 2
114 368 6
114 412 4
114 475 3
114 518 1
114 576 6
114 613 9
114 628 5
114 636 1
114 741 4
114 935 5
114 1004 4
114 1023 4
114 1088 5
114 1116 3
114 1159 5
114 1190 7
115 68 5
115 104 4
115 111 4
115 189 5
115 191 10
115 214 5
115 262 8
115 267 6
115 313 10
115 330 3
115 349 2
115 366 2
115 378 9
115 451 2
115 471 5
115 535 5
115 677 9
115 738 5
115 871 3
115 888 7
115 909 1
115 921 4
115 930 8
115 944 6
115 953 3
115 967 4
115 1021 5
115 1051 2
115 1055 8
115 1058 5
115 1070 2
116 11 6
116 23 3
116 57 4
116 79 4
116 96 3
116 117 4
116 126 2
116 141 3
116 151 4
116 155 7
116 173 5
116 219 5
116 243 4
116 254 5
116 262 9
116 341 4
116 398 3
116 405 3
116 440 6
116 456 4
116 460 8
116 509 5
116 566 3
116 595 4
116 627 7
116 638 5
116 650 7
116 653 6
116 654 7
116 665 5
116 689 3
116 707 6
116 724 5
116 728 5
116 747 6
116 766 4
116 770 6
116 782 5
116 796 4
116 799 4
116 800 5
116 897 3
116 903 3
116 940 8
116 957 5
116 1089 8
116 1128 4
116 1130 3
116 1154 5
117 1 2
117 35 2
117 96 4
117 122 6
117 127 4
117 166 6
117 184 9
117 213 6
117 223 8
117 227 1
117 278 6
117 286 6
117 310 6
117 323 6
117 339 7
117 341 4
117 343 7
117 369 4
117 391 5
117 393 9
117 395 8
117 404 2
117 481 7
117 492 3
117 519 6
117 520 7
117 526 7
117 644 5
117 698 3
117 738 6
117 790 5
117 818 6
117 825 7
117 893 1
117 918 2
117 972 5
117 1005 5
117 1026 5
117 1045 3
117 1056 3
117 1062 2
117 1065 5
117 1066 10
117 1074 8
117 1109 6
117 1115 5
117 1119 6
117 1140 2
117 1165 6
117 1172 8
117 1174 4
117 1196 6
118 6 5
118 60 6
118 71 8
118 88 6
118 100 8
118 129 7
118 198 7
118 200 5
118 214 5
118 228 5
118 240 4
118 277 7
118 297 5
118 337 5
118 463 6
118 472 2
118 491 8
118 527 6
118 566 5
118 569 4
118 609 7
118 626 7
118 642 5
118 658 3
118 738 6
118 806 5
118 878 3
118 922 5
118 948 9
118 985 3
118 997 10
118 1024 2
118 1070 1
118 1139 6
118 1152 3
119 46 7
119 233 3
119 234 7
119 309 1
119 513 3
119 568 1
119 570 4
119 633 7
119 678 3
119 738 6
119 836 4
119 861 7
119 941 4
119 1023 6
119 1037 6
119 1069 4
119 1157 5
