Seed: 1241539868
Researcher: 120
Papers: 2160
Edges: 5971
RDensity: None
minScore: 0
maxScore: 10
maxResearcherForPaper: None
maxPaperForResearcher: None
ToAssign: 300
0 65 7
0 69 7
0 79 4
0 96 5
0 101 2
0 118 7
0 121 5
0 138 2
0 150 2
0 170 4
0 187 9
0 196 4
0 229 2
0 235 6
0 250 7
0 362 3
0 434 4
0 436 8
0 451 5
0 485 7
0 538 7
0 588 5
0 656 0
0 672 7
0 683 8
0 686 7
0 705 5
0 733 7
0 749 8
0 755 3
0 770 5
0 772 8
0 785 1
0 790 4
0 807 2
0 815 5
0 838 3
0 866 2
0 893 8
0 901 8
0 909 4
0 930 7
0 931 5
0 953 3
0 992 4
0 995 10
0 1010 5
0 1024 3
0 1066 4
0 1071 9
0 1088 5
0 1138 3
0 1150 1
0 1164 3
0 1166 7
0 1236 2
0 1260 3
0 1317 3
0 1359 5
0 1386 9
0 1389 2
0 1396 3
0 1441 8
0 1476 6
0 1481 8
0 1495 5
0 1502 5
0 1552 3
0 1567 7
0 1570 6
0 1644 7
0 1664 2
0 1672 6
0 1674 6
0 1713 8
0 1719 3
0 1732 7
0 1753 9
0 1772 5
0 1782 4
0 1832 5
0 1833 5
0 1845 2
0 1856 9
0 1869 5
0 1885 2
0 1901 6
0 1904 4
0 1909 3
0 1922 5
0 1929 5
0 1931 5
0 2020 5
0 2055 7
0 2062 7
0 2077 8
0 2086 4
0 2087 2
0 2125 5
1 63 2
1 423 5
1 507 4
1 1064 6
1 1193 1
1 1337 3
1 1529 4
1 1538 4
1 1707 6
1 1749 3
2 105 6
2 108 5
2 176 5
2 291 4
2 395 6
2 721 4
2 747 3
2 770 7
2 865 5
2 1113 3
2 1342 3
2 1755 8
2 1855 2
2 1959 6
2 2019 7
3 113 7
3 191 6
3 261 4
3 283 5
3 288 4
3 356 2
3 362 3
3 367 4
3 419 8
3 431 3
3 454 9
3 456 3
3 462 3
3 473 6
3 476 3
3 524 6
3 532 8
3 539 7
3 552 5
3 572 5
3 575 2
3 597 6
3 692 6
3 701 7
3 753 2
3 800 3
3 887 3
3 966 7
3 1015 7
3 1187 5
3 1207 5
3 1245 7
3 1268 6
3 1283 9
3 1287 8
3 1428 4
3 1499 6
3 1500 5
3 1515 5
3 1568 3
3 1572 5
3 1574 0
3 1635 1
3 1662 2
3 1713 6
3 1764 4
3 1966 4
3 1991 9
3 2012 8
3 2049 5
3 2089 2
3 2120 3
4 44 9
4 122 6
4 144 2
4 196 5
4 216 7
4 260 2
4 306 3
4 319 4
4 374 6
4 401 5
4 413 4
4 559 3
4 644 5
4 662 2
4 669 9
4 673 6
4 677 5
4 825 5
4 926 4
4 927 5
4 958 7
4 1029 4
4 1087 2
4 1127 4
4 1159 4
4 1165 8
4 1231 2
4 1277 4
4 1282 3
4 1302 5
4 1306 1
4 1317 2
4 1321 5
4 1350 2
4 1406 7
4 1482 9
4 1487 5
4 1509 6
4 1533 6
4 1568 5
4 1578 6
4 1716 4
4 1732 9
4 1755 9
4 1797 7
4 1830 7
4 1901 6
4 1942 6
4 1951 6
4 1964 8
4 2044 4
4 2075 5
4 2102 7
4 2125 5
4 2127 7
5 165 0
5 177 5
5 232 8
5 289 5
5 344 4
5 430 5
5 517 6
5 571 6
5 715 4
5 815 5
5 931 6
5 952 7
5 1213 7
5 1241 10
5 1244 8
5 1380 7
5 1429 5
5 1511 4
5 1668 6
5 1718 5
5 1795 7
5 1883 6
5 1896 5
5 1986 4
5 2000 5
5 2014 8
5 2021 3
5 2024 4
5 2138 3
5 2155 4
6 11 3
6 94 6
6 105 5
6 109 6
6 114 10
6 137 4
6 172 4
6 225 7
6 284 1
6 312 4
6 329 4
6 357 6
6 370 7
6 435 5
6 483 2
6 535 7
6 581 9
6 629 5
6 664 6
6 671 3
6 723 2
6 736 7
6 803 4
6 811 8
6 820 2
6 826 5
6 875 6
6 882 5
6 1062 3
6 1065 7
6 1091 3
6 1097 5
6 1103 4
6 1116 4
6 1132 8
6 1188 5
6 1215 7
6 1300 3
6 1318 9
6 1335 5
6 1403 4
6 1438 10
6 1483 8
6 1500 6
6 1533 7
6 1602 3
6 1607 6
6 1635 2
6 1654 3
6 1657 6
6 1668 5
6 1733 5
6 1776 4
6 1787 2
6 1834 1
6 1891 4
6 1941 4
6 1975 4
6 2083 5
6 2115 6
6 2149 6
7 13 2
7 19 7
7 22 5
7 32 7
7 75 6
7 77 9
7 89 4
7 128 4
7 137 5
7 193 5
7 227 8
7 230 2
7 276 3
7 318 3
7 326 3
7 331 6
7 365 7
7 378 4
7 382 0
7 401 7
7 403 4
7 440 5
7 457 6
7 465 4
7 473 6
7 479 7
7 496 2
7 504 3
7 507 3
7 530 3
7 545 5
7 592 4
7 630 5
7 645 5
7 675 8
7 710 4
7 727 8
7 781 4
7 825 4
7 885 0
7 898 2
7 955 7
7 1000 9
7 1013 3
7 1023 7
7 1034 8
7 1043 4
7 1066 6
7 1086 4
7 1094 4
7 1098 6
7 1111 3
7 1126 5
7 1138 4
7 1161 6
7 1202 7
7 1206 4
7 1228 5
7 1229 7
7 1259 7
7 1272 7
7 1291 6
7 1292 7
7 1296 6
7 1307 2
7 1316 2
7 1319 9
7 1331 6
7 1413 2
7 1490 4
7 1495 5
7 1536 6
7 1546 4
7 1547 3
7 1575 6
7 1595 5
7 1630 2
7 1710 4
7 1742 9
7 1784 3
7 1809 6
7 1812 2
7 1839 7
7 1858 2
7 1871 7
7 1914 5
7 1959 5
7 1979 4
7 1998 5
7 2021 3
7 2035 4
7 2047 4
7 2063 5
7 2083 4
8 93 4
8 113 6
8 199 0
8 224 3
8 273 6
8 294 5
8 320 1
8 329 5
8 385 3
8 447 4
8 452 9
8 552 5
8 561 7
8 575 4
8 581 9
8 593 0
8 778 3
8 793 6
8 802 3
8 816 3
8 821 4
8 887 5
8 971 2
8 1013 5
8 1052 6
8 1076 5
8 1110 6
8 1280 9
8 1290 6
8 1303 5
8 1342 5
8 1356 0
8 1415 5
8 1418 7
8 1435 7
8 1535 6
8 1536 7
8 1565 1
8 1772 5
8 1795 7
8 1828 4
8 1884 4
8 1914 4
8 1989 4
8 1999 4
8 2036 6
8 2041 7
9 24 6
9 174 3
10 2 4
10 5 3
10 45 6
10 57 3
10 98 2
10 106 4
10 142 6
10 178 4
10 200 6
10 208 3
10 233 7
10 236 6
10 249 2
10 274 4
10 315 3
10 324 7
10 344 4
10 362 4
10 368 10
10 376 5
10 401 5
10 424 2
10 435 6
10 450 7
10 486 3
10 525 2
10 552 5
10 579 6
10 594 7
10 598 2
10 643 3
10 704 3
10 732 5
10 815 5
10 857 7
10 868 8
10 931 7
10 945 3
10 968 2
10 974 4
10 993 8
10 1021 6
10 1026 6
10 1088 5
10 1108 9
10 1133 2
10 1154 7
10 1173 4
10 1174 5
10 1220 3
10 1276 7
10 1291 6
10 1305 4
10 1308 9
10 1315 3
10 1381 10
10 1386 8
10 1411 6
10 1442 5
10 1443 3
10 1446 6
10 1453 3
10 1470 4
10 1555 5
10 1578 7
10 1608 8
10 1609 9
10 1610 5
10 1627 1
10 1666 4
10 1679 7
10 1706 8
10 1726 7
10 1739 7
10 1766 8
10 1767 5
10 1779 7
10 1810 5
10 1840 3
10 1859 2
10 1869 5
10 1887 5
10 1895 5
10 1907 1
10 1913 3
10 1918 5
10 1951 4
10 1962 6
10 1994 7
10 2018 4
10 2023 6
10 2034 7
10 2072 2
10 2093 1
10 2095 1
10 2140 3
10 2156 8
11 134 6
11 261 3
11 457 5
11 524 5
11 851 5
11 1172 8
11 1263 6
11 1322 0
11 1377 2
11 1427 3
11 1566 5
11 1787 2
12 419 7
12 455 2
12 537 0
12 1848 6
12 2070 4
13 79 6
13 111 4
13 122 5
13 130 3
13 137 6
13 168 0
13 182 1
13 215 4
13 218 6
13 297 2
13 308 5
13 321 6
13 336 2
13 344 3
13 356 3
13 445 5
13 448 0
13 491 9
13 523 8
13 570 5
13 612 6
13 661 4
13 815 6
13 855 7
13 911 2
13 1001 7
13 1032 3
13 1099 9
13 1160 6
13 1208 3
13 1216 8
13 1329 3
13 1390 1
13 1459 8
13 1540 1
13 1595 5
13 1698 10
13 1759 1
13 1858 3
13 1860 6
13 1926 3
13 1991 7
13 2027 5
13 2038 7
13 2058 6
13 2126 7
14 0 7
14 75 6
14 98 1
14 119 6
14 166 3
14 192 3
14 208 4
14 325 6
14 343 6
14 363 2
14 365 8
14 390 6
14 391 8
14 480 8
14 505 6
14 613 5
14 738 3
14 765 2
14 899 6
14 958 6
14 1003 6
14 1012 2
14 1037 6
14 1039 6
14 1042 10
14 1099 9
14 1121 3
14 1195 6
14 1201 5
14 1213 8
14 1216 6
14 1252 3
14 1277 4
14 1283 7
14 1308 9
14 1331 4
14 1428 4
14 1460 4
14 1479 6
14 1501 5
14 1507 5
14 1590 6
14 1596 6
14 1625 5
14 1663 7
14 1688 6
14 1692 8
14 1706 6
14 1717 10
14 1752 4
14 1789 6
14 1798 6
14 1828 5
14 1835 3
14 1871 8
14 1873 7
14 1942 5
14 2006 5
14 2055 6
14 2069 2
14 2136 6
15 20 2
15 46 8
15 74 7
15 77 9
15 92 7
15 163 6
15 191 6
15 341 4
15 355 6
15 431 4
15 440 4
15 548 7
15 739 1
15 748 5
15 780 2
15 999 5
15 1020 5
15 1137 5
15 1209 4
15 1245 7
15 1286 4
15 1348 1
15 1352 7
15 1566 6
15 1568 3
15 1571 1
15 1600 5
15 1655 4
15 1672 7
15 1695 8
15 1729 7
15 1734 5
15 1835 4
15 1840 3
15 1845 0
15 1890 6
15 1934 8
15 1981 8
15 2017 6
15 2036 6
15 2057 5
15 2077 9
15 2080 2
15 2118 3
16 32 7
16 39 7
16 80 4
16 186 6
16 200 5
16 228 3
16 241 1
16 277 6
16 283 5
16 290 5
16 315 5
16 317 6
16 332 8
16 368 8
16 390 5
16 451 6
16 461 6
16 469 6
16 473 6
16 488 1
16 527 5
16 538 8
16 560 5
16 637 1
16 644 5
16 686 7
16 747 4
16 776 3
16 784 6
16 854 2
16 890 3
16 952 7
16 1037 7
16 1049 7
16 1058 4
16 1079 2
16 1084 6
16 1145 8
16 1154 6
16 1209 6
16 1233 3
16 1331 5
16 1358 4
16 1371 5
16 1379 6
16 1427 4
16 1463 6
16 1486 5
16 1503 4
16 1507 5
16 1521 6
16 1526 5
16 1573 8
16 1590 5
16 1596 8
16 1605 2
16 1723 5
16 1786 4
16 1831 5
16 1876 5
16 1880 8
16 1908 5
16 1966 6
16 2043 7
16 2058 6
16 2142 4
16 2153 3
17 161 5
17 216 7
17 245 4
17 251 1
17 252 5
17 295 4
17 297 4
17 340 6
17 353 6
17 389 2
17 412 7
17 424 4
17 440 3
17 458 4
17 470 2
17 522 7
17 537 1
17 550 7
17 551 5
17 561 7
17 568 3
17 591 5
17 625 3
17 637 0
17 689 4
17 698 2
17 812 7
17 814 4
17 830 10
17 833 5
17 874 5
17 943 5
17 981 6
17 989 6
17 1038 3
17 1064 6
17 1074 4
17 1156 3
17 1165 8
17 1223 6
17 1235 9
17 1248 3
17 1266 4
17 1271 7
17 1299 7
17 1338 4
17 1341 6
17 1370 5
17 1401 6
17 1477 5
17 1573 8
17 1574 1
17 1594 6
17 1610 3
17 1643 6
17 1664 3
17 1665 2
17 1668 5
17 1708 3
17 1717 10
17 1766 8
17 1769 2
17 1795 8
17 1796 4
17 1822 6
17 1847 7
17 1874 7
17 1937 4
17 2065 5
17 2097 7
17 2105 4
18 15 2
18 27 6
18 36 5
18 154 5
18 173 7
18 186 7
18 208 3
18 325 7
18 351 3
18 466 6
18 727 8
18 788 7
18 828 5
18 840 5
18 889 3
18 1135 4
18 1230 3
18 1239 7
18 1333 3
18 1656 3
18 1709 7
18 1752 5
18 1760 10
18 1989 6
18 2031 5
19 1369 5
19 2098 6
20 11 3
20 34 7
20 103 4
20 153 3
20 164 5
20 200 5
20 201 3
20 245 3
20 271 6
20 278 9
20 321 7
20 328 0
20 333 4
20 356 3
20 374 4
20 406 8
20 443 4
20 464 8
20 486 3
20 512 8
20 655 5
20 683 8
20 708 5
20 734 5
20 751 6
20 770 7
20 797 8
20 803 2
20 819 7
20 892 3
20 897 5
20 931 6
20 941 8
20 956 5
20 976 7
20 982 6
20 1041 4
20 1058 4
20 1092 3
20 1111 4
20 1129 8
20 1170 8
20 1238 9
20 1339 8
20 1345 8
20 1366 4
20 1483 8
20 1514 5
20 1575 6
20 1597 4
20 1637 5
20 1652 5
20 1677 4
20 1702 7
20 1727 6
20 1735 6
20 1736 0
20 1765 4
20 1787 4
20 1794 2
20 1823 3
20 1850 6
20 1880 8
20 1955 5
20 2000 4
20 2014 6
20 2066 8
20 2141 4
21 255 2
21 623 2
21 692 6
21 694 4
21 714 5
21 912 1
21 916 6
21 1072 5
21 1111 4
21 1162 2
21 1210 1
21 1300 4
21 1385 6
21 1414 3
21 1680 4
21 1718 5
21 1864 9
21 1876 4
21 1954 4
22 9 4
22 27 7
22 53 5
22 59 4
22 100 3
22 109 4
22 110 4
22 137 6
22 167 4
22 170 5
22 180 6
22 197 3
22 217 8
22 237 7
22 239 4
22 253 8
22 272 3
22 279 5
22 362 3
22 403 5
22 414 5
22 439 1
22 464 6
22 497 8
22 541 3
22 546 7
22 554 6
22 569 5
22 588 5
22 600 4
22 632 5
22 633 6
22 660 7
22 665 6
22 671 2
22 682 5
22 687 4
22 691 5
22 726 6
22 729 10
22 765 2
22 775 7
22 812 7
22 817 2
22 872 5
22 903 8
22 942 3
22 974 5
22 978 0
22 983 7
22 1018 8
22 1045 5
22 1128 5
22 1165 7
22 1170 9
22 1180 5
22 1197 8
22 1203 3
22 1217 5
22 1287 7
22 1296 4
22 1297 4
22 1319 9
22 1332 2
22 1338 4
22 1347 2
22 1368 10
22 1383 8
22 1385 6
22 1392 6
22 1417 7
22 1429 7
22 1435 8
22 1458 7
22 1463 6
22 1517 3
22 1546 4
22 1595 4
22 1602 4
22 1630 2
22 1709 5
22 1789 4
22 1796 6
22 1799 4
22 1825 4
22 1843 6
22 1864 10
22 1866 6
22 1874 8
22 1881 6
22 1886 6
22 1898 3
22 1909 2
22 1961 6
22 1964 10
22 1993 4
22 2015 7
22 2031 6
22 2032 4
22 2067 5
22 2138 4
22 2159 0
23 26 2
23 34 6
23 36 5
23 46 8
23 133 9
23 219 4
23 290 6
23 347 4
23 361 7
23 367 2
23 368 8
23 389 3
23 417 3
23 499 6
23 549 8
23 573 7
23 587 4
23 601 6
23 612 8
23 622 7
23 625 3
23 642 7
23 667 7
23 674 7
23 702 1
23 708 3
23 720 9
23 808 4
23 871 6
23 881 2
23 887 5
23 930 6
23 995 10
23 1079 2
23 1126 3
23 1136 2
23 1233 1
23 1239 5
23 1247 6
23 1265 3
23 1277 3
23 1288 9
23 1317 2
23 1359 7
23 1383 8
23 1397 4
23 1409 4
23 1430 4
23 1447 8
23 1475 5
23 1509 8
23 1544 4
23 1548 3
23 1550 6
23 1561 4
23 1635 3
23 1641 7
23 1642 5
23 1660 5
23 1684 4
23 1698 10
23 1837 7
23 1849 8
23 1860 4
23 2045 6
23 2046 8
23 2047 4
23 2059 4
23 2088 5
23 2096 7
23 2115 6
23 2154 5
24 12 6
24 15 2
24 41 6
24 59 5
24 68 6
24 70 8
24 95 10
24 119 5
24 173 8
24 234 3
24 244 3
24 246 9
24 254 6
24 265 5
24 272 4
24 315 5
24 373 7
24 374 4
24 409 7
24 430 6
24 488 2
24 496 4
24 564 5
24 592 2
24 594 9
24 636 5
24 640 5
24 642 6
24 672 6
24 735 6
24 758 8
24 820 1
24 848 4
24 947 7
24 1044 5
24 1047 2
24 1077 6
24 1078 5
24 1079 2
24 1086 3
24 1090 10
24 1133 2
24 1134 4
24 1140 4
24 1157 6
24 1169 4
24 1221 3
24 1260 4
24 1317 3
24 1358 6
24 1359 7
24 1367 3
24 1495 4
24 1519 5
24 1521 7
24 1550 7
24 1604 5
24 1629 2
24 1956 1
24 2006 5
24 2068 3
24 2138 4
25 64 5
25 149 9
25 330 3
25 811 7
25 1080 4
25 1182 8
25 1434 3
26 82 3
26 245 3
26 282 5
26 334 1
26 363 4
26 379 4
26 453 5
26 481 7
26 545 7
26 792 8
26 966 5
26 972 7
26 980 6
26 1139 5
26 1174 4
26 1226 8
26 1235 9
26 1271 7
26 1278 5
26 1422 7
26 1434 2
26 1471 9
26 1498 5
26 1532 0
26 1667 4
26 1710 6
26 1721 3
26 1744 6
26 1746 6
26 1782 6
26 1786 2
26 1810 5
26 1837 7
26 1978 5
26 2036 7
26 2037 5
26 2128 5
27 49 6
27 54 6
27 61 1
27 96 5
27 106 4
27 136 6
27 138 4
27 148 5
27 152 3
27 169 8
27 195 6
27 207 6
27 258 3
27 269 7
27 274 4
27 275 6
27 328 0
27 338 3
27 377 7
27 404 7
27 421 4
27 422 4
27 447 3
27 466 4
27 503 4
27 519 5
27 531 6
27 564 7
27 607 3
27 641 9
27 646 4
27 654 4
27 679 5
27 710 4
27 717 5
27 811 8
27 818 2
27 839 6
27 878 3
27 897 5
27 908 4
27 923 3
27 925 7
27 947 7
27 970 2
27 972 8
27 977 10
27 1031 10
27 1048 6
27 1063 3
27 1081 1
27 1086 3
27 1096 9
27 1098 8
27 1108 7
27 1164 2
27 1201 3
27 1214 2
27 1238 9
27 1261 3
27 1302 6
27 1315 3
27 1321 5
27 1329 4
27 1431 7
27 1432 5
27 1441 8
27 1445 9
27 1449 4
27 1480 3
27 1484 9
27 1508 0
27 1511 3
27 1568 4
27 1573 9
27 1617 6
27 1618 8
27 1646 9
27 1659 8
27 1701 5
27 1713 7
27 1718 4
27 1719 3
27 1753 10
27 1773 5
27 1799 3
27 1850 4
27 1866 8
27 1867 5
27 1871 6
27 1897 2
27 1902 4
27 1911 5
27 1965 10
27 2012 9
27 2014 7
27 2021 3
27 2030 4
27 2078 2
27 2080 2
27 2131 2
27 2150 4
28 49 5
28 449 4
28 818 2
28 957 6
28 1066 6
28 1146 7
28 1877 6
28 2073 5
29 14 5
29 50 4
29 64 7
29 100 4
29 117 4
29 296 5
29 347 5
29 349 3
29 383 7
29 408 6
29 495 6
29 509 5
29 514 2
29 582 4
29 591 5
29 700 4
29 707 5
29 717 4
29 777 3
29 793 6
29 797 9
29 888 4
29 938 4
29 1010 4
29 1056 8
29 1273 4
29 1284 3
29 1356 0
29 1377 3
29 1383 7
29 1452 2
29 1563 5
29 1574 0
29 1599 6
29 1641 7
29 1775 8
29 1953 4
29 1998 5
29 2003 6
29 2054 7
29 2074 8
29 2089 3
30 669 7
30 716 3
30 1064 4
30 1076 6
30 1153 4
30 1171 4
30 1261 4
30 1635 1
30 1717 10
30 1728 7
30 1852 5
30 1950 3
30 1977 7
31 0 7
31 43 7
31 50 2
31 69 6
31 158 5
31 178 3
31 198 4
31 262 6
31 264 8
31 289 7
31 329 4
31 364 6
31 402 8
31 417 4
31 420 4
31 471 4
31 527 3
31 577 7
31 612 7
31 617 5
31 647 6
31 657 4
31 700 5
31 755 4
31 764 6
31 829 6
31 833 5
31 906 7
31 940 5
31 1000 9
31 1009 4
31 1016 8
31 1057 4
31 1063 4
31 1069 4
31 1081 2
31 1089 10
31 1126 4
31 1135 4
31 1138 3
31 1150 2
31 1177 6
31 1262 8
31 1287 6
31 1313 1
31 1314 6
31 1322 0
31 1404 5
31 1409 5
31 1422 5
31 1440 4
31 1489 6
31 1514 4
31 1556 5
31 1583 3
31 1622 1
31 1631 3
31 1669 4
31 1690 4
31 1695 8
31 1719 4
31 1765 4
31 1798 7
31 1800 6
31 1812 3
31 1892 7
31 1923 7
31 1958 5
31 2002 2
31 2017 8
31 2047 6
31 2054 5
31 2062 7
31 2080 2
31 2085 2
32 35 4
32 70 9
32 309 4
32 349 3
32 382 0
32 398 6
32 410 4
32 544 1
32 572 4
32 628 3
32 668 7
32 730 9
32 807 1
32 900 4
32 917 4
32 932 4
32 1130 5
32 1234 3
32 1331 6
32 1338 5
32 1466 0
32 1531 5
32 1596 7
32 1674 6
32 1974 7
33 19 5
33 47 6
33 130 4
33 166 4
33 167 5
33 171 5
33 180 5
33 252 6
33 299 1
33 301 10
33 338 2
33 362 3
33 393 0
33 439 3
33 470 2
33 492 6
33 511 7
33 521 6
33 580 3
33 618 5
33 620 7
33 681 6
33 694 6
33 703 7
33 737 4
33 802 3
33 825 4
33 840 5
33 841 8
33 887 4
33 933 6
33 990 3
33 1001 6
33 1035 3
33 1045 3
33 1061 6
33 1085 5
33 1086 4
33 1087 2
33 1097 5
33 1130 4
33 1169 4
33 1238 9
33 1271 7
33 1297 3
33 1319 8
33 1349 5
33 1358 4
33 1368 10
33 1371 5
33 1388 4
33 1390 1
33 1447 9
33 1455 2
33 1508 0
33 1534 5
33 1540 2
33 1573 7
33 1587 3
33 1606 3
33 1617 7
33 1706 7
33 1737 5
33 1750 6
33 1769 1
33 1789 4
33 1879 5
33 1938 5
33 1942 7
33 1957 7
33 1974 6
33 1990 5
33 1998 4
33 2006 4
33 2010 8
33 2016 2
33 2024 6
33 2076 2
33 2113 4
33 2137 3
34 45 5
34 63 2
34 70 9
34 77 8
34 99 4
34 208 4
34 214 6
34 218 6
34 303 6
34 318 3
34 321 5
34 327 5
34 336 2
34 455 2
34 518 3
34 520 5
34 560 4
34 585 5
34 639 3
34 645 5
34 706 7
34 760 10
34 779 5
34 813 4
34 814 6
34 815 6
34 973 4
34 1045 3
34 1084 7
34 1116 3
34 1122 6
34 1134 4
34 1146 7
34 1223 6
34 1272 5
34 1381 10
34 1391 10
34 1396 3
34 1402 5
34 1446 5
34 1485 4
34 1508 0
34 1512 3
34 1516 5
34 1525 8
34 1528 2
34 1541 4
34 1569 5
34 1641 5
34 1661 6
34 1681 3
34 1685 1
34 1691 2
34 1693 2
34 1707 6
34 1796 4
34 1816 3
34 1817 2
34 1839 7
34 1861 0
34 1927 3
34 1938 5
34 1944 4
34 1966 6
34 1996 8
34 2033 4
34 2043 8
34 2052 5
34 2078 0
34 2082 5
34 2092 3
34 2146 8
34 2152 3
35 26 2
35 155 6
35 397 7
35 500 1
35 507 2
35 626 5
35 655 4
35 717 5
35 768 7
35 790 6
35 987 6
35 1001 6
35 1118 8
35 1214 4
35 1227 6
35 1264 4
35 1317 2
35 1327 7
35 1332 1
35 1540 2
35 1598 5
35 1688 8
35 1713 7
35 1748 10
35 1777 6
35 1916 3
35 1947 7
35 1970 3
35 1997 5
35 2064 8
35 2080 3
35 2132 5
36 94 4
36 260 2
36 278 9
36 309 6
36 326 3
36 392 1
36 402 6
36 413 3
36 427 4
36 468 7
36 474 6
36 477 7
36 503 2
36 667 7
36 738 3
36 814 5
36 831 2
36 882 5
36 910 6
36 939 4
36 1008 4
36 1163 3
36 1200 4
36 1218 3
36 1264 4
36 1301 3
36 1308 10
36 1349 3
36 1520 2
36 1604 6
36 1632 2
36 1654 3
36 1673 8
36 1685 1
36 1754 6
36 1764 5
36 1779 7
36 1830 5
36 1853 6
36 2084 4
36 2092 3
37 58 1
37 60 6
37 79 6
37 102 2
37 107 4
37 110 3
37 180 5
37 219 4
37 235 5
37 238 1
37 311 3
37 321 7
37 323 5
37 332 7
37 364 5
37 387 5
37 402 8
37 430 5
37 435 5
37 473 5
37 557 10
37 571 6
37 593 1
37 600 4
37 603 1
37 614 7
37 650 4
37 682 5
37 685 4
37 767 7
37 780 2
37 787 7
37 823 6
37 835 5
37 854 0
37 919 3
37 943 6
37 949 5
37 961 2
37 976 7
37 999 4
37 1011 6
37 1063 2
37 1082 4
37 1092 4
37 1203 5
37 1204 7
37 1237 8
37 1245 6
37 1252 2
37 1302 5
37 1374 4
37 1397 6
37 1424 2
37 1425 5
37 1502 4
37 1517 4
37 1572 4
37 1614 4
37 1667 4
37 1697 5
37 1714 7
37 1765 5
37 1772 4
37 1843 5
37 1867 6
37 1878 9
37 1898 5
37 1933 5
37 1965 9
37 1967 2
37 1976 9
37 2014 8
37 2054 5
37 2073 5
37 2074 7
37 2081 2
37 2126 6
38 63 3
38 81 6
38 147 5
38 210 6
38 221 8
38 222 7
38 239 6
38 278 7
38 398 7
38 410 2
38 437 4
38 448 1
38 465 4
38 518 3
38 519 4
38 527 4
38 536 5
38 592 4
38 627 4
38 667 6
38 690 4
38 739 0
38 785 0
38 892 4
38 918 7
38 927 5
38 952 8
38 972 8
38 995 9
38 997 5
38 1028 8
38 1056 8
38 1076 7
38 1158 4
38 1171 5
38 1268 6
38 1355 3
38 1370 4
38 1391 10
38 1403 3
38 1452 2
38 1473 1
38 1550 7
38 1605 4
38 1769 1
38 1911 3
38 1941 2
38 2009 7
38 2023 8
38 2076 2
39 635 5
39 921 6
39 1092 4
39 1452 3
40 178 4
40 187 10
40 484 0
40 542 4
40 651 0
40 655 6
40 1016 7
40 1210 1
40 1217 6
40 1412 4
40 1517 4
40 1595 5
40 1596 8
40 1693 1
40 1908 4
40 1947 7
40 2106 4
41 28 4
41 42 7
41 67 7
41 100 3
41 139 8
41 169 9
41 176 4
41 192 3
41 220 7
41 221 7
41 317 5
41 342 4
41 354 6
41 394 6
41 402 6
41 408 5
41 413 4
41 417 3
41 450 6
41 456 2
41 461 7
41 469 6
41 488 2
41 499 7
41 501 3
41 528 5
41 622 7
41 644 4
41 706 7
41 803 4
41 810 4
41 855 7
41 895 3
41 941 8
41 964 5
41 967 4
41 1014 5
41 1016 6
41 1018 8
41 1026 4
41 1033 1
41 1050 4
41 1082 2
41 1120 4
41 1144 5
41 1157 6
41 1187 5
41 1229 7
41 1247 7
41 1260 4
41 1266 4
41 1269 6
41 1272 5
41 1286 5
41 1289 6
41 1293 7
41 1294 2
41 1335 7
41 1420 5
41 1432 5
41 1436 5
41 1437 7
41 1441 6
41 1450 3
41 1479 4
41 1490 4
41 1566 6
41 1615 6
41 1639 2
41 1659 8
41 1675 8
41 1680 6
41 1692 8
41 1747 9
41 1783 7
41 1831 4
41 1881 6
41 1911 4
41 1913 5
41 1928 4
41 1932 0
41 1951 6
41 1990 6
41 2009 7
41 2069 2
41 2132 6
41 2154 5
41 2158 4
42 56 2
42 104 6
42 113 8
42 120 5
42 141 6
42 298 6
42 341 3
42 413 5
42 463 3
42 511 9
42 771 6
42 884 4
42 886 6
42 888 3
42 955 6
42 958 7
42 1001 6
42 1050 2
42 1058 6
42 1078 5
42 1115 6
42 1192 4
42 1210 0
42 1255 3
42 1350 2
42 1358 4
42 1379 6
42 1568 3
42 1573 7
42 1600 5
42 1719 2
42 1741 6
42 1747 8
42 1919 1
42 1969 3
42 1981 9
42 2112 7
42 2145 8
42 2159 0
43 33 3
43 106 4
43 120 5
43 227 8
43 361 7
43 371 2
43 418 5
43 572 5
43 644 3
43 713 5
43 791 5
43 812 6
43 835 3
43 1032 3
43 1038 2
43 1040 4
43 1451 6
43 1501 5
43 1526 5
43 1575 7
43 1584 3
43 1605 3
43 1957 7
43 1958 3
43 2103 1
44 25 7
44 62 5
44 63 3
44 78 6
44 89 3
44 113 7
44 117 6
44 132 5
44 185 5
44 205 3
44 243 7
44 328 0
44 338 2
44 347 4
44 365 8
44 394 6
44 395 6
44 398 7
44 408 4
44 424 4
44 428 10
44 448 2
44 454 10
44 457 6
44 465 4
44 474 7
44 475 6
44 502 6
44 505 6
44 526 9
44 553 6
44 592 2
44 610 7
44 638 7
44 640 6
44 651 2
44 716 3
44 750 4
44 756 8
44 816 5
44 874 5
44 894 6
44 944 4
44 987 5
44 1037 7
44 1071 8
44 1074 3
44 1101 6
44 1108 9
44 1111 4
44 1113 4
44 1218 4
44 1241 10
44 1256 4
44 1273 5
44 1276 7
44 1284 3
44 1289 8
44 1357 3
44 1393 8
44 1408 2
44 1437 6
44 1459 8
44 1481 7
44 1486 6
44 1512 3
44 1532 0
44 1533 8
44 1534 5
44 1536 7
44 1539 9
44 1555 6
44 1577 5
44 1605 3
44 1639 1
44 1684 3
44 1689 8
44 1695 8
44 1722 5
44 1738 8
44 1751 2
44 1752 5
44 1803 4
44 1815 6
44 1828 5
44 1833 4
44 1890 7
44 1910 5
44 1923 8
44 1931 3
44 1993 2
44 2042 2
44 2082 5
44 2129 6
44 2137 3
45 25 7
45 30 4
45 84 4
45 99 4
45 104 4
45 111 5
45 117 4
45 130 5
45 143 2
45 167 3
45 173 7
45 204 6
45 225 9
45 233 7
45 296 4
45 302 3
45 311 4
45 335 3
45 342 4
45 345 4
45 373 6
45 425 1
45 442 5
45 471 2
45 543 5
45 580 5
45 606 8
45 619 8
45 636 5
45 712 3
45 734 4
45 747 4
45 757 6
45 824 6
45 871 6
45 920 7
45 936 6
45 960 6
45 1000 9
45 1029 6
45 1038 2
45 1144 6
45 1149 3
45 1202 5
45 1260 5
45 1262 6
45 1266 3
45 1295 4
45 1351 1
45 1355 3
45 1358 4
45 1360 8
45 1408 0
45 1411 5
45 1420 5
45 1424 1
45 1437 6
45 1472 2
45 1475 5
45 1499 6
45 1501 4
45 1514 3
45 1536 8
45 1558 7
45 1575 6
45 1584 4
45 1691 3
45 1693 1
45 1764 5
45 1901 7
45 1945 7
45 2008 4
45 2037 4
45 2060 2
45 2061 8
45 2065 7
45 2071 3
45 2103 2
46 8 6
46 12 6
46 44 9
46 108 4
46 109 5
46 121 5
46 127 7
46 143 2
46 227 6
46 279 4
46 284 0
46 313 3
46 376 5
46 416 6
46 419 6
46 433 9
46 471 3
46 485 5
46 489 2
46 497 6
46 501 3
46 531 4
46 533 2
46 541 3
46 542 2
46 592 2
46 619 7
46 681 5
46 697 6
46 742 4
46 783 5
46 845 3
46 859 4
46 860 3
46 894 5
46 904 7
46 911 4
46 979 6
46 1044 4
46 1053 5
46 1097 6
46 1099 9
46 1111 4
46 1150 1
46 1215 7
46 1260 5
46 1263 8
46 1291 6
46 1310 2
46 1368 10
46 1382 5
46 1411 4
46 1419 5
46 1434 4
46 1440 5
46 1462 6
46 1472 1
46 1474 5
46 1509 7
46 1529 3
46 1540 2
46 1580 4
46 1587 3
46 1638 6
46 1640 5
46 1676 6
46 1702 8
46 1717 10
46 1760 8
46 1862 4
46 1871 6
46 1917 5
46 1987 1
46 2014 6
46 2020 4
46 2058 5
46 2089 2
46 2101 4
46 2108 4
46 2113 3
46 2119 0
46 2122 6
46 2132 5
47 20 2
47 43 7
47 44 8
47 83 4
47 147 4
47 156 5
47 226 3
47 247 4
47 403 4
47 426 3
47 445 4
47 514 0
47 574 6
47 769 7
47 793 7
47 805 2
47 855 8
47 860 5
47 1008 4
47 1159 4
47 1201 5
47 1283 9
47 1313 2
47 1368 8
47 1398 9
47 1436 5
47 1466 0
47 1501 3
47 1542 8
47 1579 8
47 1663 5
47 1739 6
47 1744 6
47 1795 7
47 1824 5
47 1966 4
47 1981 7
47 1999 4
47 2018 5
47 2022 7
47 2071 4
47 2123 3
48 8 7
48 9 4
48 105 6
48 115 3
48 129 10
48 145 9
48 158 4
48 163 7
48 178 2
48 179 8
48 185 5
48 213 5
48 240 0
48 243 8
48 244 4
48 260 2
48 280 5
48 281 9
48 292 7
48 311 2
48 317 6
48 318 2
48 390 7
48 410 4
48 436 7
48 479 8
48 485 5
48 503 2
48 569 4
48 580 5
48 593 0
48 596 6
48 610 5
48 626 7
48 632 4
48 633 7
48 720 7
48 753 1
48 757 4
48 760 9
48 782 5
48 827 5
48 886 7
48 890 3
48 905 5
48 910 4
48 915 4
48 949 6
48 959 6
48 966 6
48 979 5
48 1008 2
48 1055 0
48 1068 0
48 1082 3
48 1086 3
48 1142 5
48 1171 4
48 1223 7
48 1227 4
48 1293 9
48 1354 4
48 1388 2
48 1398 9
48 1406 6
48 1409 5
48 1428 5
48 1509 8
48 1552 4
48 1555 4
48 1557 8
48 1588 6
48 1592 5
48 1596 7
48 1604 6
48 1626 6
48 1629 4
48 1659 7
48 1669 4
48 1679 7
48 1682 3
48 1683 4
48 1779 5
48 1805 7
48 1846 3
48 1854 3
48 1858 4
48 1874 7
48 1880 6
48 1904 4
48 1906 3
48 1915 7
48 1938 4
48 1945 5
48 1978 5
48 1986 6
48 2021 3
48 2109 5
48 2133 2
49 354 8
49 457 6
49 577 5
49 613 5
49 649 8
49 785 0
49 803 4
49 904 7
49 923 5
49 1030 4
49 1045 3
49 1050 2
49 1101 6
49 1362 8
49 1368 9
49 1468 7
49 1491 7
49 1504 4
49 1541 3
49 1575 8
49 1586 4
49 1758 4
49 1904 5
49 2013 6
49 2088 4
49 2130 4
49 2145 9
50 44 7
50 62 4
50 65 7
50 72 7
50 81 5
50 151 5
50 281 9
50 301 9
50 326 2
50 336 4
50 361 5
50 411 4
50 414 6
50 421 6
50 458 3
50 459 7
50 472 4
50 493 5
50 526 9
50 527 3
50 589 3
50 618 6
50 628 4
50 649 8
50 672 7
50 697 5
50 705 4
50 766 7
50 807 3
50 814 5
50 836 7
50 927 3
50 975 3
50 1062 1
50 1105 4
50 1129 9
50 1157 7
50 1236 1
50 1250 3
50 1252 1
50 1318 8
50 1323 4
50 1357 5
50 1359 7
50 1383 6
50 1435 6
50 1455 3
50 1461 2
50 1487 5
50 1590 6
50 1603 7
50 1711 5
50 1731 9
50 1738 8
50 1783 9
50 1788 3
50 1806 7
50 1826 6
50 1845 0
50 1917 5
50 1945 6
50 1975 4
50 2004 2
50 2011 2
50 2014 8
50 2077 9
50 2091 3
50 2144 5
50 2147 4
51 7 8
51 37 2
51 86 4
51 90 6
51 127 7
51 231 6
51 292 7
51 319 4
51 342 2
51 402 8
51 476 4
51 485 5
51 487 4
51 500 0
51 517 7
51 648 9
51 649 8
51 757 6
51 801 3
51 851 3
51 894 6
51 924 5
51 949 6
51 979 5
51 1065 6
51 1119 7
51 1151 6
51 1154 7
51 1202 5
51 1214 2
51 1225 5
51 1238 7
51 1252 1
51 1311 4
51 1330 5
51 1354 3
51 1451 8
51 1479 4
51 1496 7
51 1499 6
51 1647 2
51 1673 8
51 1674 5
51 1711 4
51 1752 5
51 1795 7
51 1805 7
51 1878 7
51 1879 5
51 1948 5
51 2085 4
52 1 2
52 2 4
52 23 6
52 48 9
52 99 3
52 111 6
52 115 2
52 121 5
52 123 3
52 129 10
52 164 4
52 171 5
52 232 9
52 234 4
52 248 2
52 260 3
52 271 7
52 274 3
52 282 7
52 336 3
52 362 4
52 374 5
52 415 5
52 416 4
52 476 4
52 515 5
52 521 7
52 549 9
52 552 4
52 556 4
52 567 6
52 578 7
52 587 4
52 588 7
52 679 4
52 685 3
52 706 9
52 712 1
52 725 3
52 733 5
52 765 2
52 781 3
52 784 6
52 828 4
52 830 8
52 845 5
52 861 2
52 863 8
52 918 7
52 929 1
52 971 3
52 981 7
52 985 5
52 1017 4
52 1046 7
52 1058 4
52 1101 5
52 1128 4
52 1213 8
52 1227 5
52 1232 10
52 1267 2
52 1268 5
52 1273 5
52 1288 10
52 1299 5
52 1330 6
52 1416 6
52 1443 3
52 1460 4
52 1493 3
52 1520 2
52 1527 5
52 1532 0
52 1548 4
52 1563 6
52 1653 3
52 1679 5
52 1700 5
52 1720 4
52 1738 8
52 1742 10
52 1759 1
52 1838 4
52 1839 5
52 1855 2
52 1880 8
52 1912 8
52 1917 4
52 1935 6
52 1948 5
52 1969 3
52 1985 4
52 2026 7
52 2049 6
52 2055 5
52 2096 8
52 2100 3
52 2110 3
52 2126 7
52 2129 5
52 2141 4
53 4 4
53 52 6
53 68 6
53 205 2
53 223 5
53 343 8
53 353 5
53 358 6
53 542 3
53 590 5
53 609 7
53 685 3
53 897 5
53 957 7
53 959 7
53 1050 2
53 1127 3
53 1413 2
53 1459 8
53 1462 7
53 1466 1
53 1537 5
53 1604 4
53 1623 6
53 1764 5
53 1765 3
53 1789 4
53 1807 7
53 1813 9
53 1975 4
53 2053 3
53 2112 7
54 11 2
54 83 6
54 132 4
54 154 4
54 217 8
54 331 5
54 426 3
54 438 5
54 513 1
54 528 3
54 577 5
54 596 5
54 705 3
54 709 3
54 752 3
54 802 4
54 809 7
54 962 3
54 1028 8
54 1142 5
54 1426 2
54 1468 7
54 1584 4
54 1647 3
54 1697 5
54 1698 10
54 1756 5
54 1786 4
54 1818 4
54 1860 4
54 1871 6
54 1884 6
54 1920 6
54 1986 5
54 2020 6
54 2030 4
55 74 6
55 202 5
55 275 6
55 626 6
55 650 4
55 653 5
55 684 3
55 703 5
55 733 7
55 742 4
55 824 8
55 826 4
55 864 6
55 1065 7
55 1242 0
55 1354 3
55 1373 3
55 1400 4
55 1405 6
55 1497 4
55 1508 0
55 1591 3
55 1592 4
55 1594 6
55 1761 6
55 1815 5
55 2003 7
55 2006 5
55 2079 0
55 2086 2
56 87 2
56 151 5
56 189 6
56 277 5
56 319 6
56 334 3
56 338 2
56 373 6
56 384 6
56 479 6
56 504 3
56 521 7
56 531 6
56 541 2
56 556 5
56 592 2
56 595 6
56 644 3
56 647 6
56 683 8
56 711 7
56 737 3
56 772 9
56 813 6
56 843 5
56 961 2
56 974 5
56 1110 8
56 1126 4
56 1157 6
56 1168 5
56 1197 7
56 1222 5
56 1233 3
56 1304 10
56 1332 3
56 1353 6
56 1357 3
56 1394 3
56 1439 8
56 1462 5
56 1471 9
56 1477 3
56 1524 7
56 1543 4
56 1597 6
56 1612 5
56 1649 9
56 1682 2
56 1694 4
56 1702 6
56 1727 7
56 1733 5
56 1755 9
56 1771 8
56 1786 4
56 1802 4
56 1804 6
56 1871 6
56 1898 3
56 1902 4
56 1904 4
56 1947 7
56 1960 6
56 1982 5
56 2000 4
56 2078 0
56 2116 6
57 198 4
57 202 4
57 484 1
57 655 5
57 1606 5
57 1820 7
57 2040 5
57 2143 10
58 106 6
58 151 5
58 172 2
58 185 6
58 265 6
58 287 6
58 314 7
58 375 3
58 378 4
58 443 3
58 460 7
58 552 3
58 603 2
58 630 7
58 727 7
58 737 4
58 746 6
58 757 4
58 809 7
58 862 6
58 883 5
58 894 5
58 958 7
58 961 3
58 980 5
58 1036 4
58 1043 5
58 1045 5
58 1066 4
58 1069 5
58 1093 2
58 1157 6
58 1191 8
58 1274 4
58 1312 5
58 1387 7
58 1402 3
58 1434 3
58 1436 5
58 1442 6
58 1481 7
58 1510 8
58 1557 8
58 1591 2
58 1600 3
58 1642 5
58 1655 3
58 1694 4
58 1873 7
58 1920 7
58 1926 3
58 1965 10
58 1999 4
58 2040 5
58 2053 3
58 2095 2
58 2129 5
58 2150 5
59 10 6
59 53 6
59 292 6
59 360 4
59 1695 8
60 115 3
60 207 4
60 289 5
60 389 2
60 461 7
60 587 6
60 667 5
60 727 6
60 786 8
60 1016 7
60 1069 5
60 1136 3
60 1242 1
60 1343 4
60 1380 5
60 1400 6
60 1415 4
60 1740 6
60 2137 5
61 71 7
61 125 8
61 156 6
61 206 5
61 369 3
61 415 3
61 440 5
61 461 8
61 492 4
61 578 6
61 681 6
61 694 6
61 750 4
61 797 9
61 923 4
61 937 6
61 971 2
61 988 5
61 1012 3
61 1035 4
61 1117 1
61 1174 4
61 1223 5
61 1229 8
61 1423 6
61 1471 8
61 1680 4
61 1722 4
61 1776 3
61 1900 3
61 1915 7
61 1918 5
61 1949 8
61 2143 9
62 7 10
62 39 8
62 129 10
62 213 7
62 300 5
62 313 4
62 340 5
62 358 5
62 402 7
62 412 5
62 441 8
62 520 4
62 526 8
62 528 3
62 538 8
62 558 5
62 569 6
62 580 3
62 601 7
62 602 6
62 675 7
62 722 3
62 745 5
62 770 6
62 778 4
62 927 3
62 966 5
62 979 6
62 990 3
62 1052 6
62 1058 5
62 1074 4
62 1116 2
62 1131 4
62 1156 5
62 1171 5
62 1206 5
62 1219 5
62 1246 3
62 1338 5
62 1373 1
62 1394 1
62 1411 6
62 1471 8
62 1488 8
62 1562 6
62 1579 7
62 1607 6
62 1640 6
62 1664 4
62 1668 6
62 1677 2
62 1758 5
62 1772 3
62 1798 7
62 1820 6
62 1825 4
62 1851 6
62 1888 4
62 1892 8
62 1905 7
62 1951 4
62 1952 3
62 1974 6
62 1992 5
62 1994 6
62 2003 8
62 2026 5
62 2039 10
62 2050 7
62 2079 0
62 2105 6
62 2133 2
63 21 4
63 51 2
63 60 4
63 62 4
63 76 1
63 100 3
63 103 4
63 154 4
63 256 3
63 261 3
63 276 5
63 349 2
63 386 8
63 388 2
63 415 5
63 421 5
63 447 4
63 521 7
63 566 5
63 600 3
63 622 9
63 669 7
63 775 8
63 825 4
63 880 3
63 949 6
63 998 2
63 1008 4
63 1015 5
63 1031 8
63 1099 8
63 1171 3
63 1179 3
63 1418 6
63 1439 8
63 1444 6
63 1498 5
63 1523 10
63 1525 8
63 1537 6
63 1576 6
63 1581 8
63 1615 6
63 1701 4
63 1771 6
63 1790 1
63 1855 4
63 1864 9
63 1867 5
63 1972 2
63 1974 6
63 1988 5
63 2127 6
64 101 3
64 108 6
64 132 4
64 139 6
64 201 4
64 754 2
64 802 3
64 991 4
64 1051 6
64 1103 4
64 1263 7
64 1717 10
64 1811 6
64 1828 4
64 1913 3
64 2140 5
65 33 2
65 45 7
65 85 5
65 92 7
65 115 2
65 136 6
65 165 1
65 166 2
65 173 8
65 175 7
65 188 0
65 193 5
65 262 7
65 291 4
65 293 5
65 300 6
65 314 6
65 315 5
65 319 6
65 356 2
65 375 3
65 393 2
65 453 5
65 463 3
65 512 7
65 540 4
65 544 1
65 548 7
65 572 6
65 575 3
65 578 5
65 581 7
65 612 6
65 640 7
65 662 0
65 663 7
65 701 7
65 727 7
65 731 6
65 739 2
65 746 7
65 749 10
65 846 4
65 986 5
65 1060 2
65 1066 6
65 1074 4
65 1094 5
65 1129 7
65 1136 3
65 1158 5
65 1172 8
65 1183 5
65 1187 5
65 1193 1
65 1226 7
65 1234 3
65 1321 6
65 1332 2
65 1357 3
65 1365 6
65 1379 6
65 1384 5
65 1397 5
65 1398 8
65 1426 4
65 1433 4
65 1436 4
65 1443 3
65 1465 5
65 1470 5
65 1538 3
65 1539 9
65 1555 6
65 1574 1
65 1581 6
65 1586 3
65 1602 5
65 1605 3
65 1636 5
65 1664 2
65 1678 6
65 1693 1
65 1696 5
65 1738 8
65 1743 3
65 1749 3
65 1812 1
65 1840 2
65 1856 8
65 1866 7
65 1893 3
65 1899 8
65 1910 7
65 1924 7
65 1926 5
65 1938 4
65 1947 6
65 1956 3
65 1982 5
65 1983 7
65 2000 6
65 2022 7
65 2072 1
65 2099 2
65 2131 3
65 2143 10
66 31 6
66 55 5
66 1066 5
66 1374 5
66 1446 6
66 1479 5
67 853 2
67 1118 8
67 1762 5
67 1772 4
67 2097 5
67 2131 2
68 7 9
68 9 3
68 26 2
68 34 6
68 36 5
68 37 2
68 58 1
68 80 4
68 105 7
68 113 8
68 132 5
68 184 3
68 186 6
68 249 2
68 262 6
68 290 5
68 337 2
68 349 3
68 351 3
68 417 3
68 475 5
68 488 2
68 495 4
68 518 3
68 520 6
68 554 6
68 569 6
68 573 7
68 610 6
68 629 6
68 631 5
68 729 9
68 765 0
68 783 4
68 784 7
68 800 4
68 818 3
68 844 4
68 929 0
68 943 7
68 1035 4
68 1043 3
68 1055 1
68 1056 7
68 1093 4
68 1124 8
68 1129 9
68 1148 4
68 1170 7
68 1211 9
68 1234 2
68 1267 2
68 1276 7
68 1323 5
68 1342 4
68 1349 5
68 1358 6
68 1363 7
68 1399 8
68 1412 2
68 1430 5
68 1466 0
68 1503 5
68 1527 4
68 1539 7
68 1548 4
68 1560 5
68 1607 6
68 1636 5
68 1699 3
68 1704 2
68 1738 8
68 1779 7
68 1816 3
68 1828 3
68 1841 9
68 1858 2
68 1875 4
68 1939 5
68 1947 8
68 1983 8
68 2003 6
68 2015 9
68 2049 5
68 2074 6
68 2076 3
68 2090 7
68 2124 5
68 2126 5
68 2145 9
68 2152 2
69 23 8
69 86 6
69 115 4
69 210 6
69 250 6
69 350 9
69 468 6
69 568 4
69 681 4
69 898 2
69 915 4
69 975 4
69 1010 6
69 1060 2
69 1118 6
69 1147 7
69 1190 4
69 1269 4
69 1372 4
69 1436 6
69 1509 7
69 1570 7
69 1801 4
69 1842 5
69 1846 5
69 1863 3
69 2000 6
69 2130 6
69 2159 0
70 28 4
70 90 6
70 106 5
70 149 9
70 160 8
70 178 3
70 180 6
70 409 5
70 422 6
70 428 9
70 516 5
70 527 4
70 534 2
70 601 5
70 634 8
70 663 6
70 736 5
70 760 8
70 783 4
70 800 5
70 822 7
70 893 7
70 993 6
70 998 3
70 1010 6
70 1059 7
70 1082 2
70 1152 6
70 1168 6
70 1198 5
70 1231 2
70 1235 8
70 1237 7
70 1330 7
70 1381 8
70 1397 4
70 1402 3
70 1415 5
70 1471 7
70 1512 4
70 1517 3
70 1587 4
70 1613 4
70 1622 2
70 1640 6
70 1693 3
70 1694 4
70 1732 8
70 1751 4
70 1829 7
70 1888 3
70 1895 4
70 1910 6
70 1923 7
70 1925 6
70 2010 8
70 2042 1
70 2054 7
70 2117 2
70 2144 7
71 6 6
71 35 5
71 87 4
71 182 2
71 242 0
71 318 3
71 350 8
71 444 4
71 447 5
71 456 4
71 483 3
71 549 8
71 596 7
71 614 7
71 733 7
71 815 4
71 843 4
71 897 5
71 971 1
71 980 6
71 1006 4
71 1371 5
71 1403 2
71 1536 6
71 1555 6
71 1679 5
71 1712 3
71 1725 4
71 1759 2
71 1963 8
71 1967 3
71 1997 5
71 2010 7
71 2076 3
71 2099 2
71 2114 7
71 2120 5
71 2134 7
72 113 7
72 135 2
72 148 4
72 170 4
72 179 7
72 193 5
72 308 7
72 339 3
72 356 2
72 357 8
72 404 6
72 410 3
72 445 6
72 453 7
72 482 6
72 629 6
72 779 5
72 805 2
72 951 4
72 973 5
72 988 5
72 1007 4
72 1045 3
72 1286 5
72 1500 6
72 1508 1
72 1565 1
72 1675 7
72 1735 7
72 1920 6
72 2013 8
72 2040 5
72 2042 2
72 2101 4
73 9 4
73 35 6
73 62 4
73 239 5
73 289 5
73 439 1
73 477 8
73 517 6
73 521 5
73 699 8
73 743 6
73 843 4
73 854 1
73 899 7
73 969 4
73 1050 3
73 1102 8
73 1112 4
73 1189 9
73 1202 6
73 1279 5
73 1359 7
73 1375 2
73 1392 5
73 1423 6
73 1437 7
73 1507 5
73 1519 6
73 1798 7
73 1879 4
73 1882 5
73 1977 7
73 2045 4
73 2147 6
73 2154 6
74 211 5
74 658 6
74 670 4
74 887 4
74 1701 3
74 1730 4
74 2119 0
75 9 2
75 17 3
75 38 6
75 94 4
75 202 6
75 214 5
75 235 7
75 243 7
75 259 1
75 270 3
75 302 3
75 326 4
75 331 5
75 353 6
75 368 9
75 387 3
75 429 4
75 512 6
75 525 3
75 597 6
75 652 7
75 659 7
75 702 2
75 723 2
75 733 5
75 735 7
75 740 9
75 745 4
75 750 4
75 771 5
75 782 5
75 797 8
75 834 10
75 840 5
75 844 3
75 846 5
75 849 0
75 877 5
75 913 1
75 926 2
75 994 8
75 1024 4
75 1027 9
75 1029 5
75 1050 2
75 1052 6
75 1054 6
75 1055 0
75 1070 7
75 1071 7
75 1081 2
75 1107 8
75 1114 6
75 1130 6
75 1145 8
75 1176 3
75 1223 6
75 1229 9
75 1252 2
75 1281 6
75 1346 4
75 1373 3
75 1387 7
75 1391 9
75 1410 8
75 1420 5
75 1439 8
75 1469 4
75 1496 8
75 1510 6
75 1524 8
75 1543 4
75 1553 8
75 1573 8
75 1606 4
75 1609 7
75 1644 7
75 1647 3
75 1661 5
75 1697 6
75 1728 6
75 1731 8
75 1736 0
75 1756 4
75 1766 7
75 1770 7
75 1778 8
75 1818 4
75 1834 3
75 1840 3
75 1841 7
75 1852 5
75 1861 1
75 1862 3
75 1907 3
75 1911 5
75 1920 7
75 1941 4
75 1945 7
75 1948 5
75 2033 4
75 2034 6
75 2038 7
75 2048 4
75 2072 3
75 2088 6
75 2119 2
75 2151 5
76 20 2
76 25 9
76 70 7
76 93 4
76 127 5
76 235 7
76 351 3
76 455 2
76 466 5
76 478 8
76 521 6
76 599 9
76 897 5
76 905 5
76 929 1
76 1078 6
76 1184 7
76 1199 8
76 1238 9
76 1249 5
76 1461 2
76 1507 5
76 1616 3
76 1682 4
76 1761 6
76 1768 3
76 1805 7
76 1842 4
76 1948 6
76 1983 8
77 16 1
77 120 5
77 134 7
77 161 5
77 203 5
77 265 6
77 280 6
77 323 4
77 361 5
77 422 6
77 455 2
77 475 4
77 531 5
77 542 3
77 550 7
77 653 5
77 807 2
77 810 3
77 820 1
77 851 5
77 917 6
77 952 9
77 956 5
77 958 5
77 972 7
77 1184 8
77 1265 5
77 1278 5
77 1288 9
77 1302 5
77 1378 3
77 1398 9
77 1428 4
77 1461 4
77 1469 4
77 1530 2
77 1551 5
77 1575 8
77 1579 8
77 1583 4
77 1617 8
77 1683 4
77 1728 6
77 1765 5
77 1772 3
77 1782 5
77 1792 4
77 1915 5
77 1937 5
77 1969 4
77 1971 0
77 2018 4
77 2029 5
77 2091 5
77 2150 5
78 34 7
78 46 7
78 54 4
78 86 6
78 124 9
78 139 7
78 230 3
78 250 7
78 251 2
78 269 7
78 276 5
78 285 8
78 295 4
78 318 4
78 358 5
78 394 6
78 416 4
78 441 9
78 443 5
78 465 6
78 539 8
78 579 6
78 586 2
78 602 6
78 637 2
78 647 5
78 692 7
78 717 5
78 739 2
78 760 10
78 763 4
78 822 7
78 831 2
78 850 7
78 859 4
78 862 5
78 864 6
78 914 5
78 920 5
78 947 5
78 956 7
78 1025 6
78 1056 6
78 1063 4
78 1093 3
78 1124 7
78 1133 4
78 1136 3
78 1150 1
78 1193 2
78 1215 7
78 1231 4
78 1254 9
78 1268 4
78 1270 8
78 1384 3
78 1401 8
78 1421 4
78 1441 8
78 1450 5
78 1466 1
78 1467 5
78 1514 3
78 1521 6
78 1640 7
78 1658 5
78 1664 4
78 1666 5
78 1688 6
78 1692 8
78 1725 3
78 1767 6
78 1794 3
78 1823 4
78 1834 3
78 1861 0
78 1886 8
78 2062 6
78 2109 6
78 2156 7
79 120 5
79 148 3
79 218 6
79 319 4
79 338 4
79 399 6
79 589 3
79 625 3
79 703 5
79 728 6
79 758 8
79 795 9
79 796 4
79 827 4
79 838 2
79 880 4
79 1102 8
79 1105 4
79 1193 1
79 1240 9
79 1326 5
79 1443 3
79 1477 3
79 1567 6
79 1582 1
79 1616 5
79 1661 5
79 1665 2
79 1707 5
79 1740 6
79 1757 10
79 1781 5
79 1793 3
79 1801 6
79 1905 9
79 2001 1
79 2003 8
79 2038 6
79 2112 5
80 146 7
80 175 7
80 318 2
80 323 4
80 408 6
80 451 4
80 490 6
80 626 6
80 649 8
80 694 4
80 706 7
80 707 6
80 748 3
80 812 6
80 918 7
80 923 3
80 939 6
80 1014 6
80 1064 4
80 1068 0
80 1115 7
80 1205 6
80 1210 2
80 1212 2
80 1217 7
80 1228 5
80 1236 2
80 1341 4
80 1343 4
80 1446 4
80 1535 6
80 1557 8
80 1579 8
80 1584 3
80 1586 4
80 1620 8
80 1671 4
80 1818 4
80 1895 6
80 1928 5
80 1930 6
80 1943 6
80 1947 6
80 1976 8
80 1980 7
80 1991 7
80 2076 3
80 2093 3
80 2104 3
81 1 2
81 25 7
81 33 2
81 45 7
81 99 3
81 130 5
81 150 2
81 168 0
81 196 4
81 211 6
81 240 2
81 243 7
81 285 8
81 288 4
81 292 6
81 307 6
81 309 4
81 311 3
81 336 2
81 377 7
81 433 8
81 490 6
81 524 6
81 551 6
81 560 5
81 568 4
81 579 8
81 600 3
81 624 7
81 640 5
81 649 8
81 662 1
81 695 2
81 701 8
81 712 3
81 719 7
81 729 10
81 751 7
81 762 6
81 832 7
81 833 7
81 859 3
81 870 5
81 890 2
81 947 5
81 955 7
81 965 4
81 969 3
81 987 5
81 1097 6
81 1114 8
81 1149 3
81 1165 7
81 1198 4
81 1205 8
81 1209 5
81 1231 2
81 1290 7
81 1301 2
81 1307 1
81 1344 2
81 1368 10
81 1384 3
81 1415 4
81 1417 8
81 1432 5
81 1458 7
81 1501 3
81 1505 6
81 1531 5
81 1583 2
81 1637 5
81 1655 3
81 1689 8
81 1692 7
81 1736 1
81 1743 5
81 1780 8
81 1785 3
81 1809 6
81 1814 5
81 1827 6
81 1876 3
81 1894 4
81 1903 6
81 1904 5
81 1912 7
81 1917 5
81 1970 4
81 1979 3
81 2001 2
81 2023 8
81 2025 7
81 2052 5
81 2055 5
81 2080 3
81 2090 8
81 2098 5
82 26 1
82 41 5
82 82 3
82 92 6
82 95 8
82 137 5
82 159 2
82 167 3
82 179 7
82 182 1
82 190 9
82 195 5
82 218 6
82 262 6
82 317 7
82 346 8
82 350 8
82 353 5
82 354 8
82 370 7
82 378 4
82 404 5
82 410 2
82 412 6
82 428 10
82 443 5
82 452 9
82 527 5
82 601 7
82 614 6
82 691 5
82 693 7
82 711 8
82 728 5
82 730 7
82 763 3
82 767 7
82 778 2
82 793 5
82 798 4
82 801 2
82 805 4
82 828 6
82 858 6
82 871 5
82 874 5
82 927 3
82 967 3
82 992 5
82 1017 3
82 1020 4
82 1026 5
82 1027 7
82 1037 6
82 1038 4
82 1083 8
82 1131 3
82 1135 3
82 1137 5
82 1167 3
82 1173 6
82 1175 2
82 1211 9
82 1215 6
82 1250 2
82 1258 4
82 1271 5
82 1297 2
82 1331 4
82 1341 4
82 1357 5
82 1360 6
82 1405 8
82 1419 4
82 1430 6
82 1439 8
82 1442 6
82 1447 8
82 1454 6
82 1462 5
82 1474 5
82 1544 3
82 1553 7
82 1594 5
82 1603 6
82 1610 3
82 1634 8
82 1638 7
82 1668 7
82 1745 4
82 1755 7
82 1773 6
82 1780 6
82 1817 0
82 1818 4
82 1837 6
82 1849 8
82 1865 7
82 1932 2
82 1957 5
82 2003 8
82 2039 10
82 2071 2
82 2081 4
82 2114 6
82 2126 7
82 2142 2
82 2152 3
83 7 9
83 37 3
83 92 8
83 95 8
83 118 5
83 127 6
83 151 4
83 200 6
83 305 4
83 331 5
83 343 6
83 353 4
83 396 5
83 424 4
83 457 6
83 472 2
83 583 4
83 731 5
83 850 5
83 852 3
83 887 5
83 925 5
83 981 6
83 1025 7
83 1030 4
83 1059 7
83 1097 6
83 1099 9
83 1128 6
83 1269 4
83 1338 4
83 1455 2
83 1460 4
83 1588 6
83 1596 7
83 1609 9
83 1616 3
83 1658 6
83 1713 6
83 1730 3
83 1745 2
83 1818 5
83 1828 4
83 1988 6
83 2011 2
83 2012 8
83 2049 4
83 2053 3
83 2073 3
83 2138 2
84 567 7
84 595 6
84 806 4
84 1231 2
84 1234 4
84 1349 3
84 1477 4
85 890 3
85 1005 10
85 1025 5
85 1608 8
85 1616 4
85 1861 0
85 1973 8
86 12 5
86 25 7
86 32 6
86 101 3
86 134 6
86 157 6
86 189 5
86 235 5
86 236 4
86 280 7
86 303 6
86 311 2
86 321 6
86 323 4
86 337 1
86 340 5
86 451 6
86 479 6
86 507 2
86 517 5
86 550 7
86 558 4
86 562 7
86 643 2
86 650 2
86 667 7
86 763 4
86 818 1
86 831 1
86 898 2
86 1025 5
86 1027 9
86 1037 6
86 1038 3
86 1041 3
86 1056 8
86 1071 9
86 1107 7
86 1157 8
86 1196 5
86 1198 5
86 1257 2
86 1371 7
86 1407 8
86 1411 4
86 1437 7
86 1459 8
86 1478 5
86 1497 4
86 1544 3
86 1548 3
86 1550 7
86 1559 4
86 1571 3
86 1581 6
86 1651 2
86 1660 5
86 1686 7
86 1704 1
86 1716 5
86 1727 7
86 1735 7
86 1756 4
86 1760 9
86 1766 8
86 1780 8
86 1805 7
86 1820 6
86 1836 4
86 1865 6
86 1870 5
86 1888 5
86 1932 2
86 1952 4
86 1970 4
86 1987 3
86 2077 7
86 2091 3
86 2106 3
86 2129 5
87 78 7
87 108 4
87 118 6
87 165 1
87 241 3
87 351 2
87 374 6
87 395 5
87 424 4
87 427 4
87 478 8
87 588 6
87 724 8
87 809 8
87 817 1
87 867 5
87 869 2
87 922 7
87 923 3
87 964 4
87 982 4
87 1006 6
87 1015 6
87 1019 8
87 1092 4
87 1120 3
87 1129 9
87 1134 3
87 1248 3
87 1257 1
87 1294 3
87 1348 3
87 1371 6
87 1378 3
87 1396 4
87 1397 4
87 1435 6
87 1493 5
87 1550 8
87 1557 10
87 1583 3
87 1585 5
87 1607 6
87 1626 6
87 1651 2
87 1672 7
87 1701 4
87 1715 6
87 1746 5
87 1864 10
87 1901 6
87 1945 5
87 1948 6
87 2059 5
87 2098 6
87 2142 3
88 60 5
88 87 2
88 106 4
88 117 4
88 161 7
88 219 3
88 266 5
88 326 4
88 358 5
88 368 10
88 434 3
88 496 2
88 524 6
88 545 7
88 667 5
88 746 7
88 787 8
88 859 4
88 904 6
88 939 6
88 948 5
88 1138 3
88 1139 5
88 1190 4
88 1242 1
88 1243 3
88 1248 5
88 1265 4
88 1268 6
88 1277 2
88 1298 2
88 1304 9
88 1393 8
88 1413 3
88 1439 8
88 1444 6
88 1496 6
88 1588 4
88 1589 8
88 1610 5
88 1628 4
88 1702 6
88 1739 7
88 1763 4
88 1832 3
88 1864 10
88 1928 5
88 1931 4
88 1995 6
88 1996 6
88 2013 6
88 2031 7
88 2043 7
88 2061 7
88 2120 5
88 2146 8
89 11 1
89 17 3
89 24 5
89 66 5
89 74 6
89 143 1
89 163 5
89 185 7
89 194 7
89 204 5
89 267 4
89 406 8
89 407 7
89 452 10
89 526 8
89 567 5
89 576 6
89 577 5
89 591 7
89 647 7
89 657 3
89 664 8
89 676 8
89 693 5
89 743 7
89 747 3
89 808 2
89 828 4
89 847 4
89 856 3
89 879 3
89 905 6
89 923 5
89 979 5
89 1052 7
89 1124 7
89 1143 6
89 1147 5
89 1208 1
89 1338 5
89 1352 9
89 1366 3
89 1410 6
89 1438 10
89 1451 6
89 1534 6
89 1574 2
89 1630 3
89 1695 8
89 1709 5
89 1778 8
89 1779 6
89 1875 3
89 1941 4
89 1945 5
89 2008 3
89 2025 8
89 2094 0
90 51 3
90 81 6
90 97 6
90 108 5
90 197 3
90 216 6
90 254 5
90 285 7
90 326 2
90 359 6
90 393 2
90 418 5
90 442 7
90 444 4
90 531 5
90 541 3
90 596 6
90 615 5
90 654 3
90 719 8
90 735 6
90 766 5
90 769 7
90 800 5
90 804 3
90 836 7
90 841 10
90 855 8
90 867 5
90 877 6
90 902 10
90 1010 4
90 1014 6
90 1072 6
90 1136 4
90 1194 4
90 1255 4
90 1369 5
90 1378 3
90 1449 3
90 1456 8
90 1493 5
90 1518 4
90 1522 3
90 1636 7
90 1638 6
90 1678 6
90 1694 3
90 1696 3
90 1698 10
90 1808 4
90 1820 7
90 1823 3
90 1835 3
90 1898 4
90 1905 8
90 1932 0
90 1985 5
90 2026 6
90 2099 4
90 2116 4
90 2133 3
91 91 2
91 254 5
91 321 5
91 322 5
91 371 3
91 394 7
91 412 6
91 593 0
91 655 6
91 662 0
91 756 7
91 786 7
91 810 4
91 868 8
91 927 3
91 1174 3
91 1216 7
91 1237 6
91 1407 10
91 1451 6
91 1564 5
91 1710 4
91 1781 4
91 1802 4
91 1817 1
91 1868 1
91 1978 6
91 2012 9
91 2024 4
91 2047 6
92 63 2
92 70 9
92 73 7
92 400 4
92 611 6
92 1533 8
92 1657 7
93 12 5
93 216 7
93 307 6
93 406 9
93 738 5
93 767 6
93 782 3
93 795 8
93 926 2
93 1000 9
93 1077 5
93 1134 3
93 1215 5
93 1276 9
93 1474 7
93 1753 8
93 1755 7
93 1800 6
93 1819 3
93 2015 8
94 164 5
94 181 6
94 183 2
94 206 4
94 237 7
94 308 7
94 355 4
94 427 6
94 444 3
94 489 3
94 616 6
94 636 4
94 657 3
94 665 5
94 741 6
94 751 6
94 799 7
94 847 3
94 871 5
94 876 5
94 981 5
94 1010 6
94 1092 5
94 1163 5
94 1340 4
94 1382 7
94 1387 7
94 1407 10
94 1449 3
94 1568 5
94 1636 5
94 1650 6
94 1667 3
94 1696 3
94 1798 6
94 1835 4
94 1913 4
94 1995 7
94 2073 5
94 2093 3
94 2120 5
95 112 4
95 227 7
95 234 4
95 375 3
95 439 3
95 471 4
95 701 7
95 818 1
95 930 5
95 963 8
95 986 6
95 1178 9
95 1324 10
95 1655 3
95 1659 6
95 1701 4
95 1836 4
95 2158 6
96 34 5
96 45 6
96 364 6
96 428 10
96 481 6
96 649 6
96 1111 3
96 1180 5
96 1493 3
96 1721 4
96 1769 0
96 1850 5
96 2022 7
97 0 5
97 38 6
97 41 6
97 102 3
97 157 5
97 174 3
97 194 6
97 223 5
97 237 8
97 258 4
97 313 5
97 316 4
97 335 4
97 346 8
97 348 4
97 356 3
97 384 4
97 385 3
97 411 5
97 412 6
97 434 4
97 492 4
97 532 7
97 544 2
97 547 5
97 614 6
97 652 6
97 668 6
97 677 6
97 678 0
97 686 8
97 744 6
97 762 5
97 782 5
97 796 6
97 960 7
97 970 3
97 987 5
97 1001 6
97 1008 4
97 1025 5
97 1026 6
97 1040 5
97 1052 8
97 1062 1
97 1063 4
97 1081 3
97 1085 6
97 1104 8
97 1137 5
97 1214 2
97 1218 4
97 1284 5
97 1287 8
97 1329 3
97 1352 9
97 1393 7
97 1404 3
97 1416 7
97 1432 5
97 1445 7
97 1456 7
97 1487 5
97 1496 6
97 1519 4
97 1581 6
97 1634 6
97 1650 6
97 1658 5
97 1659 7
97 1669 4
97 1689 8
97 1692 8
97 1704 3
97 1738 8
97 1745 4
97 1747 9
97 1751 3
97 1756 6
97 1810 5
97 1816 2
97 1818 3
97 1837 6
97 1845 1
97 1888 3
97 1922 4
97 1961 6
97 2029 7
97 2031 6
97 2058 5
97 2064 9
97 2074 7
97 2097 7
97 2123 2
98 98 2
98 467 7
98 477 7
98 516 6
98 675 9
98 716 2
98 735 5
98 946 7
98 1341 5
98 1363 8
98 2065 5
98 2087 1
99 140 5
99 223 5
99 237 8
99 278 9
99 312 4
99 332 7
99 373 6
99 483 3
99 524 6
99 562 7
99 605 3
99 629 5
99 660 5
99 741 5
99 869 3
99 966 6
99 1002 5
99 1057 3
99 1080 4
99 1094 4
99 1108 7
99 1116 4
99 1121 3
99 1154 7
99 1176 4
99 1214 3
99 1240 7
99 1248 4
99 1323 4
99 1325 5
99 1344 2
99 1361 5
99 1457 5
99 1494 2
99 1548 3
99 1554 7
99 1571 2
99 1605 2
99 1607 6
99 1622 3
99 1745 3
99 1761 5
99 1857 7
99 1872 5
99 1995 7
100 26 0
100 53 6
100 74 7
100 82 5
100 134 7
100 201 5
100 226 1
100 236 5
100 240 0
100 346 8
100 366 7
100 372 6
100 398 6
100 446 8
100 472 4
100 514 0
100 555 6
100 566 7
100 567 5
100 660 5
100 725 4
100 744 4
100 785 2
100 789 5
100 807 2
100 821 4
100 915 3
100 1018 8
100 1053 5
100 1054 6
100 1064 6
100 1107 6
100 1126 4
100 1163 5
100 1185 6
100 1206 5
100 1224 5
100 1230 3
100 1247 5
100 1291 6
100 1316 2
100 1328 5
100 1438 10
100 1441 6
100 1470 6
100 1509 8
100 1570 5
100 1580 4
100 1611 4
100 1670 3
100 1755 8
100 1980 7
100 2023 8
100 2068 5
100 2082 6
100 2083 5
100 2095 2
100 2121 6
100 2135 6
100 2138 2
100 2155 2
100 2157 2
101 120 3
101 380 5
101 381 3
101 608 4
101 766 6
101 1009 4
101 1105 4
101 1242 0
101 1436 5
101 1545 5
101 1554 7
101 1712 3
101 1950 5
101 2045 4
102 2 4
102 43 6
102 71 7
102 110 5
102 116 7
102 118 7
102 168 0
102 191 5
102 223 6
102 226 2
102 229 4
102 230 3
102 231 4
102 253 8
102 268 6
102 271 5
102 284 0
102 298 5
102 348 3
102 372 5
102 428 9
102 444 4
102 445 6
102 455 3
102 461 6
102 476 3
102 588 7
102 604 4
102 610 7
102 614 6
102 621 2
102 624 8
102 652 6
102 656 1
102 688 4
102 691 3
102 768 7
102 780 1
102 833 5
102 897 4
102 988 4
102 995 10
102 1016 7
102 1058 6
102 1131 3
102 1180 5
102 1194 3
102 1211 7
102 1238 9
102 1360 6
102 1361 5
102 1372 3
102 1380 7
102 1400 5
102 1451 6
102 1461 2
102 1465 5
102 1508 1
102 1521 5
102 1567 6
102 1581 6
102 1635 3
102 1658 7
102 1764 5
102 1831 4
102 1853 5
102 1874 6
102 2007 6
102 2015 9
102 2085 2
103 44 8
103 49 5
103 105 5
103 120 3
103 171 5
103 198 6
103 209 4
103 218 5
103 231 6
103 271 7
103 289 6
103 310 9
103 335 4
103 361 5
103 369 5
103 396 5
103 421 6
103 425 1
103 449 5
103 461 6
103 486 5
103 544 0
103 563 5
103 575 4
103 587 4
103 593 0
103 596 5
103 626 7
103 681 6
103 685 3
103 687 4
103 728 6
103 757 5
103 761 3
103 820 1
103 825 5
103 837 7
103 851 3
103 932 3
103 935 8
103 975 5
103 980 5
103 996 7
103 1009 5
103 1022 6
103 1067 6
103 1068 1
103 1106 3
103 1120 3
103 1123 6
103 1127 4
103 1172 6
103 1221 3
103 1225 5
103 1228 3
103 1230 1
103 1266 5
103 1267 4
103 1293 9
103 1305 5
103 1306 0
103 1322 1
103 1438 10
103 1485 5
103 1525 6
103 1529 5
103 1549 2
103 1552 4
103 1571 3
103 1594 4
103 1631 5
103 1634 6
103 1646 7
103 1663 5
103 1677 3
103 1684 5
103 1699 5
103 1711 6
103 1720 3
103 1743 3
103 1766 7
103 1778 9
103 1800 6
103 1824 6
103 1830 5
103 1862 4
103 1900 3
103 1901 7
103 1928 4
103 1943 5
103 1965 10
103 1990 7
103 2006 4
103 2036 8
103 2063 3
103 2084 4
104 214 5
104 230 3
104 261 3
104 300 7
104 498 8
104 508 3
104 519 5
104 633 7
104 849 0
104 961 4
104 1055 1
104 1082 2
104 1169 4
104 1210 0
104 1401 8
104 1420 4
104 1450 5
104 1557 10
104 1651 3
104 1708 5
104 1895 5
104 1953 5
104 2012 8
105 51 4
105 72 8
105 88 4
105 126 1
105 132 4
105 152 3
105 184 4
105 193 5
105 197 4
105 216 7
105 220 6
105 231 6
105 233 5
105 235 7
105 244 4
105 256 5
105 378 3
105 405 7
105 413 3
105 414 6
105 417 5
105 431 2
105 474 7
105 499 7
105 504 3
105 536 5
105 540 3
105 583 5
105 621 3
105 659 8
105 679 4
105 726 6
105 727 6
105 735 6
105 743 5
105 776 1
105 788 7
105 817 2
105 847 4
105 882 3
105 898 2
105 1011 8
105 1031 10
105 1105 4
105 1112 3
105 1127 2
105 1130 5
105 1135 4
105 1150 2
105 1155 6
105 1219 4
105 1231 3
105 1263 8
105 1277 3
105 1281 7
105 1282 3
105 1319 8
105 1345 8
105 1370 4
105 1396 3
105 1405 7
105 1425 6
105 1467 4
105 1469 3
105 1561 4
105 1616 5
105 1639 2
105 1651 3
105 1692 7
105 1697 4
105 1698 9
105 1712 5
105 1746 5
105 1820 6
105 1840 2
105 1867 5
105 1895 4
105 1902 4
105 1937 5
105 1940 6
105 1957 5
105 1978 6
105 2000 6
105 2009 6
105 2023 6
105 2028 4
105 2058 6
105 2064 9
105 2081 2
105 2095 1
106 39 6
106 293 4
106 522 8
106 560 4
106 624 9
106 660 6
106 669 8
106 833 7
106 1031 10
106 1170 8
106 1203 4
106 1334 9
106 1540 1
106 1554 5
106 1645 5
106 1648 8
106 1696 5
106 1703 5
106 1740 7
106 1752 5
106 1893 3
106 2031 7
106 2094 0
107 25 7
107 86 5
107 141 5
107 143 2
107 157 7
107 225 9
107 301 10
107 364 4
107 395 5
107 399 6
107 485 7
107 507 2
107 652 6
107 657 3
107 707 5
107 717 5
107 719 7
107 739 0
107 750 4
107 762 6
107 787 7
107 839 6
107 861 4
107 880 4
107 896 3
107 907 5
107 966 7
107 1022 5
107 1035 4
107 1064 4
107 1069 3
107 1109 4
107 1140 5
107 1273 6
107 1314 8
107 1317 2
107 1380 5
107 1395 6
107 1448 4
107 1523 9
107 1537 6
107 1538 3
107 1624 4
107 1669 6
107 1684 5
107 1708 4
107 1710 6
107 1718 4
107 1895 5
107 1909 2
107 1943 6
107 1964 10
107 2026 6
107 2062 7
107 2067 5
107 2078 1
107 2116 5
107 2144 7
108 60 6
108 76 3
108 119 5
108 153 2
108 162 2
108 166 4
108 221 6
108 338 3
108 352 5
108 361 6
108 389 3
108 416 4
108 441 8
108 489 4
108 496 3
108 514 1
108 558 5
108 559 4
108 565 5
108 577 7
108 630 7
108 653 5
108 723 1
108 754 4
108 795 8
108 803 4
108 979 4
108 1021 8
108 1055 1
108 1154 7
108 1276 9
108 1524 7
108 1593 4
108 1663 6
108 1665 2
108 1728 5
108 1778 7
108 1804 6
108 1806 8
108 1821 7
108 1844 5
108 1869 5
108 1903 5
108 1927 2
108 2004 2
108 2005 4
108 2090 7
108 2148 4
109 16 0
109 20 2
109 43 6
109 114 10
109 131 6
109 141 7
109 163 6
109 185 5
109 208 5
109 234 4
109 251 1
109 252 7
109 272 3
109 312 5
109 331 4
109 343 7
109 359 6
109 455 2
109 492 5
109 526 8
109 546 7
109 554 6
109 559 2
109 560 5
109 588 7
109 659 8
109 660 7
109 700 5
109 707 6
109 721 4
109 724 6
109 753 0
109 859 3
109 863 7
109 865 7
109 874 7
109 900 4
109 924 5
109 929 1
109 984 8
109 1000 9
109 1035 4
109 1036 4
109 1038 4
109 1074 3
109 1078 4
109 1079 4
109 1095 5
109 1131 3
109 1181 6
109 1188 6
109 1197 7
109 1211 7
109 1265 3
109 1280 8
109 1293 8
109 1319 8
109 1320 5
109 1328 5
109 1342 5
109 1366 3
109 1377 3
109 1403 2
109 1411 4
109 1445 8
109 1454 5
109 1495 5
109 1506 7
109 1512 3
109 1537 4
109 1548 4
109 1609 9
109 1621 0
109 1660 5
109 1724 2
109 1739 8
109 1765 3
109 1843 6
109 1856 10
109 1858 2
109 1864 10
109 1951 6
109 1968 4
109 1992 4
109 2008 3
109 2019 6
109 2026 6
109 2067 4
110 27 7
110 29 5
110 40 4
110 61 2
110 64 7
110 69 8
110 75 7
110 102 3
110 154 5
110 190 7
110 192 2
110 216 7
110 233 7
110 360 6
110 441 8
110 462 5
110 567 5
110 644 4
110 675 7
110 678 0
110 767 7
110 827 3
110 851 3
110 867 3
110 890 4
110 900 4
110 920 5
110 989 4
110 1012 4
110 1129 8
110 1232 10
110 1280 8
110 1285 2
110 1300 3
110 1336 5
110 1373 1
110 1449 4
110 1528 4
110 1537 6
110 1601 7
110 1635 3
110 1669 4
110 1683 5
110 1690 4
110 1762 3
110 1770 9
110 1776 3
110 1789 4
110 1843 5
110 1849 7
110 1884 5
110 1917 5
110 1921 6
110 1946 2
110 1951 6
110 1953 4
110 1969 3
110 2094 2
110 2107 7
110 2125 3
111 80 3
111 127 7
111 131 7
111 161 7
111 178 4
111 211 5
111 258 3
111 263 8
111 281 10
111 290 6
111 295 4
111 302 4
111 323 4
111 337 1
111 344 2
111 360 5
111 369 5
111 410 2
111 417 3
111 427 4
111 434 4
111 447 3
111 466 6
111 478 7
111 483 3
111 487 4
111 510 3
111 553 7
111 556 4
111 557 9
111 568 4
111 573 8
111 577 6
111 647 6
111 670 5
111 672 7
111 762 6
111 812 6
111 842 2
111 858 7
111 865 7
111 868 6
111 873 7
111 877 6
111 899 5
111 922 8
111 932 5
111 934 4
111 978 0
111 989 5
111 990 2
111 1006 5
111 1014 4
111 1015 7
111 1016 7
111 1022 4
111 1073 8
111 1090 8
111 1125 8
111 1166 7
111 1174 4
111 1176 5
111 1183 5
111 1190 4
111 1280 8
111 1350 2
111 1353 5
111 1424 2
111 1426 2
111 1456 8
111 1463 6
111 1465 7
111 1492 6
111 1523 9
111 1537 5
111 1588 6
111 1599 4
111 1613 6
111 1621 0
111 1624 3
111 1636 6
111 1647 4
111 1668 6
111 1691 3
111 1696 4
111 1710 5
111 1717 10
111 1730 4
111 1750 6
111 1760 10
111 1766 8
111 1768 5
111 1807 8
111 1889 8
111 1925 7
111 1940 8
111 1952 4
111 1969 2
111 1987 1
111 2033 4
111 2062 7
111 2074 6
111 2101 5
111 2135 6
111 2137 4
111 2152 2
112 28 4
112 31 7
112 78 6
112 91 1
112 180 6
112 183 3
112 205 1
112 314 7
112 432 7
112 550 8
112 555 4
112 570 5
112 585 4
112 637 0
112 666 5
112 673 5
112 696 4
112 794 9
112 959 8
112 970 2
112 988 4
112 1009 5
112 1012 4
112 1036 4
112 1048 7
112 1055 1
112 1076 6
112 1086 4
112 1110 8
112 1116 2
112 1124 7
112 1149 4
112 1160 5
112 1173 5
112 1183 5
112 1212 3
112 1259 7
112 1275 5
112 1283 9
112 1286 4
112 1309 8
112 1316 2
112 1353 6
112 1354 3
112 1364 4
112 1379 7
112 1391 9
112 1392 6
112 1418 7
112 1513 3
112 1520 2
112 1555 5
112 1578 7
112 1616 4
112 1632 3
112 1633 10
112 1642 5
112 1644 7
112 1649 7
112 1708 4
112 1709 6
112 1728 7
112 1734 6
112 1759 3
112 1764 3
112 1794 2
112 1836 3
112 1918 5
112 2017 8
112 2070 2
112 2073 3
112 2088 4
112 2111 2
112 2123 4
112 2156 8
113 34 6
113 41 5
113 62 5
113 115 3
113 197 3
113 212 6
113 250 6
113 268 6
113 275 6
113 304 6
113 319 5
113 345 3
113 396 4
113 422 5
113 475 5
113 479 7
113 494 3
113 530 5
113 552 4
113 618 6
113 674 6
113 717 6
113 744 5
113 764 4
113 772 9
113 794 10
113 841 10
113 842 2
113 868 8
113 898 3
113 939 6
113 956 6
113 1009 5
113 1011 7
113 1062 3
113 1097 6
113 1105 5
113 1156 5
113 1186 5
113 1192 4
113 1200 5
113 1249 3
113 1251 3
113 1269 4
113 1354 5
113 1405 8
113 1409 3
113 1443 3
113 1446 4
113 1507 5
113 1567 6
113 1592 4
113 1613 6
113 1715 5
113 1732 7
113 1798 6
113 1969 3
113 2002 1
113 2008 5
113 2009 7
113 2053 4
113 2068 5
113 2109 6
113 2139 4
114 3 4
114 16 0
114 374 4
114 529 6
114 601 7
114 605 3
114 734 4
114 773 8
114 995 9
114 1131 3
114 1448 4
114 1594 4
114 1856 10
114 2051 8
115 0 6
115 18 6
115 20 3
115 44 7
115 74 8
115 119 7
115 140 7
115 154 4
115 157 7
115 179 8
115 180 6
115 182 2
115 184 3
115 196 4
115 236 4
115 257 5
115 270 4
115 283 6
115 316 5
115 406 9
115 414 5
115 415 4
115 472 2
115 475 5
115 506 3
115 526 8
115 534 3
115 538 9
115 541 3
115 551 7
115 555 5
115 573 7
115 587 6
115 604 5
115 620 6
115 622 7
115 641 8
115 643 4
115 676 9
115 680 7
115 686 6
115 718 3
115 765 0
115 790 6
115 811 8
115 816 4
115 819 5
115 827 5
115 939 5
115 945 4
115 954 5
115 969 4
115 981 7
115 1022 5
115 1024 5
115 1042 8
115 1056 6
115 1062 1
115 1075 6
115 1092 3
115 1107 8
115 1118 7
115 1119 5
115 1219 4
115 1268 5
115 1306 0
115 1350 2
115 1385 8
115 1403 2
115 1406 5
115 1410 8
115 1437 6
115 1442 7
115 1541 4
115 1561 6
115 1569 6
115 1682 2
115 1687 8
115 1705 4
115 1722 5
115 1770 7
115 1791 7
115 1799 3
115 1801 6
115 1877 7
115 1878 7
115 1919 3
115 1927 4
115 1984 8
115 1996 8
115 1999 5
115 2021 4
115 2056 5
115 2065 6
115 2081 3
115 2104 4
115 2107 7
116 47 5
116 50 3
116 62 5
116 76 1
116 86 6
116 93 5
116 97 6
116 130 3
116 144 3
116 205 3
116 246 8
116 276 5
116 280 7
116 292 7
116 460 6
116 480 7
116 481 8
116 488 3
116 497 6
116 541 2
116 566 5
116 572 5
116 593 1
116 626 6
116 700 5
116 774 8
116 811 6
116 837 5
116 881 3
116 882 4
116 904 8
116 981 5
116 992 6
116 1001 5
116 1060 2
116 1115 6
116 1164 4
116 1171 5
116 1179 3
116 1233 2
116 1237 8
116 1281 5
116 1365 5
116 1376 4
116 1401 7
116 1462 6
116 1476 5
116 1559 4
116 1571 1
116 1615 6
116 1631 5
116 1736 2
116 1774 5
116 1790 2
116 1802 4
116 2087 2
116 2131 1
117 22 6
117 27 7
117 31 7
117 57 2
117 143 3
117 171 6
117 189 6
117 219 2
117 256 5
117 274 4
117 299 1
117 308 7
117 323 6
117 342 4
117 393 2
117 407 6
117 434 3
117 466 5
117 484 0
117 490 5
117 500 1
117 519 4
117 524 6
117 551 6
117 561 6
117 604 4
117 619 9
117 625 4
117 633 7
117 637 2
117 706 9
117 759 6
117 783 6
117 828 4
117 858 7
117 883 7
117 891 5
117 894 6
117 917 4
117 948 4
117 950 3
117 951 5
117 961 2
117 1000 9
117 1004 6
117 1060 1
117 1099 8
117 1100 8
117 1133 2
117 1186 5
117 1225 6
117 1232 10
117 1253 1
117 1284 3
117 1285 2
117 1361 6
117 1378 2
117 1388 3
117 1420 4
117 1507 4
117 1539 7
117 1549 1
117 1615 7
117 1647 2
117 1661 7
117 1684 3
117 1697 5
117 1789 5
117 1808 4
117 1850 6
117 1857 7
117 1957 5
117 1980 7
117 1988 6
117 1992 5
117 2011 4
117 2015 8
117 2062 7
117 2120 5
117 2135 6
118 126 2
118 151 4
118 254 4
118 289 5
118 292 7
118 433 9
118 497 6
118 538 7
118 584 7
118 784 7
118 790 4
118 822 6
118 903 8
118 950 2
118 1028 7
118 1141 4
118 1369 6
118 1446 5
118 1464 7
118 1477 3
118 1544 3
118 1627 3
118 1630 3
118 1725 4
118 1793 5
118 1801 4
118 1955 6
119 29 7
119 91 1
119 98 3
119 167 5
119 198 6
119 286 7
119 297 2
119 300 5
119 359 5
119 376 6
119 378 5
119 394 7
119 447 4
119 486 3
119 637 2
119 691 3
119 706 7
119 765 2
119 856 4
119 928 6
119 975 5
119 985 7
119 987 5
119 1062 1
119 1067 6
119 1149 2
119 1267 3
119 1276 7
119 1294 3
119 1299 5
119 1347 4
119 1438 9
119 1471 7
119 1491 8
119 1540 3
119 1549 1
119 1597 6
119 1619 6
119 1689 7
119 1690 5
119 1747 9
119 1834 3
119 1859 3
119 1904 5
119 1925 7
119 1926 3
119 1927 3
119 1936 6
119 2033 4
119 2080 3
119 2136 7
