Seed: 1480053270
Researcher: 120
Papers: 2640
Edges: 8085
RDensity: None
minScore: 0
maxScore: 10
maxResearcherForPaper: None
maxPaperForResearcher: None
ToAssign: 300
0 276 9
0 320 10
0 649 2
0 862 7
0 1010 2
0 1011 3
0 1454 4
0 1734 4
0 1772 5
0 1776 7
0 1832 4
0 1878 2
0 2039 3
0 2182 7
0 2261 4
0 2349 6
0 2457 2
1 47 2
1 185 6
1 269 6
1 297 9
1 301 7
1 303 4
1 336 8
1 457 6
1 467 8
1 499 6
1 535 6
1 644 0
1 647 4
1 808 4
1 822 7
1 845 7
1 855 4
1 888 6
1 1005 2
1 1075 5
1 1087 4
1 1168 4
1 1276 3
1 1300 5
1 1322 3
1 1327 5
1 1382 5
1 1384 7
1 1487 5
1 1515 3
1 1523 6
1 1577 5
1 1639 3
1 1655 7
1 1716 3
1 1722 5
1 1725 3
1 1805 4
1 1873 3
1 1890 7
1 1916 5
1 1969 3
1 2072 3
1 2172 6
1 2216 6
1 2278 6
1 2346 4
1 2423 7
1 2524 4
1 2594 7
1 2606 5
1 2610 4
2 15 2
2 332 2
2 493 4
2 755 2
2 799 10
2 1179 10
2 1575 6
2 1636 0
2 1734 3
2 1940 4
2 1971 7
2 2310 5
2 2441 4
2 2486 4
2 2537 4
3 17 2
3 25 3
3 115 2
3 117 6
3 132 6
3 151 4
3 163 6
3 171 2
3 183 9
3 192 6
3 198 4
3 241 6
3 243 2
3 266 3
3 279 5
3 355 5
3 373 5
3 407 6
3 430 3
3 446 5
3 483 3
3 488 4
3 524 4
3 618 4
3 632 7
3 659 3
3 670 4
3 673 6
3 686 8
3 749 7
3 762 2
3 765 3
3 801 6
3 819 7
3 838 5
3 853 7
3 878 6
3 902 3
3 927 7
3 931 3
3 938 8
3 947 4
3 974 5
3 978 6
3 1014 10
3 1017 4
3 1026 4
3 1044 2
3 1082 2
3 1112 5
3 1126 2
3 1151 5
3 1161 8
3 1186 3
3 1190 9
3 1193 4
3 1206 5
3 1280 5
3 1313 1
3 1332 7
3 1349 1
3 1358 7
3 1431 7
3 1454 2
3 1462 6
3 1469 7
3 1487 5
3 1507 5
3 1518 1
3 1525 7
3 1548 10
3 1563 4
3 1580 5
3 1684 7
3 1731 7
3 1765 6
3 1766 4
3 1778 7
3 1824 6
3 1857 5
3 1898 4
3 2042 1
3 2047 10
3 2050 3
3 2085 6
3 2165 2
3 2168 8
3 2169 4
3 2175 3
3 2228 5
3 2241 5
3 2271 8
3 2284 5
3 2309 3
3 2365 5
3 2435 5
3 2509 6
3 2510 4
3 2625 2
3 2630 9
3 2635 4
3 2638 5
4 92 4
4 182 4
4 249 4
4 257 2
4 267 6
4 271 6
4 573 6
4 630 3
4 665 4
4 684 5
4 755 4
4 796 1
4 1053 4
4 1091 5
4 1111 8
4 1204 3
4 1272 9
4 1384 7
4 1510 5
4 1527 8
4 1630 3
4 1770 8
4 1808 3
4 1825 4
4 1886 5
4 2145 4
4 2222 2
4 2450 0
4 2462 8
4 2471 6
4 2517 10
4 2553 5
5 34 10
5 38 7
5 64 3
5 75 7
5 93 6
5 110 6
5 218 4
5 255 7
5 265 4
5 286 8
5 323 4
5 327 3
5 334 7
5 340 4
5 390 5
5 413 7
5 418 4
5 436 4
5 466 8
5 475 1
5 493 3
5 502 6
5 531 8
5 538 8
5 597 4
5 602 4
5 605 4
5 657 8
5 715 7
5 719 2
5 763 6
5 776 4
5 790 3
5 826 5
5 829 6
5 838 7
5 845 5
5 901 6
5 1035 5
5 1043 4
5 1048 9
5 1056 5
5 1071 5
5 1082 1
5 1131 6
5 1164 0
5 1193 4
5 1250 2
5 1309 5
5 1313 2
5 1360 5
5 1462 6
5 1477 6
5 1485 4
5 1561 5
5 1596 7
5 1600 7
5 1717 8
5 1726 6
5 1759 6
5 1784 5
5 1859 3
5 1880 6
5 1933 3
5 1947 4
5 1994 5
5 2071 7
5 2096 5
5 2097 6
5 2127 5
5 2141 4
5 2144 7
5 2178 8
5 2234 5
5 2244 8
5 2274 6
5 2319 5
5 2320 4
5 2375 5
5 2395 6
5 2486 3
5 2502 7
5 2536 3
5 2544 8
5 2554 3
5 2569 4
5 2574 5
5 2628 4
6 172 6
6 229 3
6 498 4
6 776 3
6 960 9
6 1255 3
6 1414 5
6 1465 7
6 1545 3
6 1580 4
6 1656 5
6 1685 1
6 1817 4
6 2194 8
6 2463 0
6 2579 6
7 4 7
7 29 2
7 52 7
7 104 4
7 152 4
7 158 8
7 169 6
7 236 3
7 285 5
7 299 4
7 322 5
7 360 9
7 362 8
7 401 0
7 410 7
7 442 5
7 444 6
7 462 5
7 472 0
7 487 1
7 500 7
7 504 5
7 561 5
7 565 1
7 578 6
7 621 5
7 679 2
7 683 2
7 695 7
7 744 2
7 745 6
7 784 9
7 797 3
7 814 3
7 831 5
7 835 4
7 838 5
7 893 7
7 902 4
7 977 7
7 986 8
7 991 7
7 1014 8
7 1048 9
7 1081 9
7 1106 4
7 1167 3
7 1195 5
7 1201 6
7 1258 5
7 1264 6
7 1266 6
7 1380 6
7 1405 6
7 1458 6
7 1512 4
7 1581 10
7 1588 4
7 1611 3
7 1653 4
7 1685 2
7 1713 7
7 1769 7
7 1790 8
7 1791 3
7 1863 9
7 1965 7
7 1971 5
7 1975 4
7 1979 8
7 1988 6
7 1992 2
7 2021 4
7 2082 7
7 2107 4
7 2129 4
7 2146 5
7 2152 2
7 2155 8
7 2176 4
7 2205 5
7 2210 6
7 2251 6
7 2254 6
7 2303 4
7 2315 8
7 2406 6
7 2422 1
7 2441 4
7 2444 6
7 2448 5
7 2463 1
7 2484 10
7 2542 6
7 2572 5
7 2595 6
7 2597 7
7 2634 6
8 34 8
8 89 1
8 109 1
8 110 7
8 274 6
8 345 5
8 356 7
8 382 4
8 389 7
8 438 6
8 499 5
8 553 4
8 588 4
8 699 3
8 703 5
8 715 6
8 718 3
8 771 5
8 834 6
8 871 6
8 916 5
8 958 8
8 1040 7
8 1047 8
8 1101 0
8 1141 5
8 1157 4
8 1168 4
8 1177 8
8 1217 5
8 1265 5
8 1297 8
8 1313 1
8 1337 6
8 1351 6
8 1358 8
8 1364 2
8 1498 4
8 1545 5
8 1552 2
8 1553 0
8 1592 4
8 1633 8
8 1658 6
8 1675 6
8 1714 7
8 1715 6
8 1723 7
8 1796 6
8 1828 4
8 1901 8
8 1916 5
8 1940 3
8 1956 3
8 1987 4
8 2035 7
8 2036 6
8 2114 6
8 2134 6
8 2208 3
8 2279 8
8 2388 3
8 2500 3
8 2577 7
8 2638 7
9 40 4
9 70 0
9 120 3
9 193 5
9 250 5
9 263 7
9 269 5
9 379 6
9 419 4
9 435 5
9 468 10
9 475 3
9 519 4
9 540 5
9 567 7
9 628 4
9 686 7
9 740 8
9 746 2
9 753 8
9 802 5
9 820 7
9 838 5
9 892 7
9 958 8
9 997 5
9 1038 10
9 1092 5
9 1094 3
9 1121 5
9 1143 6
9 1176 5
9 1197 5
9 1429 6
9 1477 6
9 1537 4
9 1628 4
9 1639 5
9 1681 9
9 1683 4
9 1686 5
9 1852 10
9 1881 8
9 1905 5
9 1922 5
9 1942 8
9 1951 5
9 1970 5
9 1993 4
9 2006 4
9 2044 6
9 2071 8
9 2105 4
9 2237 9
9 2308 7
9 2313 2
9 2403 8
9 2442 3
9 2447 5
9 2604 4
10 29 3
10 48 2
10 76 5
10 78 7
10 93 6
10 104 6
10 109 0
10 124 4
10 132 6
10 190 0
10 202 7
10 234 6
10 242 3
10 276 8
10 279 5
10 283 5
10 297 7
10 410 6
10 427 8
10 452 2
10 470 5
10 475 1
10 477 6
10 490 5
10 502 8
10 543 2
10 565 2
10 604 5
10 614 5
10 621 6
10 678 5
10 726 7
10 748 4
10 754 4
10 755 4
10 763 7
10 776 3
10 779 7
10 787 8
10 800 6
10 801 6
10 830 3
10 841 3
10 894 6
10 977 6
10 991 5
10 993 4
10 998 4
10 1072 5
10 1074 5
10 1096 4
10 1142 5
10 1178 4
10 1197 5
10 1217 5
10 1225 5
10 1257 4
10 1260 3
10 1264 5
10 1290 1
10 1300 3
10 1312 1
10 1355 5
10 1391 5
10 1395 2
10 1425 5
10 1429 6
10 1465 6
10 1498 3
10 1539 6
10 1554 8
10 1579 7
10 1617 5
10 1619 3
10 1625 5
10 1632 6
10 1692 2
10 1711 10
10 1771 4
10 1799 3
10 1854 5
10 1928 5
10 1942 7
10 1947 4
10 2001 3
10 2006 5
10 2007 1
10 2016 8
10 2025 7
10 2035 5
10 2039 3
10 2050 4
10 2054 3
10 2089 9
10 2106 8
10 2114 8
10 2115 8
10 2127 3
10 2163 1
10 2177 5
10 2196 6
10 2224 5
10 2231 7
10 2267 2
10 2291 9
10 2295 8
10 2303 3
10 2324 5
10 2331 6
10 2342 7
10 2377 4
10 2407 6
10 2420 7
10 2422 0
10 2427 5
10 2484 9
10 2495 2
10 2508 2
10 2512 8
10 2518 4
10 2540 7
10 2542 5
10 2544 7
10 2563 6
10 2574 6
10 2579 5
10 2611 7
10 2639 0
11 5 5
11 54 1
11 77 6
11 148 3
11 153 2
11 187 3
11 197 4
11 210 4
11 293 5
11 319 5
11 350 6
11 397 1
11 411 4
11 412 3
11 434 2
11 450 4
11 484 0
11 500 7
11 513 6
11 526 5
11 533 5
11 539 6
11 545 9
11 575 4
11 609 5
11 623 3
11 629 3
11 638 5
11 639 4
11 675 9
11 721 2
11 771 4
11 794 5
11 808 4
11 823 5
11 825 2
11 847 1
11 849 7
11 850 4
11 876 4
11 937 2
11 975 7
11 979 1
11 994 7
11 1023 4
11 1060 7
11 1139 6
11 1164 2
11 1182 5
11 1185 6
11 1207 7
11 1226 2
11 1229 7
11 1242 8
11 1263 6
11 1293 1
11 1315 8
11 1335 4
11 1373 6
11 1393 5
11 1422 3
11 1426 4
11 1458 6
11 1502 8
11 1622 5
11 1645 6
11 1668 6
11 1679 1
11 1706 1
11 1715 5
11 1735 0
11 1742 5
11 1761 6
11 1810 5
11 1822 6
11 1832 6
11 1894 6
11 1903 5
11 1906 5
11 1934 4
11 1966 6
11 1987 5
11 2074 5
11 2084 3
11 2104 9
11 2143 7
11 2152 2
11 2157 8
11 2177 4
11 2180 2
11 2185 3
11 2288 4
11 2316 0
11 2320 3
11 2326 3
11 2360 6
11 2366 9
11 2392 2
11 2440 4
11 2446 2
11 2453 6
11 2463 0
11 2479 3
11 2492 6
11 2499 5
11 2550 4
11 2602 7
11 2609 3
11 2616 8
11 2623 6
12 1 2
12 9 4
12 14 3
12 44 7
12 113 5
12 179 5
12 263 6
12 265 5
12 277 8
12 315 4
12 414 7
12 450 5
12 488 4
12 545 9
12 613 4
12 708 5
12 714 4
12 778 5
12 814 2
12 854 6
12 932 3
12 965 4
12 1015 7
12 1036 5
12 1045 7
12 1047 7
12 1079 6
12 1097 4
12 1150 8
12 1156 10
12 1195 4
12 1259 4
12 1352 5
12 1374 4
12 1382 4
12 1438 1
12 1461 4
12 1488 1
12 1513 6
12 1516 4
12 1518 1
12 1569 2
12 1570 4
12 1591 7
12 1634 2
12 1653 4
12 1673 7
12 1698 8
12 1705 3
12 1878 4
12 1884 3
12 1890 9
12 2103 3
12 2104 7
12 2195 4
12 2222 3
12 2226 5
12 2228 5
12 2247 4
12 2276 4
12 2297 8
12 2337 6
12 2353 6
12 2366 8
12 2454 2
12 2481 2
12 2508 2
12 2565 7
12 2611 7
12 2619 4
13 273 5
13 366 4
13 476 3
13 635 7
13 705 7
13 960 9
13 1290 0
13 1352 4
13 1489 1
13 1526 2
13 1636 0
13 1751 5
13 1903 6
13 2091 1
13 2318 10
13 2370 2
13 2373 1
13 2504 3
13 2533 5
13 2601 8
14 2 6
14 6 8
14 17 1
14 73 4
14 89 2
14 93 7
14 100 6
14 107 6
14 108 6
14 125 7
14 135 5
14 136 5
14 150 9
14 165 6
14 200 9
14 256 4
14 259 5
14 261 2
14 285 5
14 295 5
14 303 2
14 315 6
14 330 10
14 339 7
14 353 1
14 375 9
14 397 1
14 398 3
14 403 8
14 408 6
14 440 4
14 492 5
14 530 5
14 577 1
14 645 9
14 653 3
14 703 4
14 727 0
14 744 2
14 749 6
14 793 5
14 858 5
14 874 3
14 905 8
14 909 4
14 911 3
14 917 9
14 928 5
14 968 5
14 1074 3
14 1090 6
14 1122 9
14 1132 4
14 1135 4
14 1174 3
14 1181 10
14 1182 7
14 1231 5
14 1232 5
14 1234 5
14 1250 2
14 1263 8
14 1283 3
14 1295 7
14 1309 5
14 1335 5
14 1340 5
14 1385 7
14 1417 5
14 1431 8
14 1438 3
14 1467 5
14 1483 1
14 1504 5
14 1505 6
14 1528 7
14 1549 5
14 1602 5
14 1660 10
14 1674 5
14 1681 7
14 1683 4
14 1732 3
14 1782 8
14 1786 4
14 1791 5
14 1804 2
14 1824 7
14 1835 6
14 1849 6
14 1868 4
14 1889 5
14 1933 4
14 1934 4
14 1945 10
14 1959 1
14 2021 4
14 2025 7
14 2062 6
14 2089 10
14 2090 9
14 2133 5
14 2149 5
14 2182 7
14 2213 3
14 2249 6
14 2251 7
14 2283 2
14 2302 4
14 2333 6
14 2334 4
14 2366 9
14 2424 6
14 2432 1
14 2434 10
14 2461 6
14 2509 4
14 2531 3
14 2539 9
14 2562 7
14 2566 4
14 2575 0
14 2592 9
14 2626 5
14 2631 6
14 2637 8
15 88 8
15 237 3
15 507 5
15 540 5
15 652 4
15 730 5
15 822 8
15 846 5
15 909 2
15 961 3
15 970 5
15 1264 5
15 1284 9
15 1426 3
15 1476 5
15 1500 10
15 1520 5
15 1857 3
15 1932 7
15 1938 6
15 2040 5
15 2071 7
15 2165 3
15 2299 4
15 2317 7
15 2448 6
15 2531 4
16 5 5
16 66 5
16 74 4
16 131 5
16 182 5
16 226 7
16 227 9
16 235 6
16 301 7
16 307 7
16 316 3
16 318 7
16 320 10
16 369 7
16 427 6
16 431 3
16 442 5
16 471 6
16 498 4
16 542 6
16 546 5
16 556 3
16 598 3
16 645 8
16 653 4
16 678 4
16 698 8
16 768 3
16 783 6
16 786 9
16 802 6
16 827 5
16 862 8
16 909 3
16 921 5
16 1029 5
16 1063 3
16 1065 5
16 1076 6
16 1091 4
16 1112 6
16 1133 9
16 1169 2
16 1195 4
16 1256 7
16 1279 1
16 1305 5
16 1307 6
16 1354 4
16 1379 5
16 1392 8
16 1418 2
16 1430 9
16 1526 1
16 1535 5
16 1563 6
16 1569 3
16 1584 9
16 1589 5
16 1590 1
16 1602 4
16 1603 6
16 1677 3
16 1683 5
16 1755 5
16 1814 7
16 1820 4
16 1876 6
16 1951 3
16 2085 4
16 2115 7
16 2131 4
16 2136 2
16 2190 7
16 2230 5
16 2252 4
16 2256 4
16 2353 6
16 2358 3
16 2416 7
16 2425 7
16 2494 6
16 2506 5
16 2510 5
16 2519 3
16 2539 8
16 2556 2
16 2565 5
16 2569 3
16 2578 8
16 2597 8
16 2600 3
16 2627 8
17 84 1
17 104 6
17 133 6
17 177 3
17 209 5
17 226 7
17 238 4
17 269 6
17 287 2
17 349 6
17 365 8
17 382 6
17 383 6
17 400 7
17 440 3
17 505 6
17 556 2
17 617 4
17 698 7
17 720 6
17 733 7
17 824 8
17 901 5
17 928 4
17 933 6
17 1002 7
17 1073 5
17 1184 1
17 1203 7
17 1326 6
17 1389 2
17 1407 6
17 1418 4
17 1463 3
17 1490 6
17 1588 4
17 1626 2
17 1670 7
17 1684 5
17 1698 8
17 1748 2
17 1786 2
17 1795 6
17 1813 2
17 1884 3
17 2005 6
17 2011 6
17 2023 1
17 2038 8
17 2109 4
17 2158 7
17 2378 5
17 2383 7
17 2438 5
17 2457 3
17 2560 3
17 2592 7
18 1 3
18 199 7
18 264 1
18 345 7
18 402 6
18 518 6
18 610 4
18 675 8
18 809 5
18 865 4
18 1105 5
18 1231 3
18 1310 4
18 1396 1
18 1402 5
18 1460 4
18 1514 4
18 1664 5
18 1786 4
18 1947 2
18 2388 5
18 2445 4
18 2462 7
18 2512 7
18 2570 6
18 2604 6
19 50 6
19 85 4
19 123 9
19 124 5
19 200 8
19 316 5
19 439 4
19 440 3
19 620 6
19 695 6
19 771 5
19 772 6
19 841 2
19 914 6
19 917 8
19 935 6
19 939 2
19 958 8
19 967 5
19 1061 4
19 1112 4
19 1279 3
19 1496 3
19 1587 5
19 1594 2
19 1600 7
19 1610 4
19 1728 6
19 1733 5
19 1965 6
19 2020 5
19 2044 5
19 2056 5
19 2128 0
19 2142 6
19 2187 2
19 2290 6
19 2401 8
19 2447 4
19 2527 4
19 2599 5
20 606 6
20 891 6
20 1802 6
20 1836 6
21 10 6
21 19 7
21 22 4
21 112 7
21 143 6
21 231 7
21 344 3
21 421 8
21 428 3
21 473 4
21 492 4
21 548 4
21 614 5
21 631 3
21 705 6
21 837 3
21 1131 6
21 1189 1
21 1251 7
21 1263 7
21 1278 6
21 1333 5
21 1398 4
21 1410 3
21 1413 5
21 1440 8
21 1469 5
21 1572 0
21 1688 6
21 1921 5
21 1960 7
21 1987 4
21 2105 4
21 2171 4
21 2201 4
21 2202 6
21 2247 5
21 2407 6
21 2411 8
21 2471 7
21 2507 4
21 2556 2
21 2576 4
22 105 10
22 115 3
22 199 6
22 217 4
22 222 5
22 255 8
22 325 5
22 393 6
22 409 8
22 428 4
22 466 7
22 496 5
22 509 3
22 515 10
22 552 5
22 581 4
22 619 2
22 648 5
22 661 6
22 706 4
22 732 8
22 734 4
22 796 1
22 806 6
22 876 2
22 885 6
22 930 1
22 937 2
22 938 6
22 943 5
22 959 2
22 977 5
22 997 6
22 1034 5
22 1111 7
22 1113 6
22 1210 4
22 1222 5
22 1258 6
22 1259 3
22 1271 8
22 1291 6
22 1325 5
22 1347 4
22 1379 5
22 1410 2
22 1424 4
22 1491 1
22 1493 7
22 1526 1
22 1569 3
22 1597 6
22 1601 1
22 1615 6
22 1646 1
22 1747 4
22 1815 5
22 1819 2
22 1854 3
22 1896 7
22 1903 4
22 1993 5
22 2089 9
22 2129 6
22 2136 2
22 2185 2
22 2214 3
22 2217 7
22 2245 6
22 2274 5
22 2302 4
22 2332 5
22 2362 6
22 2375 4
22 2401 6
22 2419 5
22 2465 3
22 2479 5
22 2521 2
22 2526 3
22 2566 3
22 2577 7
22 2613 6
23 11 4
23 212 7
23 213 6
23 288 7
23 289 3
23 374 4
23 455 7
23 459 6
23 463 8
23 473 3
23 498 2
23 517 4
23 574 7
23 623 5
23 628 3
23 666 6
23 671 3
23 799 9
23 908 5
23 1022 6
23 1253 4
23 1509 6
23 1521 5
23 1543 1
23 1615 5
23 1631 10
23 1667 6
23 1804 4
23 1829 4
23 1838 3
23 1840 6
23 2004 5
23 2045 4
23 2075 5
23 2078 10
23 2125 6
23 2170 7
23 2243 6
23 2336 2
23 2356 7
23 2405 7
23 2435 5
23 2459 8
23 2474 3
24 22 3
24 75 7
24 85 5
24 176 2
24 210 3
24 253 5
24 270 6
24 344 4
24 404 4
24 474 1
24 540 3
24 541 5
24 549 5
24 559 4
24 725 2
24 737 5
24 797 3
24 872 4
24 880 6
24 970 5
24 1044 2
24 1049 6
24 1069 6
24 1085 3
24 1148 9
24 1240 3
24 1273 8
24 1296 4
24 1305 6
24 1383 4
24 1411 7
24 1449 8
24 1473 4
24 1495 3
24 1504 5
24 1535 7
24 1542 6
24 1560 1
24 1590 0
24 1629 7
24 1648 6
24 1741 3
24 1795 7
24 1890 9
24 1928 5
24 1943 6
24 1978 8
24 1985 9
24 2245 7
24 2273 5
24 2274 5
24 2376 1
24 2408 8
24 2471 7
24 2482 1
24 2533 3
24 2622 10
24 2630 9
25 24 5
25 25 1
25 73 4
25 113 5
25 123 7
25 141 5
25 180 3
25 233 3
25 263 7
25 289 1
25 307 5
25 309 3
25 319 7
25 327 5
25 337 3
25 351 4
25 375 8
25 379 6
25 389 7
25 454 5
25 459 6
25 474 2
25 478 4
25 484 0
25 488 2
25 547 7
25 566 6
25 570 6
25 592 5
25 628 4
25 661 6
25 692 8
25 707 4
25 719 2
25 783 7
25 832 10
25 844 4
25 866 7
25 937 0
25 954 6
25 970 3
25 1047 6
25 1068 8
25 1070 6
25 1078 2
25 1087 4
25 1098 2
25 1105 6
25 1108 3
25 1110 3
25 1115 8
25 1124 3
25 1150 7
25 1154 6
25 1211 3
25 1223 7
25 1241 8
25 1243 7
25 1265 4
25 1305 5
25 1339 7
25 1349 1
25 1360 6
25 1369 6
25 1389 1
25 1485 5
25 1487 5
25 1493 7
25 1514 4
25 1575 5
25 1593 4
25 1601 1
25 1639 4
25 1641 5
25 1665 2
25 1666 5
25 1670 8
25 1689 8
25 1754 6
25 1768 10
25 1881 7
25 1906 4
25 1941 4
25 1990 0
25 2025 8
25 2032 8
25 2098 3
25 2131 2
25 2180 4
25 2204 6
25 2216 5
25 2272 10
25 2283 0
25 2289 5
25 2316 1
25 2335 7
25 2380 9
25 2395 6
25 2397 2
25 2417 6
25 2419 5
25 2437 5
25 2496 7
25 2506 6
25 2565 5
26 83 6
26 104 4
26 111 5
26 130 4
26 135 6
26 358 5
26 421 8
26 424 5
26 431 3
26 433 8
26 471 6
26 477 6
26 515 10
26 547 5
26 569 6
26 588 5
26 631 3
26 644 0
26 674 4
26 734 6
26 765 3
26 772 8
26 793 4
26 840 4
26 861 2
26 892 8
26 894 5
26 958 6
26 1006 6
26 1019 4
26 1044 3
26 1107 9
26 1271 6
26 1276 3
26 1349 3
26 1351 6
26 1385 9
26 1394 4
26 1412 6
26 1432 8
26 1444 3
26 1458 5
26 1475 2
26 1482 7
26 1591 5
26 1622 7
26 1696 7
26 1708 4
26 1744 5
26 1904 4
26 1947 2
26 2007 2
26 2039 2
26 2068 4
26 2185 4
26 2199 5
26 2205 4
26 2208 2
26 2216 6
26 2267 2
26 2282 7
26 2290 6
26 2341 3
26 2361 5
26 2367 8
26 2413 5
26 2418 3
26 2420 5
26 2455 6
26 2559 5
26 2566 4
26 2594 6
26 2639 0
27 124 6
27 149 5
27 292 5
27 298 3
27 332 2
27 378 3
27 436 4
27 449 3
27 492 6
27 493 2
27 550 6
27 553 4
27 578 4
27 773 6
27 791 5
27 895 8
27 919 2
27 969 7
27 983 3
27 1007 0
27 1017 4
27 1059 4
27 1138 5
27 1152 5
27 1162 4
27 1177 8
27 1202 10
27 1208 6
27 1345 7
27 1489 0
27 1610 5
27 1919 8
27 1986 3
27 2055 9
27 2061 2
27 2063 6
27 2198 8
27 2231 5
27 2281 2
27 2300 7
27 2332 5
27 2437 6
27 2460 5
27 2468 3
27 2500 4
27 2530 7
27 2531 4
27 2577 8
27 2600 3
27 2602 6
27 2616 10
27 2630 8
28 128 6
28 130 6
28 298 3
28 307 6
28 437 9
28 601 3
28 754 2
28 1031 1
28 1106 5
28 1259 4
28 1403 5
28 1425 3
28 1611 1
28 1827 2
28 1960 7
28 2101 5
28 2229 8
28 2303 3
28 2313 3
28 2331 6
28 2348 4
28 2395 5
28 2399 9
28 2451 3
28 2513 3
28 2608 5
29 31 4
29 98 4
29 110 7
29 134 7
29 146 6
29 159 7
29 317 7
29 327 5
29 363 6
29 496 6
29 512 5
29 527 7
29 629 4
29 635 7
29 869 6
29 879 6
29 1127 10
29 1353 3
29 1362 9
29 1371 1
29 1372 10
29 1664 4
29 1703 5
29 1738 3
29 1772 3
29 1803 5
29 1846 7
29 1856 5
29 1920 4
29 2087 8
29 2118 7
29 2138 4
29 2152 2
29 2194 9
29 2237 9
29 2391 6
29 2438 3
29 2479 4
29 2547 7
29 2553 4
29 2606 7
30 24 7
30 74 5
30 80 4
30 88 8
30 206 8
30 209 7
30 228 5
30 239 5
30 240 8
30 315 5
30 411 5
30 436 5
30 473 5
30 489 7
30 513 8
30 617 4
30 798 4
30 815 5
30 816 6
30 931 4
30 1039 8
30 1149 0
30 1174 5
30 1182 6
30 1205 5
30 1232 4
30 1348 3
30 1356 6
30 1485 4
30 1607 7
30 1676 6
30 1691 6
30 1752 3
30 1771 3
30 1793 4
30 1823 6
30 1830 0
30 1868 4
30 1893 5
30 1936 4
30 1949 0
30 1974 3
30 1997 5
30 2083 6
30 2150 3
30 2190 6
30 2283 0
30 2395 6
30 2415 4
30 2460 5
30 2469 3
30 2470 7
30 2620 5
30 2636 7
31 6 6
31 54 1
31 78 7
31 84 2
31 107 7
31 162 2
31 185 5
31 226 7
31 239 4
31 247 8
31 284 7
31 311 3
31 331 7
31 336 6
31 344 4
31 389 5
31 406 2
31 407 5
31 448 6
31 453 0
31 460 7
31 479 3
31 578 4
31 598 3
31 619 4
31 622 7
31 637 7
31 683 2
31 687 8
31 688 5
31 693 3
31 694 5
31 710 5
31 716 5
31 829 6
31 933 5
31 944 5
31 948 3
31 962 9
31 967 6
31 970 4
31 1010 2
31 1025 8
31 1057 3
31 1102 5
31 1177 7
31 1209 5
31 1210 4
31 1216 2
31 1232 5
31 1259 3
31 1273 8
31 1285 2
31 1388 4
31 1404 7
31 1453 7
31 1460 5
31 1475 2
31 1498 4
31 1503 0
31 1505 7
31 1554 7
31 1555 5
31 1557 9
31 1579 8
31 1584 8
31 1586 4
31 1587 6
31 1588 4
31 1599 4
31 1603 5
31 1626 3
31 1638 7
31 1646 0
31 1676 5
31 1681 7
31 1718 4
31 1719 8
31 1755 4
31 1766 4
31 1815 3
31 1823 7
31 1926 4
31 1956 3
31 1981 7
31 1996 7
31 2002 6
31 2041 8
31 2085 4
31 2090 8
31 2123 2
31 2158 6
31 2162 3
31 2193 3
31 2218 3
31 2256 3
31 2258 2
31 2264 4
31 2266 3
31 2424 8
31 2443 5
31 2445 6
31 2539 10
31 2630 10
32 34 8
32 113 6
32 302 5
32 433 7
32 463 9
32 720 6
32 745 5
32 1009 8
32 1233 8
32 1287 4
32 1300 5
32 1489 0
32 1886 6
32 1924 4
32 2045 5
32 2094 2
32 2189 6
32 2410 2
32 2515 5
32 2585 1
32 2596 6
33 694 6
33 1717 8
33 1801 3
33 2076 2
33 2448 5
34 201 5
34 442 6
34 473 5
34 487 2
34 586 3
34 595 7
34 719 1
34 960 8
34 1017 3
34 1292 3
34 1322 2
34 1361 3
34 1397 3
34 1438 3
34 1509 6
34 1543 3
34 1557 7
34 1593 4
34 1603 7
34 1727 6
34 2089 9
34 2096 5
34 2151 5
34 2170 6
34 2374 4
34 2556 2
34 2600 5
35 8 5
35 36 4
35 65 6
35 150 10
35 172 6
35 258 7
35 259 4
35 287 3
35 346 6
35 422 3
35 435 5
35 454 4
35 494 5
35 572 3
35 579 5
35 584 7
35 755 3
35 756 5
35 798 4
35 817 3
35 862 6
35 880 5
35 925 4
35 979 3
35 1054 7
35 1085 4
35 1161 8
35 1377 2
35 1460 4
35 1477 5
35 1552 2
35 1556 5
35 1557 9
35 1691 5
35 1754 4
35 1770 7
35 1798 8
35 1840 7
35 1853 7
35 1877 4
35 1896 6
35 1908 9
35 2144 7
35 2215 5
35 2292 6
35 2529 3
35 2623 4
35 2635 3
36 8 5
36 99 2
36 217 5
36 219 3
36 230 4
36 529 3
36 616 6
36 697 7
36 699 3
36 709 4
36 717 5
36 943 4
36 962 10
36 1059 4
36 1065 5
36 1101 1
36 1134 5
36 1145 4
36 1196 7
36 1238 1
36 1447 7
36 1459 3
36 1501 7
36 1511 4
36 1520 5
36 1738 3
36 1755 3
36 1841 4
36 1855 5
36 2084 4
36 2104 7
36 2120 4
36 2124 7
36 2160 7
36 2241 5
36 2363 4
36 2502 7
36 2592 7
36 2604 5
37 34 9
37 77 7
37 116 6
37 122 5
37 148 5
37 184 10
37 219 4
37 226 5
37 236 5
37 266 4
37 269 7
37 273 6
37 275 4
37 365 8
37 584 9
37 611 7
37 615 3
37 671 2
37 711 5
37 721 4
37 894 6
37 901 7
37 920 4
37 964 2
37 981 4
37 1004 5
37 1022 7
37 1026 3
37 1039 8
37 1040 6
37 1080 6
37 1095 6
37 1137 2
37 1158 4
37 1168 5
37 1196 5
37 1242 7
37 1245 5
37 1296 2
37 1384 5
37 1447 7
37 1470 2
37 1527 6
37 1549 3
37 1592 4
37 1640 5
37 1649 6
37 1695 4
37 1706 0
37 1735 0
37 1767 3
37 1777 2
37 1813 4
37 1855 4
37 1863 8
37 1906 5
37 1973 5
37 2023 1
37 2033 6
37 2048 3
37 2078 10
37 2166 4
37 2186 4
37 2202 5
37 2252 4
37 2264 5
37 2349 5
37 2390 5
37 2396 5
37 2399 7
37 2458 5
37 2480 6
37 2525 8
37 2574 6
37 2636 5
38 1 3
38 44 7
38 96 5
38 145 3
38 174 5
38 281 6
38 284 5
38 286 7
38 314 9
38 335 4
38 385 3
38 397 1
38 426 4
38 431 1
38 569 7
38 614 6
38 708 5
38 711 7
38 723 9
38 725 2
38 812 5
38 849 7
38 864 1
38 958 8
38 1024 4
38 1063 1
38 1118 2
38 1156 9
38 1289 6
38 1316 4
38 1378 3
38 1380 5
38 1400 3
38 1565 6
38 1610 3
38 1617 5
38 1620 4
38 1629 8
38 1635 5
38 1666 3
38 1726 6
38 1904 4
38 1962 5
38 1972 8
38 1982 5
38 2059 3
38 2063 7
38 2079 2
38 2082 7
38 2159 7
38 2242 6
38 2301 8
38 2353 7
38 2414 5
38 2466 3
38 2488 3
38 2505 5
38 2515 6
38 2523 6
38 2528 5
39 13 2
39 53 2
39 75 8
39 99 4
39 103 4
39 158 6
39 183 8
39 193 5
39 220 9
39 231 7
39 320 9
39 348 4
39 363 6
39 370 7
39 394 1
39 399 5
39 415 7
39 433 7
39 449 3
39 456 3
39 506 4
39 537 5
39 542 4
39 584 7
39 600 4
39 608 4
39 614 4
39 651 6
39 656 10
39 683 0
39 704 4
39 713 3
39 732 9
39 802 7
39 848 4
39 860 3
39 871 7
39 878 6
39 888 5
39 896 4
39 909 2
39 911 4
39 920 3
39 932 5
39 963 6
39 968 4
39 974 3
39 988 3
39 996 7
39 1002 8
39 1051 7
39 1099 5
39 1111 7
39 1112 5
39 1116 4
39 1122 9
39 1184 1
39 1193 6
39 1228 0
39 1236 4
39 1241 9
39 1267 5
39 1283 2
39 1285 1
39 1287 5
39 1288 5
39 1338 2
39 1358 8
39 1374 6
39 1414 4
39 1419 4
39 1421 5
39 1433 7
39 1437 4
39 1442 4
39 1486 5
39 1594 3
39 1608 5
39 1609 1
39 1625 3
39 1649 6
39 1650 6
39 1661 6
39 1662 6
39 1677 3
39 1681 7
39 1682 7
39 1736 5
39 1757 5
39 1767 4
39 1775 6
39 1779 4
39 1795 7
39 1821 6
39 1829 4
39 1835 7
39 1883 7
39 1907 6
39 1916 7
39 1917 4
39 1923 7
39 1934 3
39 1991 8
39 2001 4
39 2034 0
39 2038 7
39 2053 6
39 2054 4
39 2104 9
39 2117 7
39 2145 5
39 2154 8
39 2156 4
39 2190 7
39 2287 8
39 2306 4
39 2338 5
39 2342 7
39 2343 3
39 2377 5
39 2404 7
39 2423 9
39 2430 4
39 2457 2
39 2503 2
39 2549 4
39 2555 9
39 2593 6
39 2610 5
39 2617 3
39 2637 7
40 84 1
40 165 5
40 188 3
40 198 2
40 220 8
40 231 8
40 263 6
40 275 4
40 301 5
40 318 5
40 331 8
40 353 1
40 412 1
40 429 4
40 440 4
40 465 7
40 473 4
40 474 3
40 477 5
40 481 6
40 483 2
40 550 7
40 558 6
40 652 4
40 671 3
40 716 5
40 729 7
40 742 6
40 753 7
40 789 5
40 810 7
40 818 5
40 913 2
40 914 7
40 918 4
40 921 4
40 924 6
40 927 6
40 970 5
40 972 4
40 1006 5
40 1021 5
40 1064 9
40 1113 4
40 1115 9
40 1160 5
40 1185 6
40 1204 1
40 1219 2
40 1239 3
40 1261 3
40 1267 5
40 1272 8
40 1284 9
40 1291 7
40 1301 6
40 1317 3
40 1329 0
40 1339 7
40 1355 3
40 1364 2
40 1368 6
40 1397 5
40 1426 4
40 1427 3
40 1432 8
40 1466 4
40 1511 4
40 1514 3
40 1533 6
40 1562 9
40 1563 5
40 1575 5
40 1596 8
40 1612 3
40 1622 5
40 1632 4
40 1649 5
40 1670 8
40 1680 4
40 1733 7
40 1758 9
40 1798 8
40 1837 2
40 1855 5
40 1862 5
40 1876 6
40 1877 4
40 1885 7
40 1900 6
40 1926 2
40 1974 2
40 1980 4
40 1981 5
40 2001 4
40 2002 5
40 2027 6
40 2046 7
40 2053 5
40 2080 6
40 2157 8
40 2189 6
40 2199 5
40 2257 6
40 2282 6
40 2365 5
40 2378 5
40 2422 0
40 2449 5
40 2458 6
40 2473 9
40 2568 5
40 2584 6
40 2595 4
40 2603 6
41 99 2
41 105 10
41 118 1
41 119 6
41 151 4
41 232 4
41 241 5
41 275 4
41 304 4
41 365 6
41 372 5
41 391 3
41 418 3
41 473 4
41 489 6
41 492 5
41 571 1
41 619 2
41 646 6
41 647 2
41 652 5
41 658 6
41 719 2
41 750 3
41 777 5
41 790 5
41 848 2
41 849 6
41 933 6
41 964 4
41 1035 5
41 1051 8
41 1088 4
41 1100 4
41 1189 2
41 1195 5
41 1243 6
41 1410 2
41 1443 6
41 1452 5
41 1456 4
41 1509 6
41 1542 7
41 1551 0
41 1559 4
41 1623 6
41 1634 2
41 1641 4
41 1687 7
41 1694 0
41 1762 3
41 1783 4
41 1805 5
41 1810 5
41 1925 2
41 1954 5
41 2075 3
41 2076 4
41 2106 9
41 2166 3
41 2264 6
41 2270 7
41 2344 9
41 2388 3
41 2422 0
41 2555 9
41 2624 8
42 29 3
42 84 1
42 94 7
42 188 4
42 276 9
42 323 4
42 347 7
42 395 7
42 475 2
42 565 2
42 593 0
42 670 6
42 679 3
42 725 2
42 777 4
42 903 4
42 954 5
42 955 3
42 1008 9
42 1043 5
42 1101 1
42 1185 5
42 1212 3
42 1316 4
42 1483 0
42 1645 4
42 1673 8
42 1675 5
42 1714 6
42 1775 5
42 1778 8
42 1826 6
42 1838 4
42 1955 7
42 2011 6
42 2063 5
42 2113 3
42 2125 4
42 2180 3
42 2260 5
42 2439 6
42 2467 5
42 2531 3
42 2624 7
43 29 3
43 37 5
43 49 7
43 102 5
43 134 7
43 145 3
43 173 7
43 196 3
43 197 4
43 198 2
43 207 4
43 215 7
43 216 5
43 222 4
43 228 5
43 232 5
43 267 5
43 281 6
43 294 5
43 369 5
43 394 2
43 427 7
43 457 8
43 468 10
43 518 5
43 541 3
43 562 8
43 592 4
43 615 4
43 622 8
43 626 9
43 642 2
43 662 5
43 717 6
43 743 2
43 747 6
43 783 8
43 805 0
43 822 7
43 903 5
43 930 1
43 938 8
43 939 2
43 949 3
43 953 7
43 955 4
43 960 8
43 991 7
43 1008 7
43 1013 4
43 1014 10
43 1058 4
43 1072 4
43 1093 5
43 1109 5
43 1126 3
43 1179 10
43 1183 5
43 1184 3
43 1189 2
43 1190 9
43 1252 7
43 1253 5
43 1265 6
43 1279 3
43 1281 6
43 1320 3
43 1386 5
43 1387 5
43 1410 2
43 1414 3
43 1487 3
43 1517 5
43 1519 5
43 1529 6
43 1556 4
43 1588 5
43 1635 3
43 1636 0
43 1640 6
43 1649 7
43 1650 5
43 1684 6
43 1691 6
43 1699 5
43 1704 10
43 1746 5
43 1772 3
43 1788 2
43 1793 6
43 1800 6
43 1811 8
43 1825 3
43 1837 2
43 1842 9
43 1865 5
43 1880 6
43 1907 6
43 1926 2
43 1947 2
43 1948 6
43 1974 2
43 1993 6
43 2000 8
43 2003 3
43 2031 5
43 2033 4
43 2076 2
43 2105 6
43 2200 10
43 2223 6
43 2228 6
43 2249 7
43 2256 3
43 2259 4
43 2301 7
43 2308 6
43 2327 6
43 2354 4
43 2389 4
43 2465 2
43 2515 7
43 2538 5
43 2546 5
43 2549 5
43 2562 7
43 2576 3
43 2577 7
43 2623 6
43 2624 8
43 2636 7
44 102 4
44 168 10
44 208 8
44 295 4
44 305 5
44 361 6
44 403 6
44 414 7
44 470 7
44 504 7
44 509 4
44 530 6
44 533 5
44 717 6
44 733 5
44 757 6
44 782 1
44 800 8
44 825 2
44 860 3
44 903 4
44 959 1
44 1032 3
44 1063 3
44 1075 5
44 1080 4
44 1083 4
44 1097 4
44 1174 4
44 1263 6
44 1289 6
44 1298 9
44 1365 5
44 1375 4
44 1384 7
44 1394 6
44 1472 3
44 1609 1
44 1621 0
44 1700 6
44 1705 4
44 1889 6
44 1891 1
44 1980 5
44 1992 3
44 2116 5
44 2133 6
44 2158 7
44 2175 4
44 2198 8
44 2223 7
44 2294 4
44 2295 9
44 2383 6
44 2392 1
44 2458 5
44 2478 4
44 2480 4
44 2487 8
44 2625 1
44 2633 10
45 449 2
45 535 6
45 536 3
45 543 3
45 610 5
45 653 4
45 728 6
45 832 8
45 890 8
45 920 2
45 979 3
45 1049 4
45 1079 6
45 1152 4
45 1153 5
45 1513 6
45 1563 5
45 1697 3
45 2028 5
45 2141 3
45 2206 0
45 2249 5
45 2330 1
45 2369 5
45 2371 7
45 2437 6
45 2469 3
45 2473 8
45 2547 5
45 2601 7
45 2602 7
45 2618 6
46 16 7
46 18 6
46 29 3
46 38 6
46 96 5
46 166 5
46 175 6
46 249 5
46 266 4
46 324 3
46 370 7
46 416 5
46 470 7
46 476 3
46 497 1
46 514 2
46 641 4
46 667 6
46 709 2
46 715 7
46 726 6
46 751 2
46 753 8
46 794 6
46 811 4
46 836 7
46 841 1
46 848 3
46 864 2
46 925 4
46 1005 3
46 1007 1
46 1028 5
46 1038 9
46 1053 4
46 1077 8
46 1111 8
46 1119 6
46 1139 6
46 1144 6
46 1195 3
46 1205 5
46 1314 4
46 1379 4
46 1407 8
46 1448 2
46 1449 7
46 1523 4
46 1533 6
46 1545 5
46 1569 1
46 1579 8
46 1595 5
46 1660 10
46 1681 9
46 1689 9
46 1694 1
46 1700 4
46 1755 4
46 1816 5
46 1839 9
46 1845 4
46 1870 0
46 1981 6
46 2040 6
46 2133 5
46 2155 8
46 2190 5
46 2211 6
46 2221 7
46 2292 6
46 2302 6
46 2323 8
46 2388 5
46 2391 6
46 2501 5
46 2619 2
47 20 4
47 53 4
47 80 5
47 82 4
47 105 8
47 177 3
47 191 9
47 308 6
47 322 3
47 323 4
47 344 3
47 426 5
47 479 3
47 502 8
47 528 4
47 538 9
47 563 4
47 658 6
47 736 8
47 766 8
47 783 8
47 844 4
47 855 4
47 995 4
47 1073 7
47 1123 2
47 1132 3
47 1169 1
47 1233 6
47 1249 7
47 1253 4
47 1261 5
47 1335 4
47 1345 7
47 1406 3
47 1413 6
47 1423 7
47 1428 2
47 1447 8
47 1506 5
47 1523 5
47 1536 3
47 1557 9
47 1722 6
47 1760 6
47 1905 6
47 1969 5
47 2103 3
47 2104 8
47 2182 7
47 2190 6
47 2247 5
47 2267 2
47 2304 5
47 2325 5
47 2360 7
47 2403 8
47 2421 6
47 2454 3
47 2487 8
47 2547 5
47 2624 8
48 2 4
48 32 4
48 116 6
48 142 3
48 160 6
48 190 0
48 200 9
48 219 2
48 242 3
48 284 7
48 439 2
48 446 4
48 469 9
48 500 7
48 518 5
48 577 0
48 591 8
48 646 6
48 649 1
48 652 4
48 678 3
48 752 5
48 786 8
48 855 4
48 870 4
48 930 2
48 947 3
48 953 5
48 988 3
48 1048 10
48 1053 6
48 1134 3
48 1200 8
48 1219 1
48 1302 6
48 1308 7
48 1318 10
48 1355 3
48 1365 4
48 1420 2
48 1427 4
48 1469 6
48 1486 6
48 1537 4
48 1574 9
48 1624 2
48 1744 4
48 1749 3
48 1806 5
48 1834 2
48 1983 5
48 1999 2
48 2047 9
48 2066 3
48 2205 5
48 2240 9
48 2306 6
48 2367 7
48 2489 8
48 2532 5
48 2567 4
49 68 5
49 122 6
49 151 3
49 164 5
49 174 5
49 263 8
49 310 4
49 331 7
49 384 7
49 499 5
49 534 5
49 537 6
49 550 6
49 558 7
49 575 5
49 580 4
49 613 4
49 616 6
49 684 6
49 720 5
49 771 4
49 791 6
49 792 5
49 827 7
49 879 7
49 885 8
49 914 8
49 960 9
49 1041 3
49 1056 4
49 1076 7
49 1078 2
49 1124 4
49 1153 5
49 1163 2
49 1174 5
49 1183 4
49 1247 5
49 1290 1
49 1319 5
49 1343 10
49 1367 2
49 1414 5
49 1432 9
49 1480 10
49 1499 4
49 1514 2
49 1525 8
49 1544 7
49 1564 5
49 1580 4
49 1588 3
49 1610 3
49 1611 1
49 1693 4
49 1741 2
49 1779 2
49 1902 7
49 1946 2
49 1964 8
49 1981 6
49 2042 0
49 2095 10
49 2099 6
49 2141 2
49 2202 6
49 2214 5
49 2238 8
49 2242 7
49 2247 4
49 2272 10
49 2275 4
49 2319 6
49 2329 6
49 2331 5
49 2463 2
49 2525 7
49 2582 7
49 2594 6
49 2620 4
49 2638 7
50 8 4
50 13 2
50 19 7
50 30 6
50 43 6
50 54 3
50 72 5
50 77 7
50 93 7
50 104 6
50 106 6
50 116 5
50 119 5
50 126 4
50 133 6
50 162 1
50 189 6
50 228 6
50 258 5
50 259 5
50 262 8
50 292 3
50 326 2
50 346 4
50 403 6
50 405 6
50 428 3
50 467 9
50 475 1
50 539 8
50 554 7
50 578 4
50 638 6
50 639 4
50 647 2
50 655 5
50 657 8
50 660 4
50 703 3
50 710 4
50 752 4
50 759 8
50 784 8
50 839 8
50 867 5
50 894 5
50 897 4
50 949 4
50 961 3
50 962 10
50 997 7
50 1006 5
50 1014 10
50 1028 5
50 1033 7
50 1052 3
50 1061 6
50 1085 2
50 1106 5
50 1113 4
50 1118 2
50 1147 5
50 1160 4
50 1177 8
50 1214 6
50 1259 3
50 1271 6
50 1317 3
50 1320 5
50 1395 3
50 1401 7
50 1453 9
50 1455 7
50 1520 5
50 1534 3
50 1538 4
50 1550 5
50 1581 8
50 1592 5
50 1627 3
50 1631 10
50 1641 4
50 1643 5
50 1716 3
50 1735 0
50 1763 6
50 1768 10
50 1874 4
50 1907 6
50 1959 1
50 1960 5
50 1984 3
50 1987 6
50 2001 5
50 2009 6
50 2033 4
50 2056 5
50 2106 7
50 2131 2
50 2143 8
50 2144 7
50 2147 8
50 2155 7
50 2212 5
50 2236 5
50 2243 8
50 2268 5
50 2311 3
50 2352 5
50 2384 6
50 2389 4
50 2393 5
50 2443 4
50 2458 4
50 2487 8
50 2514 3
50 2518 3
50 2556 3
50 2623 5
50 2627 6
51 55 6
51 116 5
51 275 4
51 876 4
51 1100 3
51 1573 5
51 1637 3
51 1753 5
51 1910 6
51 2135 8
51 2384 5
51 2503 3
52 59 5
52 176 3
52 219 4
52 292 3
52 313 6
52 315 4
52 325 5
52 350 6
52 371 4
52 453 2
52 457 7
52 482 4
52 492 6
52 517 3
52 532 7
52 614 6
52 645 9
52 682 3
52 696 4
52 703 5
52 716 6
52 722 6
52 805 1
52 837 4
52 869 5
52 908 5
52 932 5
52 945 5
52 1013 6
52 1079 6
52 1095 5
52 1129 5
52 1147 3
52 1159 10
52 1181 10
52 1225 5
52 1230 6
52 1323 8
52 1341 5
52 1347 5
52 1365 3
52 1372 10
52 1413 6
52 1417 5
52 1424 4
52 1431 8
52 1475 3
52 1496 3
52 1509 5
52 1537 5
52 1539 7
52 1540 7
52 1548 8
52 1584 9
52 1623 6
52 1695 5
52 1701 4
52 1737 5
52 1799 3
52 1815 4
52 1827 2
52 1842 8
52 1848 5
52 1893 4
52 1942 6
52 1966 6
52 2006 5
52 2055 8
52 2071 7
52 2087 7
52 2088 5
52 2110 6
52 2141 2
52 2169 4
52 2177 5
52 2192 3
52 2228 6
52 2246 5
52 2311 4
52 2343 4
52 2381 6
52 2407 7
52 2507 3
52 2519 3
52 2539 9
52 2600 3
52 2621 5
53 26 6
53 47 3
53 93 7
53 104 6
53 166 4
53 245 3
53 247 9
53 294 5
53 347 5
53 370 7
53 377 5
53 404 4
53 421 8
53 452 2
53 461 4
53 495 6
53 505 6
53 508 5
53 546 5
53 551 9
53 555 5
53 556 3
53 615 2
53 674 5
53 678 5
53 707 5
53 728 6
53 796 3
53 807 9
53 822 9
53 833 4
53 896 5
53 914 6
53 924 5
53 926 7
53 940 7
53 956 5
53 997 5
53 1066 1
53 1068 6
53 1074 5
53 1085 2
53 1107 10
53 1108 3
53 1123 3
53 1173 6
53 1180 7
53 1215 6
53 1245 5
53 1258 5
53 1268 5
53 1307 7
53 1316 3
53 1317 3
53 1387 6
53 1461 5
53 1464 5
53 1518 0
53 1576 8
53 1579 7
53 1628 3
53 1645 5
53 1665 3
53 1710 3
53 1761 5
53 1788 2
53 1821 7
53 1823 6
53 1865 6
53 1869 3
53 1890 7
53 1925 4
53 1933 4
53 2000 7
53 2002 6
53 2022 8
53 2051 8
53 2077 6
53 2079 3
53 2103 4
53 2135 8
53 2167 6
53 2174 4
53 2219 2
53 2283 2
53 2287 8
53 2288 3
53 2316 1
53 2392 0
53 2471 5
53 2473 10
53 2474 4
53 2541 6
53 2551 6
53 2574 7
53 2579 7
54 10 6
54 23 6
54 29 3
54 57 6
54 98 6
54 122 5
54 128 6
54 153 2
54 193 5
54 197 4
54 248 8
54 381 2
54 402 4
54 464 4
54 467 8
54 534 4
54 539 6
54 580 5
54 608 2
54 619 2
54 645 8
54 656 10
54 678 3
54 682 5
54 693 3
54 748 4
54 764 10
54 843 5
54 854 6
54 868 8
54 907 2
54 1012 6
54 1061 5
54 1161 6
54 1210 3
54 1248 2
54 1272 7
54 1292 5
54 1321 6
54 1348 4
54 1467 4
54 1504 5
54 1534 5
54 1535 6
54 1562 7
54 1569 1
54 1583 5
54 1671 7
54 1677 3
54 1678 8
54 1705 2
54 1760 6
54 1798 7
54 1806 3
54 1887 4
54 1960 5
54 2000 7
54 2124 9
54 2130 5
54 2148 6
54 2175 5
54 2193 3
54 2251 6
54 2259 4
54 2272 10
54 2280 5
54 2355 3
54 2367 7
54 2375 4
54 2389 5
54 2428 7
54 2470 6
54 2472 9
54 2624 8
55 13 2
55 85 5
55 93 7
55 94 7
55 101 0
55 131 7
55 171 2
55 200 8
55 247 7
55 273 5
55 278 3
55 280 8
55 302 5
55 342 5
55 352 7
55 381 3
55 391 2
55 399 6
55 419 4
55 436 6
55 445 5
55 460 5
55 491 5
55 500 7
55 504 5
55 511 6
55 528 5
55 593 0
55 604 7
55 611 7
55 647 2
55 692 6
55 697 6
55 717 5
55 718 4
55 745 4
55 784 9
55 806 5
55 845 7
55 877 3
55 882 4
55 883 2
55 885 7
55 983 3
55 984 2
55 997 7
55 1013 4
55 1055 6
55 1084 5
55 1089 4
55 1117 3
55 1181 9
55 1187 4
55 1265 4
55 1274 6
55 1414 5
55 1429 4
55 1437 4
55 1460 4
55 1513 5
55 1557 7
55 1561 3
55 1608 6
55 1609 1
55 1630 2
55 1645 6
55 1723 7
55 1725 4
55 1731 7
55 1833 4
55 1844 8
55 1863 8
55 1869 5
55 1870 0
55 1875 5
55 1894 7
55 1903 6
55 1963 10
55 1976 4
55 1984 2
55 1995 0
55 2002 4
55 2101 6
55 2138 5
55 2147 9
55 2157 6
55 2194 7
55 2227 5
55 2235 5
55 2240 10
55 2304 7
55 2314 10
55 2391 6
55 2470 6
55 2477 4
55 2483 7
55 2487 8
55 2490 7
55 2498 4
55 2572 5
55 2581 3
55 2607 4
55 2628 4
56 4 7
56 129 6
56 162 3
56 183 9
56 199 6
56 266 4
56 283 6
56 294 6
56 336 6
56 380 5
56 396 6
56 436 4
56 455 6
56 478 3
56 480 3
56 570 5
56 592 6
56 595 7
56 626 9
56 661 7
56 664 5
56 722 5
56 744 2
56 752 3
56 759 8
56 784 8
56 789 3
56 794 6
56 901 5
56 910 7
56 933 6
56 961 3
56 1017 4
56 1019 3
56 1025 7
56 1030 3
56 1032 2
56 1033 6
56 1046 4
56 1097 6
56 1108 3
56 1141 5
56 1150 9
56 1165 3
56 1176 6
56 1181 8
56 1225 5
56 1258 5
56 1285 1
56 1293 3
56 1316 5
56 1393 5
56 1407 8
56 1410 4
56 1434 8
56 1442 3
56 1444 2
56 1468 3
56 1475 4
56 1495 2
56 1549 5
56 1555 6
56 1663 3
56 1676 6
56 1735 1
56 1736 3
56 1888 5
56 1893 5
56 1895 5
56 1897 3
56 1903 6
56 1915 6
56 1934 4
56 1952 2
56 1956 3
56 1965 6
56 1998 9
56 2014 6
56 2017 8
56 2025 7
56 2047 10
56 2077 4
56 2113 4
56 2131 3
56 2135 8
56 2198 7
56 2235 4
56 2236 6
56 2269 7
56 2329 7
56 2335 7
56 2342 6
56 2357 8
56 2375 5
56 2392 1
56 2430 4
56 2476 8
56 2502 7
56 2564 4
56 2568 3
56 2573 8
56 2626 3
57 120 4
57 127 1
57 267 6
57 409 9
57 460 6
57 536 4
57 568 7
57 669 6
57 676 5
57 733 5
57 761 5
57 763 7
57 781 4
57 793 5
57 895 10
57 968 5
57 1042 3
57 1081 7
57 1135 5
57 1136 5
57 1145 5
57 1266 6
57 1352 4
57 1460 3
57 1463 3
57 1512 3
57 1550 5
57 1558 5
57 1651 6
57 1673 7
57 1945 9
57 1968 5
57 2162 1
57 2322 6
57 2326 5
57 2423 9
57 2544 8
57 2570 5
57 2604 6
57 2631 5
58 82 5
58 125 7
58 130 6
58 261 2
58 273 5
58 278 3
58 297 9
58 318 6
58 345 7
58 382 5
58 400 7
58 416 4
58 443 6
58 623 4
58 673 8
58 687 9
58 773 4
58 919 3
58 972 6
58 978 8
58 1004 7
58 1009 7
58 1028 6
58 1060 6
58 1066 3
58 1136 4
58 1199 7
58 1250 1
58 1264 5
58 1270 7
58 1334 7
58 1354 5
58 1429 5
58 1449 8
58 1596 9
58 1678 9
58 1739 3
58 1762 2
58 1799 4
58 1834 1
58 1866 5
58 1868 4
58 2006 5
58 2018 9
58 2028 4
58 2081 6
58 2138 3
58 2183 3
58 2184 5
58 2235 4
58 2291 8
58 2301 6
58 2328 5
58 2370 3
58 2383 8
58 2477 5
58 2483 5
58 2499 6
58 2582 8
58 2598 4
58 2613 7
59 42 1
59 152 3
59 174 5
59 201 3
59 231 6
59 252 2
59 260 6
59 284 7
59 348 4
59 359 3
59 447 5
59 456 3
59 479 2
59 525 7
59 561 4
59 569 5
59 570 6
59 592 4
59 693 5
59 707 6
59 708 4
59 718 5
59 720 5
59 735 5
59 777 6
59 829 5
59 854 5
59 871 6
59 883 4
59 898 4
59 911 3
59 936 4
59 969 8
59 1000 5
59 1025 7
59 1027 5
59 1028 5
59 1040 7
59 1074 4
59 1124 2
59 1166 10
59 1180 7
59 1203 5
59 1216 2
59 1247 4
59 1251 7
59 1263 6
59 1322 3
59 1327 4
59 1332 5
59 1340 5
59 1383 2
59 1385 9
59 1398 5
59 1399 5
59 1408 5
59 1416 6
59 1418 3
59 1435 5
59 1469 6
59 1509 5
59 1522 8
59 1535 5
59 1653 4
59 1672 4
59 1695 4
59 1714 7
59 1767 3
59 1794 4
59 1843 7
59 1902 8
59 1948 7
59 2000 7
59 2017 6
59 2046 6
59 2052 7
59 2056 6
59 2081 6
59 2102 7
59 2157 6
59 2232 6
59 2259 3
59 2286 3
59 2292 6
59 2307 7
59 2345 9
59 2359 5
59 2418 3
59 2437 7
59 2491 4
59 2504 4
59 2564 5
59 2569 5
59 2597 7
59 2629 8
60 13 3
60 57 8
60 81 3
60 84 1
60 123 7
60 140 6
60 143 6
60 148 4
60 161 4
60 229 3
60 288 7
60 292 3
60 302 7
60 325 7
60 336 7
60 387 5
60 397 2
60 428 5
60 434 3
60 438 7
60 450 4
60 488 3
60 509 4
60 525 7
60 580 4
60 595 8
60 629 5
60 646 5
60 748 3
60 808 3
60 813 6
60 829 7
60 906 3
60 908 7
60 930 1
60 980 4
60 986 7
60 1034 5
60 1043 4
60 1060 6
60 1063 1
60 1099 5
60 1126 3
60 1213 6
60 1229 6
60 1280 6
60 1308 6
60 1385 9
60 1421 5
60 1448 3
60 1466 4
60 1512 5
60 1546 3
60 1573 6
60 1576 7
60 1602 6
60 1605 5
60 1704 10
60 1714 5
60 1717 8
60 1738 4
60 1754 5
60 1794 5
60 1802 5
60 1807 7
60 1849 6
60 1926 4
60 1943 8
60 1969 4
60 1999 3
60 2039 4
60 2074 5
60 2134 5
60 2148 8
60 2171 5
60 2195 2
60 2209 6
60 2218 2
60 2229 7
60 2245 5
60 2274 4
60 2286 2
60 2305 6
60 2340 1
60 2349 5
60 2369 4
60 2401 6
60 2585 2
60 2601 8
60 2623 6
60 2628 6
60 2632 5
61 12 1
61 34 8
61 58 5
61 65 6
61 123 8
61 184 10
61 200 9
61 247 7
61 291 3
61 292 3
61 354 6
61 363 7
61 370 5
61 470 5
61 501 3
61 507 5
61 521 6
61 535 7
61 541 3
61 557 7
61 625 2
61 663 3
61 675 8
61 694 5
61 723 8
61 742 5
61 752 3
61 796 2
61 799 8
61 802 5
61 816 6
61 823 5
61 832 10
61 833 2
61 841 3
61 865 6
61 941 3
61 1014 10
61 1033 6
61 1050 1
61 1060 5
61 1105 5
61 1133 8
61 1205 6
61 1206 5
61 1211 4
61 1233 6
61 1258 6
61 1273 7
61 1308 6
61 1315 8
61 1324 4
61 1327 4
61 1367 1
61 1392 9
61 1422 4
61 1427 4
61 1444 4
61 1470 3
61 1479 4
61 1537 6
61 1569 3
61 1579 8
61 1683 4
61 1707 4
61 1708 4
61 1726 6
61 1727 5
61 1738 5
61 1742 4
61 1786 4
61 1787 5
61 1847 6
61 1848 5
61 1858 5
61 1860 7
61 1881 8
61 1894 7
61 1915 5
61 1927 5
61 1933 4
61 1984 3
61 2024 4
61 2050 5
61 2063 6
61 2071 7
61 2122 8
61 2162 1
61 2165 1
61 2184 6
61 2197 7
61 2204 6
61 2228 5
61 2251 7
61 2310 4
61 2314 10
61 2335 6
61 2357 8
61 2385 3
61 2399 8
61 2460 7
61 2473 9
61 2498 4
61 2501 6
61 2516 4
61 2522 5
61 2526 4
61 2553 5
61 2597 6
61 2624 8
61 2626 4
61 2629 7
62 44 7
62 113 6
62 116 5
62 117 5
62 197 4
62 209 6
62 274 6
62 279 5
62 307 7
62 327 5
62 416 6
62 468 10
62 539 7
62 572 1
62 583 1
62 651 6
62 670 6
62 704 3
62 752 4
62 800 7
62 805 0
62 811 5
62 857 6
62 912 4
62 948 3
62 974 3
62 985 8
62 1025 7
62 1086 7
62 1092 5
62 1100 4
62 1104 4
62 1116 4
62 1125 5
62 1136 4
62 1148 8
62 1167 5
62 1169 3
62 1201 5
62 1204 1
62 1217 4
62 1237 6
62 1254 6
62 1256 7
62 1281 6
62 1282 2
62 1304 7
62 1340 5
62 1460 5
62 1490 7
62 1515 4
62 1522 10
62 1557 9
62 1610 4
62 1623 6
62 1661 5
62 1664 4
62 1696 9
62 1701 6
62 1721 4
62 1746 3
62 1842 7
62 1873 3
62 1917 5
62 1928 5
62 1933 4
62 1960 6
62 2008 4
62 2075 5
62 2093 8
62 2114 8
62 2115 8
62 2123 2
62 2163 1
62 2168 7
62 2234 4
62 2245 7
62 2353 5
62 2366 9
62 2393 4
62 2444 6
62 2471 5
62 2502 5
62 2548 8
62 2551 7
62 2571 3
62 2574 7
63 4 5
63 36 4
63 54 1
63 64 4
63 73 6
63 79 6
63 91 8
63 106 5
63 111 6
63 135 6
63 153 2
63 172 5
63 196 5
63 204 5
63 235 8
63 280 8
63 282 0
63 308 6
63 317 5
63 357 7
63 360 10
63 383 4
63 400 6
63 438 6
63 448 7
63 461 4
63 485 10
63 489 7
63 492 5
63 512 4
63 537 5
63 672 3
63 692 6
63 696 4
63 698 6
63 706 6
63 721 4
63 762 1
63 775 9
63 812 5
63 815 5
63 825 2
63 826 5
63 834 5
63 836 6
63 862 6
63 908 6
63 931 5
63 1024 3
63 1040 7
63 1044 2
63 1051 8
63 1059 4
63 1069 5
63 1126 2
63 1153 4
63 1154 5
63 1157 5
63 1174 3
63 1178 2
63 1189 2
63 1190 9
63 1228 2
63 1257 6
63 1285 3
63 1292 4
63 1299 4
63 1339 5
63 1354 4
63 1374 4
63 1422 4
63 1458 5
63 1519 6
63 1595 3
63 1596 9
63 1626 1
63 1628 4
63 1652 7
63 1658 5
63 1667 8
63 1682 7
63 1686 5
63 1734 3
63 1770 8
63 1777 2
63 1778 8
63 1782 7
63 1824 7
63 1832 4
63 1845 2
63 1854 5
63 1862 5
63 1889 4
63 1898 5
63 1901 6
63 1952 3
63 1963 10
63 1982 3
63 2007 1
63 2038 6
63 2043 6
63 2058 7
63 2090 9
63 2143 6
63 2144 7
63 2191 9
63 2246 5
63 2253 3
63 2260 5
63 2304 7
63 2312 4
63 2321 6
63 2338 7
63 2381 7
63 2385 5
63 2396 5
63 2452 3
63 2496 5
63 2511 2
63 2512 7
63 2520 4
63 2535 2
63 2570 6
63 2605 8
63 2618 6
63 2639 0
64 26 8
64 71 5
64 80 4
64 95 5
64 112 7
64 152 3
64 206 9
64 214 9
64 240 8
64 242 2
64 327 3
64 363 5
64 378 5
64 390 5
64 433 9
64 440 4
64 508 6
64 557 7
64 589 2
64 610 4
64 667 7
64 689 4
64 693 5
64 721 4
64 722 4
64 768 5
64 769 2
64 835 4
64 882 3
64 934 6
64 939 1
64 950 1
64 958 7
64 1016 4
64 1031 1
64 1048 8
64 1067 7
64 1129 6
64 1175 7
64 1203 5
64 1229 6
64 1234 7
64 1262 3
64 1283 2
64 1301 6
64 1308 8
64 1312 2
64 1315 9
64 1316 5
64 1425 5
64 1435 4
64 1476 5
64 1494 5
64 1518 1
64 1561 4
64 1655 8
64 1727 6
64 1733 5
64 1778 7
64 1799 5
64 1862 4
64 1863 8
64 1885 7
64 1931 7
64 1935 4
64 1955 5
64 1965 7
64 2022 8
64 2060 3
64 2192 5
64 2196 8
64 2223 6
64 2231 6
64 2236 6
64 2258 3
64 2275 5
64 2280 6
64 2304 5
64 2319 5
64 2323 6
64 2333 5
64 2347 4
64 2404 7
64 2548 8
64 2582 9
64 2589 7
65 45 7
65 126 2
65 444 4
65 573 4
65 694 5
65 777 4
65 875 3
65 904 2
65 926 6
65 968 4
65 1084 3
65 1160 4
65 1312 3
65 1341 7
65 1917 6
65 1938 6
65 2196 7
65 2341 1
65 2361 4
65 2463 2
65 2630 10
66 0 4
66 56 4
66 78 9
66 118 2
66 123 9
66 212 6
66 246 5
66 280 8
66 296 6
66 312 4
66 346 4
66 365 6
66 393 4
66 468 10
66 477 6
66 504 5
66 529 3
66 541 3
66 556 3
66 571 2
66 594 4
66 612 6
66 639 5
66 640 3
66 650 6
66 665 3
66 668 6
66 685 7
66 699 4
66 772 6
66 785 10
66 789 5
66 791 4
66 804 7
66 819 5
66 840 5
66 849 7
66 863 7
66 884 7
66 920 4
66 947 3
66 975 7
66 985 8
66 996 5
66 1026 3
66 1042 3
66 1180 7
66 1200 7
66 1224 2
66 1236 3
66 1277 5
66 1297 8
66 1306 7
66 1325 6
66 1377 2
66 1382 3
66 1416 5
66 1418 4
66 1434 7
66 1439 7
66 1467 4
66 1473 4
66 1474 4
66 1476 7
66 1486 7
66 1500 10
66 1538 4
66 1544 8
66 1548 10
66 1571 4
66 1577 5
66 1586 4
66 1587 7
66 1615 7
66 1647 6
66 1678 10
66 1679 3
66 1696 9
66 1708 2
66 1718 4
66 1753 7
66 1764 7
66 1821 5
66 1833 5
66 1838 3
66 1857 4
66 1875 7
66 1931 9
66 1934 3
66 1974 3
66 2019 5
66 2029 2
66 2048 3
66 2108 5
66 2113 3
66 2118 5
66 2128 0
66 2134 5
66 2158 7
66 2166 4
66 2175 3
66 2179 5
66 2189 8
66 2196 8
66 2215 5
66 2228 6
66 2229 7
66 2234 6
66 2241 4
66 2273 6
66 2290 5
66 2294 4
66 2312 5
66 2331 4
66 2347 5
66 2359 6
66 2360 7
66 2411 10
66 2413 3
66 2441 3
66 2462 7
66 2516 4
66 2523 6
66 2555 9
66 2562 5
66 2576 4
66 2580 4
66 2594 5
66 2608 4
66 2619 2
67 2 4
67 22 3
67 36 4
67 144 4
67 218 3
67 221 5
67 302 6
67 332 0
67 340 4
67 351 4
67 445 3
67 479 3
67 498 4
67 517 4
67 524 4
67 557 6
67 626 9
67 691 8
67 717 6
67 795 7
67 850 4
67 854 5
67 855 3
67 858 4
67 868 8
67 875 4
67 903 5
67 926 7
67 933 5
67 951 0
67 966 7
67 1016 3
67 1034 3
67 1062 7
67 1069 5
67 1075 6
67 1123 2
67 1210 3
67 1231 3
67 1233 8
67 1239 5
67 1250 3
67 1312 2
67 1373 6
67 1378 4
67 1385 7
67 1386 3
67 1404 8
67 1415 6
67 1475 4
67 1501 5
67 1531 6
67 1554 8
67 1657 6
67 1667 7
67 1680 5
67 1713 6
67 1716 2
67 1719 7
67 1742 5
67 1745 6
67 1757 5
67 1884 2
67 2029 2
67 2101 5
67 2209 6
67 2237 9
67 2326 3
67 2371 5
67 2376 1
67 2454 4
67 2465 3
67 2475 3
67 2499 5
67 2512 7
67 2550 5
67 2554 4
67 2589 7
67 2608 5
68 33 5
68 47 4
68 114 3
68 293 7
68 301 6
68 339 7
68 340 4
68 390 6
68 515 8
68 577 0
68 580 6
68 611 5
68 636 2
68 700 5
68 837 3
68 948 4
68 976 8
68 1016 5
68 1017 3
68 1107 10
68 1122 7
68 1138 3
68 1198 5
68 1210 3
68 1222 7
68 1257 6
68 1275 4
68 1284 8
68 1618 10
68 1645 6
68 1741 3
68 1759 6
68 1774 3
68 1848 4
68 1850 2
68 1906 4
68 1907 6
68 1979 9
68 2012 2
68 2108 4
68 2147 8
68 2153 6
68 2225 5
68 2342 6
68 2350 8
68 2489 9
68 2498 4
69 58 6
69 66 7
69 121 5
69 142 5
69 148 4
69 167 4
69 331 9
69 350 7
69 380 5
69 497 3
69 618 4
69 637 7
69 651 7
69 652 5
69 691 8
69 806 5
69 841 2
69 861 1
69 1037 5
69 1101 0
69 1133 9
69 1195 5
69 1239 3
69 1246 8
69 1294 8
69 1382 3
69 1383 2
69 1385 7
69 1388 5
69 1391 5
69 1399 5
69 1404 8
69 1446 7
69 1458 6
69 1492 8
69 1507 6
69 1515 4
69 1533 8
69 1582 2
69 1613 7
69 1623 5
69 1630 3
69 1632 6
69 1639 5
69 1663 4
69 1742 4
69 1756 4
69 1770 7
69 1771 3
69 1783 5
69 1788 3
69 1803 5
69 1807 7
69 1820 3
69 1833 5
69 1906 3
69 1969 5
69 1986 4
69 2000 9
69 2004 5
69 2032 7
69 2162 2
69 2171 4
69 2174 5
69 2189 8
69 2220 4
69 2238 6
69 2239 7
69 2273 5
69 2314 10
69 2325 5
69 2336 2
69 2367 6
69 2379 4
69 2410 1
69 2440 5
69 2472 9
69 2491 4
69 2510 5
69 2511 3
69 2515 7
69 2564 3
69 2592 8
69 2596 8
69 2611 7
69 2612 3
70 9 4
70 19 6
70 26 7
70 74 4
70 98 6
70 114 3
70 119 6
70 156 7
70 182 5
70 229 2
70 264 2
70 281 7
70 304 4
70 308 5
70 351 5
70 353 1
70 354 6
70 388 4
70 412 2
70 427 7
70 459 4
70 481 7
70 503 5
70 505 6
70 573 6
70 593 1
70 599 7
70 618 4
70 621 6
70 622 7
70 632 7
70 671 3
70 672 5
70 682 5
70 717 6
70 722 5
70 724 8
70 747 5
70 774 5
70 779 9
70 788 0
70 790 4
70 822 8
70 846 5
70 903 3
70 946 3
70 965 2
70 973 6
70 984 0
70 1001 7
70 1008 7
70 1037 5
70 1047 7
70 1057 2
70 1059 2
70 1075 6
70 1099 5
70 1142 5
70 1159 10
70 1160 5
70 1194 3
70 1196 6
70 1254 6
70 1275 5
70 1281 6
70 1306 6
70 1330 4
70 1347 6
70 1377 4
70 1437 3
70 1462 8
70 1466 4
70 1483 0
70 1577 4
70 1621 0
70 1652 5
70 1679 2
70 1685 1
70 1694 0
70 1800 8
70 1808 5
70 1825 3
70 1862 5
70 1925 3
70 1933 4
70 1946 2
70 1978 7
70 2007 2
70 2014 4
70 2015 6
70 2022 7
70 2026 6
70 2044 5
70 2062 6
70 2111 4
70 2128 1
70 2133 5
70 2137 5
70 2163 2
70 2164 8
70 2171 4
70 2203 4
70 2206 0
70 2218 2
70 2257 5
70 2267 1
70 2280 5
70 2345 7
70 2375 3
70 2448 5
70 2484 9
70 2488 3
70 2517 10
70 2522 6
70 2531 5
70 2577 7
70 2585 0
70 2617 4
71 26 6
71 58 7
71 97 7
71 99 3
71 107 5
71 142 5
71 207 5
71 223 3
71 226 7
71 228 6
71 244 7
71 292 3
71 329 4
71 331 9
71 340 5
71 367 6
71 384 5
71 399 6
71 422 4
71 423 8
71 430 4
71 501 2
71 508 5
71 533 5
71 594 4
71 600 4
71 643 9
71 644 0
71 687 7
71 745 6
71 755 3
71 761 3
71 762 2
71 772 6
71 823 7
71 825 2
71 831 4
71 836 7
71 848 4
71 977 7
71 1003 4
71 1019 3
71 1091 5
71 1124 2
71 1125 5
71 1148 9
71 1158 3
71 1198 4
71 1235 2
71 1284 10
71 1308 7
71 1330 3
71 1376 6
71 1379 5
71 1388 5
71 1392 9
71 1402 3
71 1436 7
71 1454 4
71 1521 5
71 1526 2
71 1552 1
71 1584 9
71 1597 5
71 1624 1
71 1629 8
71 1647 7
71 1659 1
71 1667 7
71 1719 8
71 1726 5
71 1749 1
71 1760 5
71 1787 3
71 1838 4
71 1860 9
71 1874 4
71 1890 8
71 1911 7
71 1917 5
71 1940 4
71 1946 2
71 1962 6
71 1978 7
71 2027 4
71 2051 9
71 2052 6
71 2066 1
71 2083 7
71 2108 6
71 2113 5
71 2128 2
71 2151 5
71 2182 5
71 2194 7
71 2195 3
71 2222 4
71 2232 7
71 2233 8
71 2246 4
71 2265 9
71 2268 3
71 2276 4
71 2277 8
71 2281 1
71 2311 5
71 2325 4
71 2357 6
71 2393 5
71 2407 5
71 2412 8
71 2428 7
71 2488 3
71 2514 5
71 2519 4
71 2520 2
71 2521 3
71 2554 4
71 2560 4
72 7 6
72 16 8
72 92 3
72 94 7
72 117 5
72 124 6
72 204 7
72 226 6
72 261 1
72 275 6
72 279 6
72 327 3
72 335 4
72 343 3
72 428 3
72 435 5
72 470 6
72 477 4
72 478 5
72 499 5
72 532 7
72 553 4
72 561 5
72 587 5
72 609 4
72 617 5
72 631 2
72 691 8
72 723 7
72 737 6
72 750 4
72 854 6
72 887 3
72 895 8
72 897 4
72 919 2
72 923 6
72 973 7
72 988 4
72 1009 8
72 1061 4
72 1063 3
72 1082 0
72 1091 4
72 1104 5
72 1110 3
72 1128 5
72 1133 7
72 1144 6
72 1157 5
72 1162 5
72 1176 4
72 1192 7
72 1194 5
72 1198 3
72 1200 9
72 1289 4
72 1311 3
72 1346 6
72 1372 10
72 1392 10
72 1428 4
72 1441 8
72 1448 3
72 1450 3
72 1454 3
72 1455 5
72 1456 6
72 1483 0
72 1561 3
72 1626 1
72 1627 4
72 1640 5
72 1654 7
72 1681 9
72 1684 6
72 1694 0
72 1765 5
72 1773 7
72 1796 5
72 1825 3
72 1835 6
72 1853 8
72 1886 5
72 1892 2
72 1918 4
72 1945 9
72 1960 5
72 1981 5
72 1994 6
72 1996 7
72 2040 6
72 2060 4
72 2062 6
72 2072 4
72 2079 3
72 2107 3
72 2123 3
72 2201 4
72 2207 8
72 2208 2
72 2235 6
72 2251 5
72 2255 3
72 2293 4
72 2319 6
72 2355 5
72 2359 5
72 2374 4
72 2391 8
72 2416 6
72 2419 3
72 2426 2
72 2427 3
72 2428 8
72 2429 4
72 2431 4
72 2436 7
72 2470 5
72 2471 6
72 2493 6
72 2510 5
72 2523 7
72 2542 6
72 2554 2
72 2567 4
72 2568 5
72 2626 4
73 300 2
73 415 9
73 553 4
73 715 8
73 745 5
73 786 8
73 1305 7
73 1383 2
73 1417 4
73 1448 1
73 1767 3
73 1814 5
73 1976 4
73 2012 2
73 2046 5
73 2092 3
74 148 5
74 150 10
74 163 5
74 204 6
74 223 3
74 317 5
74 334 6
74 567 5
74 647 4
74 672 3
74 690 5
74 703 5
74 709 4
74 788 0
74 845 7
74 868 9
74 1173 6
74 1179 10
74 1212 2
74 1246 7
74 1408 5
74 1502 8
74 1758 10
74 1785 6
74 1813 2
74 1914 3
74 1919 6
74 2016 7
74 2033 5
74 2043 6
74 2400 4
74 2404 9
74 2468 5
74 2493 5
74 2538 7
75 90 7
75 143 7
75 190 1
75 271 5
75 422 4
75 447 4
75 643 8
75 703 4
75 709 2
75 728 6
75 786 9
75 796 2
75 803 10
75 915 5
75 921 5
75 946 3
75 968 6
75 981 5
75 1022 8
75 1033 7
75 1124 4
75 1129 4
75 1140 8
75 1145 4
75 1158 4
75 1167 4
75 1169 1
75 1207 8
75 1343 10
75 1421 7
75 1457 4
75 1574 7
75 1577 4
75 1611 1
75 1613 7
75 1697 3
75 1735 0
75 1825 3
75 1932 5
75 1964 7
75 1980 5
75 2022 7
75 2129 5
75 2175 5
75 2206 1
75 2246 3
75 2265 7
75 2302 6
75 2364 7
75 2388 4
75 2395 6
75 2421 8
75 2478 4
75 2484 8
75 2577 6
75 2597 8
75 2603 6
75 2604 5
76 0 3
76 9 5
76 42 1
76 50 5
76 74 4
76 139 6
76 141 6
76 212 8
76 229 4
76 272 4
76 281 7
76 284 6
76 323 5
76 368 5
76 372 6
76 377 6
76 390 5
76 401 1
76 414 8
76 436 6
76 482 3
76 549 7
76 558 6
76 561 4
76 573 5
76 596 4
76 654 5
76 657 6
76 669 6
76 670 5
76 676 6
76 682 3
76 710 4
76 712 1
76 740 9
76 759 6
76 801 6
76 831 5
76 857 7
76 886 7
76 915 7
76 922 6
76 945 5
76 993 5
76 1007 1
76 1031 0
76 1052 4
76 1111 8
76 1132 5
76 1141 7
76 1177 8
76 1191 5
76 1192 8
76 1214 5
76 1276 4
76 1287 4
76 1308 8
76 1346 6
76 1348 5
76 1362 9
76 1386 5
76 1387 6
76 1394 4
76 1404 7
76 1405 5
76 1448 1
76 1455 6
76 1471 9
76 1484 4
76 1485 3
76 1487 5
76 1525 9
76 1552 3
76 1564 4
76 1581 10
76 1591 6
76 1617 7
76 1645 6
76 1702 7
76 1704 10
76 1716 2
76 1747 6
76 1774 4
76 1815 5
76 1816 4
76 1837 2
76 1849 6
76 1854 5
76 1874 4
76 1897 3
76 1927 5
76 1951 4
76 1961 5
76 1985 10
76 2013 6
76 2052 7
76 2061 3
76 2069 4
76 2086 6
76 2088 5
76 2093 6
76 2115 8
76 2149 4
76 2157 7
76 2192 3
76 2217 9
76 2257 6
76 2259 5
76 2312 6
76 2318 9
76 2370 4
76 2424 7
76 2431 4
76 2443 5
76 2469 3
76 2501 6
76 2507 4
76 2522 5
76 2527 4
76 2555 9
76 2561 2
76 2574 6
76 2603 6
76 2606 7
77 96 5
77 113 5
77 154 3
77 157 3
77 158 7
77 187 5
77 280 6
77 417 7
77 424 4
77 438 6
77 500 6
77 539 8
77 579 3
77 593 0
77 609 3
77 649 2
77 656 10
77 663 3
77 664 5
77 680 3
77 756 5
77 772 6
77 807 8
77 831 4
77 849 5
77 859 5
77 1010 2
77 1101 0
77 1130 4
77 1155 2
77 1208 5
77 1303 2
77 1357 4
77 1381 5
77 1394 4
77 1483 1
77 1556 4
77 1602 5
77 1638 7
77 1642 7
77 1742 6
77 1819 2
77 1858 5
77 1870 0
77 1977 3
77 2074 4
77 2078 9
77 2103 3
77 2184 5
77 2379 5
77 2422 2
77 2427 4
77 2446 2
77 2468 4
77 2477 5
77 2539 10
77 2612 4
78 100 6
78 336 6
78 380 4
78 1906 4
78 2208 4
79 5 5
79 7 6
79 139 7
79 181 1
79 281 6
79 295 5
79 392 9
79 465 6
79 533 4
79 542 4
79 556 2
79 722 5
79 993 4
79 1127 10
79 1186 4
79 1286 8
79 1338 2
79 1369 7
79 1506 6
79 1529 5
79 1655 7
79 1711 9
79 1785 5
79 1883 6
79 2007 2
79 2044 6
79 2206 0
79 2231 7
79 2365 5
79 2375 3
79 2586 7
80 72 7
80 85 5
80 99 3
80 120 4
80 137 4
80 167 5
80 171 2
80 172 5
80 177 3
80 194 7
80 197 4
80 232 5
80 240 7
80 600 5
80 640 4
80 659 4
80 689 5
80 706 6
80 747 5
80 777 4
80 837 5
80 909 3
80 936 6
80 1048 9
80 1092 4
80 1123 3
80 1170 6
80 1223 7
80 1323 7
80 1359 7
80 1651 8
80 1744 4
80 1750 8
80 1827 3
80 1880 6
80 1882 7
80 1927 3
80 1993 4
80 2083 8
80 2097 5
80 2103 3
80 2124 9
80 2180 4
80 2242 8
80 2262 8
80 2265 8
80 2268 4
80 2287 10
80 2305 7
80 2376 3
80 2457 3
80 2504 5
80 2597 7
80 2614 5
81 19 6
81 44 6
81 56 5
81 63 3
81 66 7
81 118 1
81 122 7
81 163 5
81 168 8
81 211 6
81 212 8
81 227 7
81 230 4
81 241 5
81 266 2
81 283 6
81 287 2
81 314 9
81 325 5
81 333 5
81 353 1
81 413 7
81 441 6
81 447 5
81 448 6
81 452 2
81 467 9
81 469 7
81 531 7
81 573 5
81 618 4
81 652 3
81 693 4
81 696 6
81 754 2
81 787 8
81 805 0
81 807 7
81 846 4
81 852 6
81 871 6
81 876 2
81 884 5
81 933 6
81 935 4
81 971 8
81 978 7
81 1009 7
81 1035 5
81 1043 6
81 1060 6
81 1065 4
81 1070 6
81 1176 6
81 1234 5
81 1255 2
81 1269 9
81 1282 3
81 1286 9
81 1316 4
81 1318 9
81 1333 4
81 1339 6
81 1342 4
81 1351 6
81 1355 4
81 1367 2
81 1421 5
81 1444 2
81 1450 3
81 1473 6
81 1476 6
81 1524 5
81 1578 4
81 1586 4
81 1590 0
81 1606 2
81 1641 5
81 1650 5
81 1663 4
81 1670 8
81 1676 6
81 1699 4
81 1720 6
81 1736 5
81 1738 3
81 1758 9
81 1763 7
81 1771 3
81 1859 5
81 1870 0
81 1886 5
81 1894 6
81 1957 4
81 1965 6
81 1996 7
81 1998 10
81 2062 8
81 2068 3
81 2070 8
81 2071 7
81 2083 8
81 2084 4
81 2097 5
81 2099 7
81 2118 7
81 2123 2
81 2237 10
81 2238 8
81 2248 4
81 2318 10
81 2332 6
81 2352 4
81 2373 1
81 2447 4
81 2490 6
81 2500 3
81 2519 5
81 2526 3
81 2532 5
81 2549 6
81 2591 6
81 2602 6
81 2607 5
81 2635 4
82 13 3
82 24 7
82 30 6
82 58 7
82 64 5
82 106 6
82 167 4
82 195 3
82 210 3
82 312 4
82 313 5
82 348 4
82 408 7
82 429 4
82 503 5
82 530 7
82 545 9
82 556 1
82 579 5
82 593 1
82 620 5
82 657 7
82 711 7
82 715 6
82 748 4
82 754 3
82 779 7
82 790 3
82 794 6
82 874 5
82 896 3
82 932 5
82 952 5
82 957 3
82 1046 5
82 1084 5
82 1105 5
82 1111 6
82 1128 6
82 1132 4
82 1194 5
82 1218 6
82 1236 4
82 1242 9
82 1282 2
82 1335 5
82 1393 5
82 1413 6
82 1432 8
82 1436 8
82 1483 1
82 1524 6
82 1525 9
82 1537 4
82 1564 5
82 1579 8
82 1580 4
82 1600 7
82 1619 4
82 1640 7
82 1644 7
82 1692 2
82 1723 7
82 1794 3
82 1834 2
82 1881 8
82 1887 3
82 1918 6
82 1925 2
82 1942 6
82 2044 5
82 2051 10
82 2072 3
82 2081 7
82 2116 7
82 2121 6
82 2126 8
82 2139 6
82 2154 8
82 2182 7
82 2248 3
82 2256 3
82 2274 5
82 2283 2
82 2312 6
82 2359 6
82 2384 7
82 2394 6
82 2411 8
82 2447 5
82 2456 8
82 2494 6
82 2511 3
82 2541 6
82 2558 7
82 2568 4
82 2575 0
83 2 4
83 100 4
83 137 2
83 154 3
83 243 3
83 352 6
83 357 8
83 416 6
83 428 5
83 434 3
83 453 1
83 514 2
83 549 7
83 620 7
83 637 7
83 741 1
83 761 3
83 770 3
83 781 6
83 871 6
83 904 3
83 936 4
83 939 2
83 946 2
83 1003 6
83 1019 4
83 1024 3
83 1077 7
83 1098 2
83 1099 5
83 1153 3
83 1183 5
83 1287 3
83 1332 6
83 1363 7
83 1365 5
83 1397 5
83 1399 6
83 1469 6
83 1493 6
83 1507 6
83 1525 9
83 1545 5
83 1599 5
83 1617 7
83 1627 4
83 1648 6
83 1666 4
83 1783 5
83 1805 6
83 1814 5
83 1840 7
83 1916 7
83 2019 5
83 2077 6
83 2158 5
83 2166 3
83 2207 8
83 2211 6
83 2273 5
83 2312 6
83 2333 6
83 2335 7
83 2376 3
83 2401 8
83 2402 6
83 2447 3
83 2492 6
83 2513 3
83 2519 5
83 2543 4
83 2580 5
83 2606 7
84 138 6
84 154 4
84 254 7
84 265 5
84 460 5
84 472 0
84 502 7
84 549 7
84 953 5
84 1039 6
84 1063 3
84 1067 6
84 1236 4
84 1315 9
84 1524 6
84 1658 7
84 1685 2
84 1862 3
84 1866 6
84 1890 9
84 1909 7
84 1941 5
84 2057 1
84 2080 8
84 2117 8
84 2187 4
84 2244 6
84 2362 4
84 2452 3
84 2513 3
84 2623 5
85 111 5
85 134 7
85 140 8
85 261 2
85 280 6
85 353 3
85 431 2
85 456 3
85 540 3
85 553 4
85 560 7
85 563 6
85 570 6
85 621 4
85 631 4
85 706 5
85 751 4
85 758 3
85 769 2
85 842 9
85 857 6
85 907 3
85 983 3
85 989 5
85 1042 3
85 1094 4
85 1123 2
85 1130 4
85 1140 7
85 1190 7
85 1191 7
85 1209 5
85 1227 5
85 1229 7
85 1234 7
85 1269 10
85 1332 6
85 1366 3
85 1384 7
85 1388 5
85 1392 9
85 1409 4
85 1417 5
85 1418 2
85 1425 4
85 1455 7
85 1479 2
85 1527 6
85 1575 7
85 1587 5
85 1640 7
85 1648 6
85 1653 4
85 1673 8
85 1689 9
85 1694 0
85 1720 6
85 1747 6
85 1751 5
85 1761 5
85 1766 4
85 1774 2
85 1793 4
85 1855 3
85 1876 8
85 1880 8
85 1914 2
85 1928 7
85 2011 5
85 2015 8
85 2041 9
85 2119 3
85 2149 5
85 2156 5
85 2243 8
85 2300 7
85 2366 9
85 2374 3
85 2398 9
85 2419 3
85 2432 3
85 2467 3
85 2485 7
85 2507 4
85 2538 5
85 2581 4
85 2593 4
85 2595 6
85 2621 6
85 2636 7
86 40 5
86 572 2
86 1715 6
86 2188 7
86 2219 1
87 25 2
87 41 1
87 74 5
87 102 5
87 111 7
87 140 7
87 279 4
87 282 2
87 391 4
87 398 2
87 399 7
87 429 5
87 452 2
87 489 6
87 520 6
87 549 6
87 574 7
87 590 8
87 607 0
87 624 4
87 649 2
87 682 5
87 688 6
87 695 8
87 731 7
87 771 3
87 785 10
87 838 5
87 900 5
87 929 4
87 959 2
87 973 7
87 974 5
87 1004 7
87 1009 9
87 1021 3
87 1039 8
87 1051 6
87 1053 5
87 1109 5
87 1114 8
87 1167 4
87 1244 2
87 1281 4
87 1337 5
87 1355 3
87 1380 5
87 1390 3
87 1401 7
87 1419 4
87 1450 4
87 1451 3
87 1470 4
87 1476 5
87 1481 5
87 1510 7
87 1553 0
87 1628 4
87 1666 4
87 1698 9
87 1732 4
87 1740 10
87 1745 8
87 1760 7
87 1794 3
87 1808 5
87 1818 5
87 1839 10
87 1914 3
87 1915 4
87 1929 9
87 1937 5
87 1942 6
87 1947 2
87 1996 5
87 2030 7
87 2051 10
87 2063 5
87 2083 6
87 2160 5
87 2195 4
87 2211 8
87 2230 7
87 2254 7
87 2281 0
87 2285 5
87 2346 4
87 2357 7
87 2381 7
87 2404 9
87 2422 2
87 2431 3
87 2445 4
87 2455 7
87 2477 3
87 2529 5
87 2571 3
87 2594 5
88 37 3
88 57 8
88 67 4
88 94 8
88 110 7
88 153 3
88 168 8
88 206 8
88 317 5
88 402 6
88 439 3
88 476 3
88 482 3
88 506 5
88 609 3
88 692 7
88 769 3
88 822 7
88 876 2
88 902 5
88 1010 2
88 1012 4
88 1275 6
88 1286 8
88 1297 7
88 1331 5
88 1356 4
88 1409 3
88 1430 9
88 1451 4
88 1531 6
88 1628 5
88 1685 0
88 1709 5
88 1800 6
88 1806 4
88 1959 2
88 2031 6
88 2220 5
88 2300 8
88 2318 8
88 2320 4
88 2349 5
88 2350 9
88 2355 3
88 2410 1
88 2476 9
88 2493 4
88 2518 4
88 2536 3
88 2553 3
88 2579 7
89 3 7
89 8 4
89 38 5
89 54 2
89 62 7
89 139 7
89 180 2
89 224 7
89 258 5
89 260 5
89 268 5
89 311 3
89 332 0
89 351 6
89 385 3
89 391 4
89 412 3
89 470 7
89 550 8
89 561 5
89 576 6
89 616 5
89 684 6
89 698 7
89 699 5
89 745 4
89 768 3
89 770 3
89 787 6
89 791 4
89 826 4
89 855 3
89 873 6
89 884 5
89 909 2
89 962 9
89 963 4
89 984 1
89 1110 2
89 1115 7
89 1116 4
89 1122 9
89 1181 9
89 1185 6
89 1189 1
89 1220 4
89 1226 2
89 1334 7
89 1375 3
89 1436 9
89 1481 5
89 1489 2
89 1493 7
89 1513 4
89 1517 6
89 1521 6
89 1524 6
89 1577 6
89 1680 4
89 1766 4
89 1771 5
89 1774 2
89 1835 6
89 1861 1
89 1881 8
89 1923 5
89 1929 8
89 1942 8
89 1950 5
89 1972 8
89 1993 5
89 2005 6
89 2029 3
89 2050 3
89 2061 4
89 2067 2
89 2076 4
89 2078 9
89 2085 5
89 2100 7
89 2107 4
89 2180 3
89 2197 7
89 2202 6
89 2216 6
89 2217 9
89 2231 6
89 2284 5
89 2292 4
89 2327 7
89 2383 6
89 2426 4
89 2433 6
89 2464 3
89 2477 3
89 2480 6
89 2512 6
89 2548 7
89 2596 7
89 2615 0
89 2617 4
89 2628 4
90 243 4
90 310 4
90 420 7
90 685 5
90 686 6
90 1417 3
90 1543 3
90 1726 4
90 1730 3
90 1900 7
90 1951 4
90 1959 0
90 1986 2
90 2181 8
91 18 5
91 28 6
91 44 6
91 202 9
91 287 2
91 295 4
91 296 5
91 303 4
91 351 4
91 354 6
91 369 5
91 443 7
91 469 9
91 581 4
91 698 7
91 729 6
91 815 5
91 839 7
91 874 5
91 966 7
91 969 8
91 1002 8
91 1101 2
91 1178 2
91 1196 5
91 1210 3
91 1289 6
91 1363 7
91 1404 6
91 1450 5
91 1457 5
91 1522 10
91 1538 5
91 1591 5
91 1653 5
91 1688 5
91 1709 7
91 1716 2
91 1730 3
91 1760 6
91 1776 6
91 1802 5
91 1856 6
91 1896 5
91 1923 5
91 2060 2
91 2126 8
91 2131 4
91 2171 5
91 2176 2
91 2199 5
91 2203 3
91 2235 5
91 2315 9
91 2346 4
91 2409 6
91 2414 5
91 2439 5
91 2517 10
91 2547 7
91 2573 10
92 2 5
92 18 4
92 86 5
92 134 6
92 135 5
92 286 6
92 364 7
92 372 6
92 508 7
92 521 6
92 536 5
92 695 6
92 1020 5
92 1035 4
92 1132 4
92 1138 4
92 1281 6
92 1479 2
92 1490 8
92 1580 4
92 1657 8
92 1928 5
92 1959 0
92 2115 6
92 2159 6
92 2412 6
92 2458 5
92 2501 4
93 35 4
93 46 5
93 52 6
93 53 3
93 54 3
93 132 5
93 193 4
93 209 7
93 227 8
93 241 7
93 294 7
93 303 3
93 316 3
93 319 6
93 326 2
93 349 6
93 364 5
93 366 4
93 371 2
93 384 5
93 420 8
93 427 7
93 491 4
93 523 2
93 563 5
93 625 2
93 658 5
93 762 3
93 765 3
93 862 6
93 865 4
93 869 6
93 876 3
93 946 3
93 990 4
93 1051 7
93 1146 4
93 1160 4
93 1162 4
93 1182 5
93 1260 4
93 1324 4
93 1325 4
93 1340 5
93 1388 5
93 1408 6
93 1437 3
93 1443 4
93 1451 5
93 1512 4
93 1532 4
93 1538 4
93 1630 2
93 1660 8
93 1859 5
93 1881 8
93 1887 4
93 1907 6
93 1926 3
93 1945 10
93 1989 5
93 1997 4
93 2017 7
93 2076 3
93 2091 1
93 2112 3
93 2139 6
93 2151 6
93 2196 8
93 2225 6
93 2275 5
93 2320 5
93 2399 7
93 2408 7
93 2413 3
93 2418 4
93 2446 2
93 2457 2
93 2465 2
93 2493 6
93 2573 8
93 2583 7
93 2602 6
93 2613 8
94 32 5
94 99 4
94 111 7
94 134 7
94 135 4
94 297 9
94 335 5
94 368 4
94 398 2
94 426 4
94 451 7
94 475 2
94 513 6
94 527 7
94 540 3
94 622 6
94 626 7
94 668 6
94 677 6
94 697 8
94 768 4
94 780 5
94 781 5
94 799 9
94 884 6
94 897 3
94 900 3
94 936 4
94 937 2
94 1018 2
94 1055 7
94 1104 3
94 1105 5
94 1131 4
94 1192 6
94 1251 7
94 1295 7
94 1323 7
94 1358 8
94 1412 5
94 1420 3
94 1457 3
94 1467 6
94 1588 3
94 1594 2
94 1668 6
94 1677 2
94 1698 7
94 1759 5
94 1764 5
94 1770 7
94 1787 5
94 1812 4
94 1827 4
94 1874 3
94 1953 3
94 1976 5
94 1988 6
94 2002 5
94 2030 6
94 2080 6
94 2108 4
94 2151 4
94 2190 5
94 2225 7
94 2233 9
94 2255 5
94 2304 6
94 2323 8
94 2335 7
94 2351 6
94 2353 5
94 2374 4
94 2381 6
94 2382 4
94 2436 7
94 2437 6
94 2440 4
94 2452 3
94 2472 8
94 2503 1
94 2512 6
94 2540 6
94 2551 6
94 2603 5
94 2613 7
94 2615 0
94 2637 8
95 50 4
95 75 8
95 112 7
95 138 7
95 144 4
95 165 5
95 180 2
95 187 3
95 269 6
95 270 6
95 299 5
95 335 4
95 400 8
95 437 7
95 448 8
95 459 4
95 555 4
95 623 4
95 666 7
95 678 5
95 789 3
95 808 4
95 842 8
95 889 1
95 897 3
95 1018 4
95 1023 3
95 1037 4
95 1069 6
95 1172 5
95 1188 3
95 1209 5
95 1214 5
95 1216 1
95 1257 4
95 1276 5
95 1282 3
95 1283 4
95 1291 8
95 1306 8
95 1338 4
95 1348 3
95 1350 3
95 1381 5
95 1454 3
95 1527 7
95 1547 6
95 1620 4
95 1630 4
95 1680 5
95 1720 7
95 1773 9
95 1792 3
95 1814 7
95 1851 6
95 1893 5
95 1948 7
95 1988 5
95 2020 5
95 2065 1
95 2074 4
95 2096 3
95 2152 2
95 2193 3
95 2195 2
95 2221 7
95 2222 4
95 2233 8
95 2253 3
95 2275 5
95 2304 7
95 2319 6
95 2335 5
95 2372 7
95 2420 5
95 2430 3
95 2442 4
95 2453 7
95 2505 5
95 2510 5
95 2516 3
95 2532 4
95 2539 9
95 2559 4
95 2585 1
95 2588 7
95 2611 5
96 32 4
96 47 3
96 240 8
96 317 7
96 516 5
96 572 1
96 684 4
96 686 7
96 738 5
96 984 2
96 987 5
96 1035 4
96 1090 4
96 1097 4
96 1110 3
96 1387 4
96 1714 6
96 1747 6
96 1817 4
96 2093 6
96 2295 8
96 2394 7
96 2432 2
96 2629 7
97 1 2
97 11 4
97 48 3
97 68 5
97 79 7
97 102 4
97 119 4
97 177 4
97 251 2
97 298 4
97 331 7
97 449 4
97 464 5
97 502 6
97 619 4
97 638 4
97 645 10
97 660 5
97 663 2
97 667 7
97 732 8
97 746 4
97 755 2
97 763 6
97 772 6
97 791 6
97 935 4
97 937 2
97 965 4
97 985 7
97 1055 6
97 1095 5
97 1152 5
97 1157 4
97 1161 7
97 1340 6
97 1371 3
97 1401 7
97 1533 8
97 1609 0
97 1703 4
97 1707 4
97 1734 3
97 1743 4
97 1817 3
97 1895 5
97 1905 5
97 1966 7
97 2037 5
97 2056 4
97 2132 5
97 2144 7
97 2157 6
97 2167 7
97 2189 6
97 2194 7
97 2209 4
97 2222 2
97 2263 6
97 2280 6
97 2281 1
97 2314 8
97 2329 8
97 2428 7
97 2513 3
97 2552 3
98 306 3
98 1500 9
99 183 7
99 458 4
99 1251 8
99 1282 2
99 1604 5
99 1658 7
99 1710 5
99 1958 3
99 2014 5
100 336 7
100 416 6
100 431 3
100 438 7
100 527 5
100 731 6
100 752 5
100 910 5
100 918 4
100 923 4
100 1030 3
100 1181 8
100 1276 3
100 1405 6
100 1497 2
100 1568 1
100 1759 5
100 1774 4
100 1995 0
100 2070 7
100 2130 6
100 2538 7
101 15 2
101 21 5
101 69 5
101 87 6
101 108 5
101 111 7
101 120 2
101 152 5
101 178 10
101 220 8
101 341 4
101 358 4
101 376 3
101 402 5
101 445 5
101 476 5
101 479 3
101 564 3
101 584 8
101 627 5
101 713 3
101 715 6
101 776 4
101 802 7
101 823 5
101 838 6
101 845 6
101 890 7
101 908 5
101 963 5
101 1012 6
101 1041 3
101 1068 6
101 1152 6
101 1179 10
101 1188 3
101 1227 4
101 1266 6
101 1283 2
101 1332 7
101 1351 6
101 1402 3
101 1403 5
101 1424 6
101 1431 7
101 1437 3
101 1491 0
101 1508 8
101 1514 4
101 1561 3
101 1641 5
101 1666 3
101 1676 5
101 1687 7
101 1712 4
101 1718 4
101 1729 8
101 1771 5
101 1822 7
101 1879 4
101 1896 5
101 1928 7
101 1962 4
101 1977 2
101 2015 6
101 2021 3
101 2063 7
101 2070 6
101 2074 4
101 2118 6
101 2156 5
101 2188 6
101 2224 7
101 2250 6
101 2280 5
101 2282 7
101 2285 3
101 2318 9
101 2360 7
101 2400 3
101 2407 7
101 2498 4
101 2564 5
101 2610 4
101 2627 6
101 2634 6
102 13 2
102 17 1
102 41 3
102 76 5
102 180 2
102 202 9
102 224 7
102 271 6
102 296 6
102 297 9
102 299 6
102 317 7
102 345 5
102 358 3
102 421 7
102 522 4
102 548 4
102 550 6
102 675 9
102 802 6
102 847 3
102 855 3
102 989 5
102 1022 7
102 1056 6
102 1094 5
102 1100 5
102 1138 5
102 1156 10
102 1171 7
102 1185 5
102 1309 6
102 1351 5
102 1371 1
102 1377 3
102 1381 4
102 1447 8
102 1485 4
102 1514 3
102 1518 2
102 1522 8
102 1523 4
102 1543 3
102 1551 1
102 1556 5
102 1574 9
102 1575 5
102 1616 5
102 1656 6
102 1673 8
102 1709 5
102 1724 6
102 1853 9
102 1859 3
102 1896 7
102 1918 6
102 1953 4
102 1967 5
102 1986 2
102 1989 4
102 2049 2
102 2065 0
102 2166 4
102 2177 4
102 2276 2
102 2278 5
102 2355 3
102 2388 3
102 2560 5
102 2590 4
102 2627 7
103 126 2
103 128 7
103 138 7
103 174 4
103 390 7
103 439 4
103 595 9
103 965 4
103 1017 3
103 1037 5
103 1051 6
103 1071 4
103 1287 3
103 1295 7
103 1325 6
103 1465 6
103 1503 0
103 1530 7
103 1690 6
103 2144 5
103 2161 4
103 2465 1
103 2580 4
104 7 6
104 11 4
104 38 5
104 57 7
104 67 5
104 101 0
104 117 7
104 140 6
104 142 3
104 154 3
104 178 10
104 186 5
104 192 6
104 198 2
104 208 8
104 225 5
104 268 4
104 332 2
104 333 5
104 361 6
104 399 6
104 415 9
104 455 6
104 485 8
104 487 2
104 509 3
104 529 3
104 540 4
104 542 5
104 558 6
104 571 0
104 578 4
104 581 6
104 596 3
104 609 5
104 615 2
104 623 5
104 664 5
104 683 1
104 686 8
104 749 7
104 761 3
104 779 7
104 859 5
104 871 6
104 874 5
104 888 6
104 913 3
104 957 3
104 974 4
104 1022 8
104 1043 6
104 1086 7
104 1095 6
104 1113 4
104 1171 7
104 1188 2
104 1204 3
104 1227 3
104 1248 2
104 1338 2
104 1339 5
104 1345 5
104 1349 3
104 1379 5
104 1381 5
104 1543 1
104 1570 5
104 1575 5
104 1595 3
104 1596 8
104 1617 6
104 1685 2
104 1688 7
104 1704 10
104 1716 3
104 1720 7
104 1732 4
104 1738 3
104 1753 5
104 1791 5
104 1801 4
104 1827 4
104 1862 3
104 1864 5
104 1866 5
104 1870 0
104 1879 2
104 1914 3
104 1950 5
104 1969 4
104 2002 5
104 2027 4
104 2031 4
104 2044 6
104 2054 2
104 2093 6
104 2099 6
104 2105 6
104 2125 4
104 2126 9
104 2173 5
104 2182 7
104 2195 3
104 2230 5
104 2263 6
104 2278 6
104 2322 6
104 2349 6
104 2379 4
104 2387 6
104 2444 6
104 2453 5
104 2470 7
104 2477 5
104 2502 5
104 2506 6
104 2509 6
104 2514 4
104 2521 4
104 2534 5
104 2536 3
105 67 5
105 75 8
105 84 1
105 149 3
105 156 5
105 188 3
105 197 4
105 198 2
105 222 4
105 280 7
105 346 4
105 347 5
105 350 5
105 360 8
105 391 4
105 407 5
105 420 8
105 459 4
105 464 5
105 494 7
105 504 5
105 508 6
105 511 5
105 515 9
105 528 4
105 539 6
105 541 5
105 668 4
105 690 4
105 694 7
105 695 6
105 701 3
105 705 8
105 709 3
105 747 5
105 761 3
105 811 5
105 820 6
105 866 5
105 887 5
105 898 4
105 972 5
105 999 8
105 1006 4
105 1090 6
105 1120 9
105 1124 2
105 1130 4
105 1138 3
105 1151 4
105 1172 5
105 1206 5
105 1209 5
105 1244 3
105 1268 5
105 1278 5
105 1284 9
105 1339 6
105 1401 7
105 1418 3
105 1444 2
105 1445 6
105 1466 3
105 1559 6
105 1560 1
105 1572 1
105 1581 8
105 1583 6
105 1609 0
105 1611 2
105 1617 5
105 1624 2
105 1693 3
105 1710 3
105 1711 9
105 1765 6
105 1780 6
105 1792 4
105 1806 4
105 1827 2
105 1840 5
105 1869 4
105 1870 1
105 1871 7
105 1877 5
105 1985 10
105 2006 6
105 2010 5
105 2021 3
105 2033 4
105 2055 9
105 2065 0
105 2076 2
105 2081 5
105 2122 7
105 2143 6
105 2154 7
105 2191 8
105 2194 8
105 2229 8
105 2231 6
105 2270 8
105 2285 3
105 2287 9
105 2332 5
105 2356 6
105 2377 6
105 2394 5
105 2448 4
105 2464 4
105 2470 5
105 2516 4
105 2521 2
105 2529 5
105 2537 4
105 2568 4
105 2569 5
105 2578 6
105 2603 4
105 2607 4
105 2618 7
105 2635 5
106 7 6
106 57 8
106 61 9
106 144 5
106 165 6
106 187 4
106 194 6
106 225 5
106 268 4
106 312 5
106 333 5
106 344 3
106 368 4
106 378 4
106 396 7
106 429 3
106 432 7
106 464 5
106 466 6
106 491 4
106 495 8
106 552 5
106 574 5
106 674 5
106 726 7
106 736 8
106 940 6
106 982 6
106 1035 6
106 1084 5
106 1191 5
106 1196 5
106 1197 6
106 1234 7
106 1236 4
106 1238 2
106 1248 4
106 1252 6
106 1253 4
106 1312 1
106 1348 5
106 1379 6
106 1405 7
106 1440 8
106 1443 4
106 1463 4
106 1473 6
106 1605 4
106 1630 2
106 1641 6
106 1649 6
106 1706 1
106 1767 4
106 1788 1
106 1798 8
106 1828 5
106 1840 5
106 1863 8
106 1899 4
106 1903 5
106 1911 5
106 1918 6
106 1930 6
106 1945 9
106 2051 10
106 2079 2
106 2143 8
106 2294 3
106 2347 5
106 2354 6
106 2362 6
106 2372 6
106 2378 4
106 2386 7
106 2411 8
106 2445 5
106 2468 5
106 2628 6
107 28 4
107 39 6
107 58 7
107 73 5
107 79 6
107 117 7
107 131 6
107 166 5
107 180 4
107 211 7
107 245 4
107 252 1
107 263 8
107 267 4
107 274 5
107 276 8
107 330 9
107 346 5
107 352 6
107 405 5
107 407 6
107 413 7
107 450 6
107 482 2
107 486 1
107 490 7
107 502 6
107 520 5
107 525 6
107 628 3
107 646 4
107 647 2
107 669 4
107 690 3
107 759 6
107 764 8
107 780 5
107 856 4
107 881 6
107 905 9
107 918 6
107 923 6
107 928 4
107 938 7
107 978 6
107 997 6
107 1005 1
107 1018 4
107 1104 4
107 1108 2
107 1147 4
107 1151 4
107 1185 5
107 1199 7
107 1229 7
107 1231 5
107 1298 8
107 1309 5
107 1321 7
107 1332 7
107 1388 4
107 1420 2
107 1466 4
107 1501 6
107 1504 6
107 1562 7
107 1671 6
107 1683 3
107 1707 5
107 1723 8
107 1725 5
107 1732 3
107 1757 4
107 1779 3
107 1813 3
107 1842 8
107 1876 8
107 1889 6
107 1944 0
107 1959 0
107 1969 3
107 1980 4
107 2125 5
107 2140 6
107 2222 4
107 2246 4
107 2256 5
107 2265 7
107 2282 8
107 2376 3
107 2384 7
107 2436 8
107 2445 4
107 2504 3
107 2587 6
107 2602 7
108 17 2
108 75 8
108 137 2
108 203 7
108 210 3
108 312 6
108 380 5
108 386 5
108 399 6
108 420 8
108 449 2
108 510 5
108 551 7
108 611 7
108 623 4
108 673 8
108 739 6
108 874 4
108 918 5
108 942 3
108 961 2
108 1142 3
108 1237 6
108 1345 5
108 1394 4
108 1419 4
108 1439 9
108 1449 7
108 1467 5
108 1595 4
108 1640 7
108 1891 3
108 1909 7
108 1954 5
108 2020 6
108 2131 4
108 2219 2
108 2249 5
108 2252 3
108 2290 6
108 2296 4
108 2339 7
108 2368 7
108 2474 4
108 2491 5
109 18 6
109 76 4
109 89 1
109 139 6
109 171 2
109 214 8
109 259 3
109 345 7
109 347 7
109 379 6
109 394 1
109 415 9
109 422 3
109 423 7
109 451 6
109 468 10
109 472 2
109 496 7
109 504 6
109 569 5
109 573 6
109 577 0
109 582 4
109 594 5
109 622 8
109 660 5
109 671 3
109 681 4
109 699 5
109 738 3
109 751 4
109 760 3
109 764 10
109 785 10
109 836 7
109 847 1
109 888 6
109 899 9
109 943 5
109 1123 2
109 1163 3
109 1207 7
109 1220 2
109 1221 3
109 1242 7
109 1259 2
109 1293 2
109 1300 5
109 1361 5
109 1383 3
109 1395 2
109 1399 7
109 1429 6
109 1456 6
109 1487 5
109 1526 3
109 1602 4
109 1606 3
109 1611 2
109 1674 7
109 1704 10
109 1706 1
109 1735 0
109 1753 6
109 1775 7
109 1791 4
109 1793 5
109 1808 3
109 1810 5
109 1820 4
109 1826 5
109 1930 5
109 1935 3
109 1996 6
109 2037 5
109 2091 1
109 2096 4
109 2133 7
109 2158 7
109 2180 4
109 2192 3
109 2272 10
109 2326 5
109 2340 3
109 2366 8
109 2404 7
109 2455 6
109 2478 5
109 2514 5
109 2566 4
109 2589 7
109 2590 4
110 51 5
110 204 5
110 205 3
110 973 7
110 1256 6
110 1562 9
110 1580 5
110 1606 3
110 1669 4
110 2170 7
110 2497 3
111 100 5
111 140 8
111 229 3
111 322 3
111 424 4
111 462 5
111 547 7
111 551 9
111 563 4
111 622 7
111 759 7
111 851 7
111 1052 4
111 1085 2
111 1086 6
111 1189 2
111 1248 4
111 1280 5
111 1475 4
111 1523 4
111 1526 2
111 1541 6
111 1546 2
111 1623 4
111 1638 6
111 1774 2
111 1873 4
111 1952 2
111 2011 6
111 2027 6
111 2052 8
111 2061 3
111 2258 2
111 2306 6
111 2331 6
111 2342 6
111 2382 6
111 2385 5
111 2412 8
111 2419 4
111 2460 5
111 2535 4
111 2578 7
112 19 7
112 27 7
112 94 8
112 103 4
112 127 0
112 156 5
112 276 8
112 306 4
112 366 3
112 367 4
112 421 8
112 487 3
112 735 5
112 738 4
112 789 4
112 827 6
112 954 6
112 1113 6
112 1115 8
112 1197 5
112 1398 5
112 1457 4
112 1466 5
112 1471 8
112 1524 6
112 1777 2
112 1809 6
112 1820 2
112 2290 5
112 2329 7
112 2349 4
112 2353 5
112 2408 6
112 2462 8
113 20 4
113 24 5
113 39 6
113 82 5
113 138 7
113 170 4
113 249 5
113 250 5
113 329 6
113 341 5
113 351 5
113 370 6
113 418 3
113 443 5
113 445 4
113 485 8
113 617 5
113 634 3
113 658 5
113 672 4
113 677 5
113 693 5
113 728 4
113 748 5
113 760 3
113 776 4
113 789 3
113 808 3
113 825 3
113 832 10
113 841 3
113 845 5
113 901 6
113 923 5
113 941 3
113 977 6
113 1009 9
113 1036 5
113 1082 2
113 1197 6
113 1217 4
113 1278 6
113 1298 9
113 1306 7
113 1310 5
113 1324 4
113 1344 5
113 1352 6
113 1353 1
113 1383 3
113 1387 6
113 1389 1
113 1461 6
113 1510 7
113 1545 3
113 1554 8
113 1566 1
113 1649 6
113 1691 4
113 1722 5
113 1759 4
113 1775 6
113 1793 6
113 1801 2
113 1861 2
113 1878 4
113 1943 8
113 1963 9
113 2001 3
113 2026 6
113 2028 5
113 2029 3
113 2045 3
113 2104 8
113 2129 6
113 2149 4
113 2159 8
113 2163 3
113 2200 8
113 2215 6
113 2237 9
113 2283 2
113 2288 3
113 2359 6
113 2402 4
113 2407 5
113 2529 3
113 2543 2
113 2591 6
113 2608 6
114 77 6
114 87 5
114 100 4
114 101 0
114 148 3
114 275 6
114 350 5
114 362 7
114 373 6
114 382 6
114 384 7
114 432 5
114 441 7
114 500 6
114 512 4
114 521 7
114 535 7
114 548 3
114 585 1
114 649 2
114 657 6
114 679 4
114 682 5
114 684 4
114 753 8
114 793 6
114 806 6
114 941 3
114 985 6
114 1043 4
114 1071 6
114 1076 8
114 1109 7
114 1118 1
114 1126 2
114 1150 7
114 1172 6
114 1273 6
114 1288 4
114 1302 7
114 1370 6
114 1430 7
114 1454 4
114 1502 6
114 1505 6
114 1524 5
114 1556 5
114 1567 2
114 1605 5
114 1651 8
114 1661 6
114 1673 9
114 1724 7
114 1746 4
114 1831 4
114 1874 4
114 1894 6
114 1913 4
114 1931 8
114 1939 5
114 2009 8
114 2089 10
114 2148 8
114 2169 2
114 2177 4
114 2213 4
114 2293 5
114 2310 4
114 2334 4
114 2400 3
114 2453 6
114 2495 3
114 2528 4
114 2554 3
114 2581 3
114 2603 4
115 59 6
115 196 5
115 290 5
115 689 4
115 695 7
115 712 1
115 743 4
115 960 9
115 1091 5
115 1175 8
115 1324 6
115 1409 4
115 1502 8
115 1546 4
115 1565 7
115 1567 2
115 1590 1
115 1724 7
115 1766 4
115 1781 4
115 1785 5
115 1829 4
115 1850 1
115 1854 4
115 1887 3
115 1909 5
115 1967 5
115 2015 6
115 2029 1
115 2034 0
115 2254 6
115 2332 4
115 2334 4
115 2351 7
115 2392 1
115 2393 6
115 2417 7
115 2436 7
115 2464 5
115 2496 7
115 2531 3
115 2568 4
116 12 1
116 17 0
116 60 6
116 117 6
116 125 9
116 141 5
116 155 10
116 159 7
116 163 6
116 180 2
116 194 6
116 199 6
116 262 8
116 276 8
116 308 7
116 318 5
116 345 7
116 360 10
116 362 7
116 365 6
116 392 7
116 398 1
116 453 2
116 457 6
116 484 0
116 508 6
116 548 4
116 555 5
116 563 4
116 592 6
116 603 8
116 609 4
116 613 4
116 686 8
116 688 6
116 692 6
116 749 7
116 815 4
116 828 4
116 829 7
116 875 3
116 937 2
116 970 4
116 1067 7
116 1069 7
116 1076 6
116 1089 4
116 1095 6
116 1148 8
116 1156 9
116 1160 4
116 1182 7
116 1190 7
116 1251 7
116 1269 10
116 1272 7
116 1297 7
116 1307 8
116 1327 4
116 1328 0
116 1347 5
116 1348 5
116 1394 5
116 1438 2
116 1459 1
116 1468 4
116 1474 3
116 1507 5
116 1509 4
116 1534 3
116 1540 7
116 1541 5
116 1560 1
116 1571 5
116 1585 2
116 1591 5
116 1592 6
116 1602 6
116 1610 5
116 1635 3
116 1667 6
116 1672 3
116 1677 2
116 1688 5
116 1703 5
116 1717 7
116 1718 3
116 1731 6
116 1755 5
116 1797 4
116 1820 2
116 1848 5
116 1850 2
116 1856 6
116 1861 3
116 1945 10
116 2006 6
116 2036 8
116 2051 9
116 2057 2
116 2074 5
116 2085 4
116 2109 5
116 2139 6
116 2186 4
116 2265 8
116 2285 4
116 2298 3
116 2343 3
116 2369 3
116 2379 4
116 2382 5
116 2389 6
116 2411 9
116 2412 6
116 2452 3
116 2467 4
116 2492 6
116 2497 4
116 2519 3
116 2542 7
116 2544 8
116 2545 4
116 2581 3
116 2615 1
116 2632 6
117 30 4
117 39 6
117 48 3
117 62 5
117 118 3
117 145 4
117 153 2
117 178 8
117 185 5
117 187 4
117 225 5
117 240 9
117 243 2
117 249 5
117 259 4
117 294 7
117 297 8
117 314 10
117 328 6
117 337 5
117 402 5
117 408 7
117 414 8
117 425 5
117 457 7
117 468 10
117 471 7
117 521 8
117 548 4
117 577 1
117 585 2
117 610 6
117 633 5
117 634 3
117 636 3
117 657 6
117 672 3
117 749 8
117 754 3
117 756 4
117 771 5
117 776 3
117 790 3
117 795 8
117 924 6
117 980 3
117 992 4
117 1015 6
117 1088 5
117 1205 5
117 1208 4
117 1236 4
117 1286 8
117 1311 5
117 1369 5
117 1372 10
117 1392 8
117 1413 6
117 1424 6
117 1469 5
117 1521 6
117 1537 6
117 1598 4
117 1633 9
117 1642 6
117 1657 7
117 1679 3
117 1749 3
117 1764 5
117 1770 8
117 1803 6
117 1804 2
117 1838 3
117 1853 8
117 1867 7
117 1872 9
117 1874 5
117 1901 8
117 1949 1
117 1962 4
117 1976 5
117 1984 2
117 2000 8
117 2019 5
117 2021 2
117 2028 5
117 2031 4
117 2073 4
117 2093 7
117 2114 6
117 2170 7
117 2175 5
117 2251 5
117 2253 3
117 2254 5
117 2273 5
117 2309 1
117 2334 4
117 2447 4
117 2463 2
117 2492 6
117 2569 5
117 2575 1
117 2585 2
117 2598 6
117 2627 6
117 2634 6
117 2636 5
117 2639 0
118 147 4
118 153 3
118 181 3
118 221 5
118 281 7
118 321 3
118 322 3
118 386 5
118 410 6
118 477 6
118 532 8
118 577 1
118 585 1
118 600 4
118 617 6
118 635 8
118 790 4
118 793 5
118 801 5
118 821 6
118 854 5
118 884 7
118 915 5
118 941 4
118 957 4
118 1012 4
118 1103 5
118 1125 4
118 1274 6
118 1284 8
118 1333 4
118 1416 6
118 1478 5
118 1513 5
118 1607 6
118 1682 5
118 1692 4
118 1715 5
118 1825 2
118 1856 6
118 1917 4
118 1955 7
118 1962 4
118 1965 7
118 1984 2
118 1985 8
118 1988 5
118 2025 7
118 2046 7
118 2093 7
118 2097 4
118 2098 2
118 2115 8
118 2152 3
118 2171 5
118 2186 4
118 2267 2
118 2280 4
118 2289 6
118 2327 6
118 2380 8
118 2399 8
118 2414 6
118 2493 6
118 2554 4
118 2557 6
119 19 8
119 82 5
119 94 8
119 120 2
119 139 5
119 151 4
119 172 5
119 183 7
119 188 4
119 242 1
119 257 1
119 323 3
119 338 7
119 344 4
119 412 1
119 414 7
119 438 7
119 447 4
119 496 5
119 518 5
119 544 5
119 569 6
119 571 0
119 574 5
119 593 1
119 631 3
119 680 3
119 683 2
119 689 5
119 702 5
119 737 5
119 740 9
119 767 6
119 778 3
119 792 5
119 826 4
119 833 4
119 919 3
119 927 8
119 945 5
119 948 4
119 1032 2
119 1042 3
119 1085 2
119 1091 5
119 1092 4
119 1099 5
119 1138 3
119 1140 6
119 1155 2
119 1156 9
119 1169 1
119 1177 7
119 1182 6
119 1224 4
119 1232 4
119 1242 9
119 1258 5
119 1279 3
119 1295 8
119 1300 5
119 1318 10
119 1336 5
119 1381 6
119 1411 6
119 1465 8
119 1474 4
119 1499 6
119 1508 8
119 1513 4
119 1554 6
119 1592 5
119 1601 1
119 1604 6
119 1608 5
119 1614 1
119 1678 9
119 1746 3
119 1747 5
119 1762 2
119 1768 10
119 1769 8
119 1782 8
119 1789 4
119 1811 9
119 1820 3
119 1854 3
119 1879 3
119 1912 4
119 1916 5
119 1927 5
119 1961 6
119 1962 6
119 1982 5
119 2064 9
119 2066 3
119 2077 4
119 2083 7
119 2090 8
119 2163 2
119 2167 5
119 2200 10
119 2205 3
119 2221 5
119 2233 10
119 2252 5
119 2254 5
119 2260 3
119 2264 4
119 2276 4
119 2284 6
119 2289 6
119 2307 8
119 2312 4
119 2332 4
119 2367 8
119 2371 7
119 2395 4
119 2454 2
119 2466 3
119 2480 5
119 2504 5
119 2517 10
119 2534 5
119 2546 4
119 2629 8
119 2631 7
