Seed: 848335415
Researcher: 140
Papers: 1400
Edges: 4726
RDensity: None
minScore: 0
maxScore: 10
maxResearcherForPaper: None
maxPaperForResearcher: None
ToAssign: 350
0 9 2
0 18 5
0 78 4
0 98 7
0 194 4
0 201 5
0 212 8
0 215 3
0 220 10
0 240 6
0 243 2
0 267 4
0 271 2
0 307 2
0 357 4
0 366 6
0 396 3
0 403 2
0 441 1
0 495 4
0 496 7
0 513 4
0 533 6
0 543 6
0 548 9
0 551 2
0 556 2
0 578 4
0 605 6
0 617 5
0 646 9
0 674 6
0 697 5
0 701 5
0 715 8
0 731 9
0 763 4
0 795 7
0 834 2
0 836 6
0 867 4
0 889 3
0 891 5
0 919 5
0 993 4
0 1005 5
0 1029 8
0 1032 4
0 1054 5
0 1063 6
0 1098 3
0 1103 4
0 1104 4
0 1118 8
0 1141 8
0 1176 5
0 1179 6
0 1183 7
0 1189 6
0 1215 2
0 1244 3
0 1259 4
0 1276 4
0 1352 6
0 1376 6
0 1383 7
0 1391 3
1 7 4
1 23 3
1 100 4
1 108 6
1 165 5
1 173 4
1 203 4
1 401 7
1 423 8
1 442 7
1 626 6
1 650 5
1 725 4
1 740 6
1 856 6
1 964 7
1 1004 8
1 1019 3
1 1034 5
1 1059 4
1 1163 2
1 1173 3
1 1266 4
1 1269 4
1 1278 4
1 1313 9
1 1337 5
2 25 4
2 40 8
2 73 6
2 107 2
2 116 8
2 188 6
2 200 6
2 204 8
2 211 4
2 245 3
2 331 7
2 338 5
2 342 4
2 363 4
2 364 2
2 400 10
2 413 7
2 419 2
2 428 8
2 472 7
2 504 6
2 627 4
2 655 0
2 656 2
2 673 4
2 690 9
2 751 6
2 787 7
2 893 4
2 909 2
2 950 2
2 963 5
2 984 4
2 992 3
2 1007 5
2 1035 4
2 1085 5
2 1107 3
2 1135 5
2 1145 6
2 1146 6
2 1150 6
2 1161 7
2 1200 2
2 1242 2
2 1256 4
2 1337 5
2 1342 7
2 1391 3
2 1395 7
3 63 3
3 146 2
3 171 7
3 217 0
3 266 8
3 274 0
3 362 5
3 404 3
3 411 2
3 449 5
3 458 5
3 585 3
3 600 3
3 660 5
3 786 7
3 788 3
3 837 5
3 986 6
3 995 4
3 1004 9
3 1025 5
3 1060 5
3 1194 7
3 1198 6
3 1202 4
3 1216 4
3 1235 3
3 1358 5
3 1381 5
3 1389 4
3 1393 3
4 34 3
4 94 2
4 96 6
4 102 3
4 105 5
4 115 3
4 246 4
4 351 5
4 355 3
4 465 6
4 478 10
4 486 6
4 507 8
4 539 6
4 556 1
4 557 2
4 607 7
4 662 5
4 675 2
4 678 6
4 681 4
4 771 3
4 790 4
4 913 3
4 937 9
4 1038 6
4 1091 7
4 1104 4
4 1138 5
4 1152 6
4 1192 7
4 1233 4
4 1263 4
4 1273 6
4 1310 6
4 1323 7
4 1351 7
4 1354 5
5 11 5
5 17 5
5 81 3
5 93 4
5 116 6
5 131 3
5 132 5
5 142 7
5 143 2
5 178 7
5 182 8
5 233 7
5 234 2
5 312 4
5 314 3
5 338 5
5 368 3
5 401 6
5 419 3
5 425 7
5 484 8
5 487 8
5 514 4
5 544 1
5 551 2
5 610 9
5 647 5
5 673 6
5 714 9
5 716 5
5 731 7
5 741 6
5 776 5
5 782 5
5 797 6
5 811 3
5 817 5
5 821 5
5 824 6
5 851 3
5 877 5
5 880 5
5 897 3
5 924 6
5 926 4
5 934 5
5 973 5
5 1002 5
5 1019 3
5 1100 6
5 1104 6
5 1114 8
5 1120 4
5 1143 5
5 1180 6
5 1185 7
5 1188 8
5 1219 8
5 1259 4
5 1289 5
5 1303 7
5 1309 7
5 1312 8
5 1322 1
5 1329 4
5 1338 2
5 1346 9
5 1372 2
5 1389 3
6 12 5
6 17 6
6 21 5
6 31 6
6 58 7
6 71 5
6 75 4
6 130 2
6 132 4
6 150 7
6 155 8
6 204 8
6 207 1
6 233 8
6 368 4
6 370 4
6 392 7
6 397 8
6 399 5
6 433 4
6 439 4
6 461 7
6 583 7
6 596 3
6 660 6
6 677 8
6 704 6
6 743 6
6 780 9
6 787 8
6 793 6
6 807 3
6 818 6
6 845 6
6 866 6
6 909 4
6 932 6
6 935 3
6 939 4
6 951 2
6 1041 8
6 1071 4
6 1102 6
6 1105 6
6 1193 5
6 1251 5
6 1284 5
6 1285 1
6 1330 4
6 1345 5
6 1354 6
7 29 5
7 49 5
7 51 3
7 59 5
7 224 7
7 241 9
7 305 3
7 321 7
7 347 4
7 354 7
7 577 5
7 603 4
7 663 6
7 734 1
7 843 9
7 858 4
7 872 4
7 882 5
7 892 7
7 893 2
7 906 7
7 934 6
7 1020 0
7 1024 6
7 1029 8
7 1097 7
7 1147 4
7 1163 1
7 1215 2
7 1220 3
7 1272 5
7 1309 7
8 20 5
8 52 5
8 58 6
8 89 7
8 106 5
8 138 7
8 151 3
8 176 3
8 192 7
8 354 7
8 368 4
8 391 5
8 395 7
8 434 3
8 441 3
8 460 4
8 490 6
8 531 8
8 537 4
8 606 4
8 678 7
8 686 4
8 738 9
8 741 6
8 771 5
8 809 5
8 861 2
8 886 7
8 946 4
8 955 5
8 957 7
8 978 5
8 1002 5
8 1063 8
8 1107 3
8 1128 5
8 1180 5
8 1234 4
8 1317 2
8 1324 5
8 1338 2
8 1342 5
9 326 7
9 360 3
9 613 5
9 1078 6
9 1279 5
10 57 5
10 76 9
10 98 7
10 180 5
10 259 9
10 284 6
10 342 5
10 377 3
10 392 5
10 416 7
10 437 6
10 439 2
10 449 7
10 548 9
10 559 6
10 594 1
10 724 6
10 778 6
10 804 4
10 817 6
10 859 5
10 903 5
10 909 4
10 1035 4
10 1043 1
10 1057 5
10 1237 3
10 1257 10
11 31 7
11 59 6
11 74 3
11 82 9
11 87 7
11 115 3
11 119 6
11 123 1
11 148 8
11 165 5
11 171 7
11 176 4
11 237 5
11 250 5
11 254 4
11 394 4
11 446 5
11 447 5
11 524 6
11 582 6
11 597 7
11 599 7
11 622 7
11 654 2
11 668 6
11 694 5
11 727 5
11 812 4
11 825 3
11 840 5
11 880 6
11 887 5
11 889 3
11 893 2
11 958 6
11 1025 6
11 1065 6
11 1077 3
11 1141 7
11 1146 5
11 1157 7
11 1166 0
11 1178 9
11 1188 8
11 1207 4
11 1217 6
11 1229 5
11 1269 4
11 1279 6
11 1284 4
11 1297 8
11 1321 6
11 1339 4
11 1369 4
11 1381 6
11 1394 6
12 64 4
12 66 3
12 101 6
12 199 8
12 254 4
12 388 7
12 537 6
12 598 4
12 632 6
12 642 6
12 694 5
12 727 4
12 810 7
12 962 4
12 1025 7
12 1049 4
12 1053 5
12 1054 4
12 1286 4
12 1376 7
13 0 3
13 157 6
13 168 6
13 170 6
13 178 6
13 201 6
13 215 3
13 272 5
13 294 5
13 306 8
13 312 5
13 322 2
13 342 6
13 349 4
13 363 3
13 367 4
13 373 3
13 381 5
13 435 5
13 452 5
13 464 7
13 501 3
13 507 7
13 516 0
13 517 7
13 549 3
13 554 8
13 555 4
13 565 2
13 568 6
13 587 5
13 661 10
13 696 4
13 732 4
13 746 3
13 760 3
13 833 2
13 935 4
13 952 7
13 955 4
13 975 7
13 982 8
13 1041 7
13 1085 6
13 1172 3
13 1210 6
13 1244 2
13 1278 4
13 1296 9
13 1310 4
13 1362 1
14 46 5
14 283 6
14 577 3
14 584 8
14 699 2
14 734 1
14 842 7
14 967 4
15 38 1
15 126 9
15 144 7
15 206 6
15 255 3
15 264 2
15 303 6
15 308 4
15 312 4
15 313 3
15 323 4
15 469 5
15 476 7
15 481 6
15 484 8
15 494 1
15 580 6
15 586 1
15 605 5
15 611 2
15 656 4
15 660 4
15 668 7
15 684 3
15 722 7
15 731 9
15 738 9
15 761 4
15 811 3
15 813 2
15 831 4
15 865 1
15 890 3
15 892 5
15 903 6
15 940 7
15 1049 4
15 1109 6
15 1161 6
15 1189 6
15 1211 2
15 1219 6
15 1242 2
15 1280 7
15 1399 0
16 115 5
16 518 8
16 558 3
16 836 5
16 847 3
16 1054 3
16 1111 5
16 1132 6
16 1217 4
16 1391 5
17 14 9
17 144 9
17 322 4
17 429 4
17 534 5
17 561 2
17 567 4
17 579 6
17 720 7
17 777 2
17 853 7
17 875 7
17 932 6
17 1191 9
17 1192 7
17 1214 5
18 19 2
18 67 5
18 74 5
18 93 3
18 122 7
18 205 7
18 286 5
18 472 6
18 478 8
18 508 6
18 511 2
18 519 2
18 538 5
18 618 5
18 651 7
18 662 5
18 666 3
18 690 7
18 732 2
18 794 8
18 818 6
18 888 4
18 911 8
18 918 4
18 924 6
18 940 5
18 967 4
18 977 6
18 1040 4
18 1060 6
18 1071 3
18 1178 8
18 1187 7
18 1271 4
18 1350 6
18 1378 8
18 1392 5
19 24 3
19 66 4
19 75 5
19 107 2
19 118 2
19 128 9
19 168 8
19 256 4
19 277 7
19 316 6
19 338 7
19 340 7
19 374 4
19 403 4
19 464 8
19 469 5
19 499 6
19 522 8
19 541 3
19 572 2
19 578 4
19 594 2
19 595 3
19 639 1
19 648 4
19 658 4
19 697 6
19 703 8
19 729 2
19 744 9
19 761 4
19 765 6
19 775 5
19 792 4
19 843 8
19 879 4
19 880 4
19 929 3
19 932 7
19 969 2
19 975 5
19 989 8
19 994 5
19 996 6
19 1003 8
19 1025 5
19 1063 6
19 1131 4
19 1147 2
19 1174 6
19 1222 5
19 1237 3
19 1241 4
19 1262 2
19 1337 5
19 1343 3
19 1371 4
20 55 5
20 61 7
20 84 6
20 124 8
20 194 5
20 202 8
20 211 3
20 219 4
20 222 4
20 236 7
20 237 7
20 276 4
20 315 9
20 336 4
20 340 8
20 346 8
20 356 5
20 367 2
20 370 3
20 509 0
20 541 2
20 586 2
20 597 7
20 633 5
20 649 6
20 707 5
20 790 5
20 842 6
20 853 5
20 879 2
20 887 5
20 911 8
20 962 4
20 987 2
20 1019 5
20 1057 4
20 1058 5
20 1075 7
20 1105 5
20 1118 7
20 1205 5
20 1218 8
20 1242 1
20 1250 5
20 1266 4
20 1282 10
20 1293 4
20 1330 5
20 1332 1
20 1342 5
20 1375 10
20 1397 7
21 186 2
21 355 3
21 477 8
21 568 5
21 632 6
21 680 4
21 933 3
21 960 1
21 1215 1
21 1295 4
21 1354 5
22 31 5
22 43 5
22 74 5
22 113 7
22 206 6
22 219 3
22 375 1
22 565 3
22 572 1
22 581 6
22 631 5
22 664 4
22 746 4
22 776 6
22 794 10
22 847 4
22 925 3
22 952 7
22 963 5
22 996 5
22 1004 8
22 1014 3
22 1040 3
22 1107 3
22 1234 4
22 1236 7
22 1309 5
23 36 6
23 96 8
23 99 4
23 180 6
23 225 3
23 351 5
23 386 6
23 408 5
23 426 3
23 718 3
23 814 6
23 817 6
23 968 6
23 1077 4
23 1086 6
23 1087 8
23 1096 8
23 1191 10
23 1334 8
23 1353 2
23 1381 5
24 23 4
24 30 5
24 42 2
24 136 5
24 210 4
24 247 10
24 296 6
24 329 6
24 330 5
24 366 4
24 472 6
24 505 10
24 520 4
24 637 2
24 649 5
24 697 4
24 700 6
24 728 4
24 740 6
24 789 6
24 825 3
24 885 8
24 931 10
24 937 9
24 940 7
24 1011 2
24 1039 6
24 1183 9
24 1292 6
24 1360 4
25 170 7
25 239 3
25 276 3
25 288 10
25 315 7
25 479 3
25 585 3
25 626 5
25 768 9
25 789 6
25 825 4
25 837 6
25 893 3
25 995 5
25 1042 7
25 1094 3
25 1096 9
25 1217 4
25 1239 4
25 1293 3
25 1307 4
26 33 6
26 43 6
26 98 6
26 150 8
26 160 5
26 164 3
26 220 8
26 228 4
26 281 6
26 333 1
26 434 3
26 437 6
26 454 4
26 553 7
26 614 3
26 727 4
26 747 6
26 762 4
26 772 6
26 928 8
26 939 2
26 972 8
26 975 5
26 987 1
26 1038 6
26 1069 6
26 1075 9
26 1115 7
26 1129 3
26 1131 5
26 1147 3
26 1175 7
26 1274 6
26 1284 3
26 1299 4
26 1336 7
26 1365 6
26 1380 2
27 11 4
27 62 5
27 83 9
27 122 8
27 125 7
27 138 6
27 190 7
27 201 5
27 291 5
27 299 3
27 342 4
27 349 6
27 353 4
27 403 4
27 417 1
27 509 2
27 740 5
27 779 2
27 941 3
27 974 5
27 1031 2
27 1037 7
27 1082 4
27 1174 7
27 1224 10
27 1279 5
27 1340 3
27 1359 5
27 1383 6
27 1388 7
28 64 2
28 86 5
28 104 7
28 190 5
28 235 5
28 287 5
28 313 5
28 448 8
28 507 7
28 533 6
28 656 2
28 665 0
28 673 5
28 692 2
28 855 7
28 867 4
28 871 7
28 899 4
28 926 5
28 929 5
28 997 6
28 1082 4
28 1097 8
28 1159 5
28 1192 8
28 1285 3
28 1303 7
28 1326 6
28 1337 4
29 65 8
29 241 8
29 249 5
29 348 3
29 414 8
29 589 6
29 593 3
29 656 4
29 756 6
29 828 5
29 864 6
29 955 6
29 958 4
29 1003 7
29 1025 5
29 1064 4
29 1092 7
29 1095 1
29 1103 2
29 1389 4
29 1391 3
30 211 4
30 243 2
30 432 5
30 516 1
30 518 8
30 564 4
30 667 2
30 672 2
30 817 6
30 838 2
30 996 7
30 1009 6
30 1086 6
30 1156 4
30 1196 9
30 1307 4
30 1317 1
31 282 3
31 337 6
31 344 6
31 602 4
31 648 4
31 1098 3
31 1288 2
32 48 7
32 209 2
32 272 3
32 348 2
32 357 4
32 370 4
32 441 2
32 464 7
32 724 7
32 833 4
32 1142 5
32 1216 3
32 1348 2
32 1372 2
33 7 6
33 17 5
33 26 2
33 34 2
33 48 6
33 63 3
33 83 9
33 91 6
33 125 7
33 129 5
33 135 9
33 139 4
33 153 2
33 172 4
33 295 5
33 305 4
33 324 8
33 458 3
33 487 8
33 535 6
33 567 4
33 599 7
33 600 4
33 697 4
33 798 4
33 808 5
33 833 2
33 848 10
33 853 7
33 855 5
33 867 5
33 939 3
33 975 5
33 1001 7
33 1056 4
33 1081 5
33 1106 1
33 1127 3
33 1129 4
33 1163 2
33 1188 7
33 1208 6
33 1281 7
33 1323 6
33 1331 3
33 1353 3
33 1365 6
34 56 6
34 68 4
34 116 7
34 136 7
34 167 1
34 175 4
34 178 6
34 207 2
34 213 7
34 242 8
34 273 1
34 294 3
34 308 4
34 313 3
34 378 1
34 447 4
34 505 9
34 548 10
34 553 7
34 574 5
34 594 0
34 619 8
34 628 8
34 635 2
34 645 4
34 651 8
34 655 0
34 667 3
34 671 4
34 687 3
34 723 5
34 739 6
34 740 7
34 757 5
34 763 4
34 768 8
34 772 8
34 775 6
34 778 7
34 780 8
34 802 5
34 826 5
34 839 6
34 902 4
34 922 4
34 930 4
34 934 6
34 993 5
34 1036 4
34 1037 6
34 1043 3
34 1088 4
34 1115 5
34 1160 5
34 1161 7
34 1176 6
34 1201 5
34 1203 5
34 1211 2
34 1246 7
34 1279 6
34 1291 7
34 1297 9
34 1325 10
34 1362 3
34 1397 7
35 545 6
35 1362 2
36 45 9
36 218 3
36 386 5
36 526 5
36 561 3
36 871 5
36 1287 8
37 13 4
37 17 5
37 19 1
37 39 7
37 56 4
37 114 8
37 157 6
37 176 4
37 192 7
37 203 5
37 216 6
37 235 6
37 281 6
37 290 3
37 361 6
37 365 3
37 368 3
37 420 5
37 456 7
37 487 9
37 541 3
37 553 6
37 571 5
37 598 5
37 646 9
37 653 5
37 685 6
37 696 5
37 715 7
37 725 3
37 756 5
37 766 0
37 774 8
37 795 7
37 802 4
37 848 10
37 855 5
37 876 3
37 882 5
37 1031 2
37 1046 6
37 1073 3
37 1082 4
37 1138 6
37 1146 7
37 1147 2
37 1183 8
37 1222 5
37 1244 3
37 1255 7
37 1263 5
37 1265 5
37 1273 5
37 1304 5
37 1392 5
38 26 4
38 86 3
38 156 6
38 177 5
38 216 7
38 285 7
38 356 4
38 376 6
38 381 5
38 422 2
38 445 3
38 525 5
38 537 5
38 549 2
38 587 5
38 608 5
38 618 3
38 764 6
38 1000 6
38 1016 5
38 1023 0
38 1097 8
38 1166 0
38 1399 0
39 37 3
39 73 8
39 117 6
39 128 7
39 142 8
39 169 2
39 207 2
39 213 7
39 234 3
39 272 5
39 314 2
39 330 4
39 386 6
39 428 9
39 434 4
39 446 7
39 512 3
39 559 8
39 562 3
39 586 2
39 610 9
39 620 3
39 762 4
39 773 10
39 774 6
39 848 9
39 860 2
39 931 9
39 934 7
39 947 7
39 984 5
39 1041 7
39 1125 0
39 1145 6
39 1148 4
39 1170 4
39 1283 3
39 1305 8
39 1335 6
39 1394 5
40 2 5
40 32 5
40 33 4
40 47 6
40 82 8
40 87 6
40 99 2
40 105 3
40 127 6
40 184 5
40 201 6
40 210 4
40 225 3
40 228 5
40 256 2
40 286 5
40 308 5
40 309 8
40 364 2
40 396 5
40 423 7
40 438 7
40 442 8
40 455 6
40 524 8
40 528 2
40 562 5
40 595 2
40 619 7
40 666 5
40 676 5
40 677 8
40 689 4
40 737 8
40 743 5
40 835 6
40 840 7
40 856 8
40 860 2
40 878 7
40 881 8
40 919 7
40 929 3
40 946 5
40 992 4
40 1005 7
40 1013 4
40 1039 4
40 1045 7
40 1067 6
40 1071 3
40 1076 2
40 1080 7
40 1085 7
40 1086 4
40 1101 7
40 1152 7
40 1161 6
40 1164 6
40 1212 6
40 1214 6
40 1258 6
40 1267 7
40 1375 10
40 1379 5
40 1394 4
41 185 2
41 213 5
41 248 3
41 260 4
41 279 7
41 307 4
41 317 7
41 376 6
41 397 8
41 411 2
41 429 2
41 451 8
41 462 5
41 466 8
41 480 8
41 485 6
41 491 4
41 530 7
41 532 6
41 541 3
41 557 2
41 565 4
41 590 3
41 743 5
41 748 7
41 818 6
41 859 6
41 871 6
41 882 5
41 906 7
41 912 2
41 924 4
41 928 7
41 981 5
41 990 6
41 1062 2
41 1093 5
41 1101 5
41 1119 4
41 1139 4
41 1190 3
41 1267 6
41 1270 1
41 1324 4
41 1336 7
41 1371 3
41 1389 4
42 196 4
42 248 3
42 431 8
42 469 4
42 753 8
42 844 10
42 864 5
42 1183 9
42 1195 3
43 14 9
43 26 2
43 69 6
43 89 8
43 106 3
43 119 8
43 134 5
43 137 7
43 239 4
43 268 5
43 298 5
43 317 5
43 376 5
43 416 8
43 461 6
43 490 5
43 498 4
43 511 2
43 544 2
43 577 5
43 661 10
43 687 4
43 691 4
43 721 5
43 767 1
43 772 7
43 782 3
43 851 4
43 861 2
43 902 6
43 964 7
43 979 2
43 998 3
43 1003 6
43 1013 5
43 1060 5
43 1064 3
43 1103 3
43 1121 2
43 1149 7
43 1162 5
43 1169 5
43 1236 5
43 1246 5
43 1269 4
43 1273 4
43 1297 9
43 1342 7
43 1347 3
43 1381 5
44 19 2
44 38 0
44 54 6
44 64 2
44 85 6
44 112 4
44 153 2
44 172 4
44 175 3
44 219 4
44 269 3
44 298 6
44 320 7
44 325 2
44 334 4
44 371 5
44 376 6
44 379 7
44 385 0
44 446 6
44 457 4
44 488 5
44 490 5
44 495 5
44 510 6
44 520 5
44 539 5
44 557 3
44 611 2
44 762 4
44 794 8
44 828 4
44 855 6
44 877 3
44 888 6
44 928 9
44 988 5
44 1008 0
44 1017 2
44 1018 4
44 1057 5
44 1079 5
44 1086 4
44 1125 1
44 1135 5
44 1181 7
44 1187 6
44 1240 3
44 1249 8
44 1267 8
44 1281 6
44 1311 5
44 1315 8
44 1348 4
44 1363 4
44 1392 7
44 1398 5
45 0 3
45 5 4
45 9 0
45 126 8
45 133 6
45 141 7
45 162 1
45 164 3
45 212 6
45 214 6
45 217 2
45 243 2
45 251 5
45 252 6
45 276 3
45 311 5
45 321 8
45 324 6
45 350 5
45 363 5
45 366 6
45 397 6
45 441 2
45 499 5
45 522 7
45 532 5
45 537 6
45 556 2
45 621 4
45 623 6
45 624 6
45 633 5
45 661 10
45 707 6
45 717 6
45 727 5
45 732 2
45 736 7
45 754 7
45 763 4
45 805 5
45 822 4
45 832 6
45 868 7
45 879 3
45 884 3
45 1009 5
45 1023 0
45 1037 7
45 1059 4
45 1074 3
45 1079 4
45 1120 4
45 1165 5
45 1173 4
45 1179 6
45 1227 5
45 1254 2
45 1270 3
45 1312 6
45 1323 6
45 1325 10
45 1345 5
45 1349 6
45 1351 6
45 1362 1
46 3 5
46 19 0
46 25 4
46 51 3
46 60 5
46 70 6
46 103 8
46 110 3
46 113 8
46 231 5
46 243 4
46 254 4
46 350 3
46 352 5
46 361 6
46 374 5
46 376 7
46 381 4
46 512 2
46 538 6
46 554 9
46 608 4
46 636 4
46 655 1
46 675 1
46 679 6
46 750 7
46 766 0
46 788 4
46 807 5
46 809 7
46 814 7
46 831 3
46 859 7
46 919 7
46 941 4
46 954 5
46 996 5
46 1013 4
46 1023 0
46 1050 6
46 1121 2
46 1168 8
46 1216 4
46 1276 3
46 1297 8
46 1309 6
46 1348 3
46 1356 3
46 1357 5
46 1374 5
46 1375 10
46 1382 4
46 1383 7
47 59 6
47 216 6
47 283 7
47 298 6
47 308 4
47 315 9
47 393 5
47 428 9
47 526 4
47 545 7
47 635 4
47 664 3
47 687 5
47 710 4
47 723 5
47 729 1
47 751 7
47 771 3
47 801 3
47 822 5
47 851 4
47 1021 4
47 1048 6
47 1243 10
47 1244 4
47 1248 7
47 1380 2
48 25 6
48 27 7
48 30 5
48 46 6
48 70 6
48 92 9
48 96 6
48 139 5
48 154 8
48 162 2
48 201 6
48 251 5
48 310 4
48 314 2
48 325 2
48 351 3
48 381 6
48 426 3
48 506 4
48 509 0
48 536 6
48 629 3
48 630 5
48 647 5
48 657 3
48 676 4
48 690 8
48 746 4
48 776 7
48 784 5
48 789 5
48 796 5
48 798 3
48 807 4
48 808 6
48 829 7
48 831 2
48 835 6
48 873 6
48 878 7
48 946 6
48 980 1
48 1020 0
48 1025 7
48 1026 1
48 1041 7
48 1227 3
48 1229 5
48 1238 4
48 1358 4
48 1385 6
49 102 5
49 135 9
49 195 5
49 202 10
49 208 4
49 287 4
49 337 6
49 484 7
49 505 8
49 523 7
49 555 3
49 561 1
49 572 2
49 606 3
49 665 1
49 683 7
49 693 2
49 765 7
49 845 8
49 880 4
49 1021 4
49 1048 6
49 1079 4
49 1085 5
49 1110 2
49 1111 5
49 1125 2
49 1181 7
49 1262 4
49 1274 7
49 1331 3
49 1361 3
49 1369 6
49 1375 9
50 50 5
50 355 5
50 387 4
51 23 2
51 81 3
51 90 10
51 105 5
51 183 7
51 258 8
51 325 4
51 344 5
51 352 6
51 370 4
51 411 2
51 449 6
51 476 6
51 649 6
51 679 8
51 680 5
51 720 6
51 810 7
51 818 5
51 896 3
51 971 6
51 1007 7
51 1100 6
51 1111 6
51 1120 6
51 1192 8
51 1220 3
51 1229 5
51 1293 4
51 1315 6
51 1332 2
51 1333 5
52 4 6
52 23 2
52 65 6
52 84 7
52 90 9
52 134 5
52 140 9
52 167 1
52 188 6
52 197 3
52 239 5
52 242 7
52 247 10
52 252 7
52 272 5
52 285 6
52 300 6
52 301 2
52 308 6
52 342 5
52 411 4
52 440 6
52 444 7
52 495 4
52 498 4
52 512 4
52 574 5
52 643 5
52 644 2
52 663 8
52 690 8
52 695 3
52 714 10
52 717 6
52 724 7
52 726 7
52 776 5
52 792 5
52 821 4
52 837 6
52 843 9
52 898 1
52 909 2
52 942 6
52 1039 4
52 1052 4
52 1065 8
52 1069 6
52 1080 6
52 1129 3
52 1162 4
52 1169 4
52 1198 7
52 1213 6
52 1221 3
52 1235 5
52 1242 2
52 1245 4
52 1251 5
52 1254 2
52 1261 2
52 1296 9
52 1365 4
53 70 6
53 82 8
53 86 3
53 303 6
53 451 8
53 526 6
53 538 7
53 782 4
53 1073 4
53 1115 6
53 1128 4
53 1227 5
53 1318 3
54 28 3
54 92 9
54 116 6
54 154 7
54 242 8
54 356 5
54 362 3
54 382 9
54 424 3
54 451 10
54 456 6
54 471 10
54 520 4
54 563 4
54 572 3
54 609 5
54 610 10
54 615 3
54 621 4
54 638 4
54 678 7
54 682 7
54 717 6
54 796 5
54 1014 4
54 1038 6
54 1063 8
54 1102 6
54 1118 8
54 1163 3
54 1222 4
54 1299 2
54 1325 9
54 1359 6
55 91 6
55 147 2
55 189 3
55 205 6
55 296 5
55 311 5
55 327 4
55 355 4
55 391 4
55 409 5
55 424 3
55 443 5
55 501 3
55 523 6
55 604 6
55 641 4
55 648 5
55 650 4
55 672 3
55 686 5
55 824 5
55 829 8
55 831 4
55 837 5
55 878 6
55 899 3
55 906 6
55 988 4
55 1066 3
55 1093 5
55 1098 4
55 1103 3
55 1186 7
55 1208 5
55 1238 4
55 1277 7
55 1283 3
55 1303 8
55 1374 4
55 1381 5
55 1386 3
56 29 4
56 66 4
56 80 2
56 174 4
56 243 3
56 287 4
56 325 4
56 348 3
56 349 4
56 388 6
56 393 5
56 422 3
56 469 4
56 517 5
56 557 4
56 599 8
56 615 3
56 621 4
56 645 4
56 713 9
56 773 8
56 787 8
56 804 5
56 813 3
56 833 3
56 855 5
56 868 7
56 886 5
56 908 5
56 925 2
56 956 4
56 1016 5
56 1027 7
56 1043 3
56 1054 4
56 1088 4
56 1099 9
56 1104 6
56 1145 5
56 1212 6
56 1216 3
56 1230 5
56 1240 3
56 1257 9
56 1260 7
56 1278 4
56 1296 7
56 1297 10
56 1311 7
56 1331 5
56 1332 3
56 1337 6
56 1339 4
56 1345 5
56 1392 6
57 18 6
57 49 6
57 60 5
57 76 10
57 80 2
57 82 10
57 146 1
57 213 7
57 228 3
57 232 0
57 289 10
57 303 5
57 321 7
57 335 4
57 362 5
57 376 7
57 402 7
57 406 3
57 429 2
57 456 6
57 468 4
57 511 3
57 512 2
57 532 4
57 534 5
57 548 10
57 560 4
57 598 3
57 634 2
57 651 7
57 680 6
57 682 6
57 688 10
57 694 6
57 705 9
57 749 5
57 761 4
57 781 5
57 782 3
57 784 5
57 808 4
57 859 7
57 873 6
57 927 9
57 944 5
57 956 4
57 961 7
57 964 5
57 1006 4
57 1018 6
57 1070 4
57 1122 5
57 1124 6
57 1128 6
57 1141 7
57 1150 7
57 1193 6
57 1211 2
57 1229 4
57 1243 9
57 1278 4
57 1305 9
57 1327 3
57 1328 4
57 1385 5
57 1386 5
58 0 4
58 42 3
58 68 3
58 77 8
58 95 9
58 109 6
58 139 4
58 144 8
58 166 4
58 172 4
58 179 3
58 200 7
58 203 3
58 235 6
58 237 5
58 272 5
58 280 5
58 311 4
58 344 4
58 365 2
58 366 5
58 372 1
58 422 2
58 431 9
58 478 10
58 515 4
58 525 4
58 619 8
58 679 6
58 686 5
58 725 5
58 730 7
58 759 8
58 791 5
58 799 6
58 813 1
58 816 9
58 881 8
58 890 3
58 909 4
58 915 7
58 916 8
58 920 1
58 925 4
58 976 8
58 1003 6
58 1041 7
58 1066 3
58 1068 5
58 1071 3
58 1078 6
58 1098 4
58 1107 3
58 1118 6
58 1134 4
58 1146 6
58 1159 7
58 1191 8
58 1206 2
58 1208 6
58 1253 1
58 1305 9
58 1317 3
58 1321 7
58 1326 6
58 1341 5
58 1391 3
59 26 2
59 110 4
59 167 0
59 186 0
59 202 8
59 218 4
59 276 3
59 284 6
59 317 5
59 414 7
59 472 6
59 525 6
59 541 3
59 569 3
59 599 7
59 609 6
59 668 8
59 864 7
59 878 7
59 905 4
59 911 8
59 916 10
59 978 4
59 1014 3
59 1020 1
59 1078 7
59 1082 4
59 1102 7
59 1116 0
59 1127 2
59 1164 6
59 1218 7
59 1238 4
59 1242 3
59 1252 2
59 1268 3
59 1291 7
59 1293 3
59 1303 7
59 1312 6
59 1366 7
60 255 5
60 486 6
60 488 4
60 1218 7
61 30 4
61 78 5
61 82 10
61 100 4
61 113 8
61 150 9
61 152 5
61 164 2
61 197 3
61 203 5
61 233 8
61 335 6
61 343 7
61 374 5
61 413 8
61 415 9
61 427 5
61 430 7
61 452 5
61 494 2
61 532 5
61 563 4
61 601 7
61 654 0
61 721 5
61 735 5
61 832 8
61 884 3
61 886 6
61 933 5
61 1080 8
61 1122 6
61 1144 8
61 1152 8
61 1201 3
61 1241 3
61 1304 4
61 1314 4
62 9 0
62 21 4
62 30 4
62 80 3
62 100 6
62 108 4
62 113 9
62 117 4
62 124 7
62 129 5
62 226 2
62 242 9
62 247 10
62 270 3
62 279 7
62 327 6
62 360 3
62 365 3
62 435 6
62 439 2
62 447 3
62 450 4
62 485 4
62 489 4
62 498 4
62 504 6
62 526 5
62 535 6
62 570 5
62 581 5
62 612 6
62 662 3
62 666 5
62 685 4
62 710 4
62 714 10
62 717 8
62 739 7
62 745 3
62 761 4
62 784 5
62 798 2
62 799 6
62 823 8
62 833 4
62 863 3
62 897 5
62 946 5
62 964 7
62 984 5
62 989 7
62 1011 3
62 1030 9
62 1116 1
62 1142 5
62 1157 6
62 1185 6
62 1197 9
62 1214 6
62 1228 9
62 1277 7
62 1301 3
62 1310 6
62 1332 1
62 1349 5
62 1364 4
62 1367 5
62 1375 9
63 3 5
63 9 2
63 89 8
63 342 5
63 468 4
63 491 4
63 533 7
63 646 10
63 658 5
63 699 2
63 798 4
63 806 2
63 936 3
63 942 4
63 944 7
63 968 6
63 983 1
63 1012 7
63 1023 1
63 1085 5
63 1097 8
63 1132 4
63 1140 5
63 1144 7
63 1205 3
64 4 4
64 53 5
64 91 6
64 154 7
64 160 4
64 286 3
64 311 4
64 357 2
64 362 4
64 396 5
64 561 2
64 619 8
64 649 6
64 735 5
64 784 5
64 823 7
64 856 6
64 910 3
64 951 1
64 1102 6
64 1134 6
64 1153 6
64 1212 5
64 1231 4
64 1236 6
64 1276 2
64 1295 4
64 1344 3
64 1370 3
64 1376 7
64 1398 4
64 1399 0
65 27 8
65 115 5
65 140 9
65 141 6
65 146 3
65 152 7
65 155 6
65 161 4
65 170 6
65 192 6
65 243 4
65 289 10
65 358 3
65 413 7
65 420 5
65 433 3
65 466 8
65 486 6
65 528 4
65 563 3
65 621 4
65 648 3
65 732 4
65 735 6
65 801 4
65 820 9
65 822 4
65 861 3
65 873 5
65 877 4
65 996 6
65 997 5
65 999 7
65 1042 7
65 1046 4
65 1095 2
65 1099 10
65 1107 3
65 1151 2
65 1155 5
65 1156 4
65 1171 5
65 1182 2
65 1189 8
65 1190 3
65 1194 7
65 1218 6
65 1225 3
65 1257 10
65 1261 3
65 1285 1
65 1340 3
65 1368 5
65 1392 5
66 6 5
66 52 5
66 73 6
66 77 9
66 105 4
66 179 3
66 302 2
66 423 9
66 432 6
66 471 10
66 519 1
66 570 7
66 591 5
66 607 7
66 649 4
66 654 2
66 664 3
66 668 8
66 687 5
66 800 4
66 808 4
66 834 4
66 853 7
66 854 4
66 870 2
66 900 8
66 978 4
66 1013 4
66 1033 4
66 1045 6
66 1156 5
66 1172 5
66 1237 4
66 1247 3
66 1290 10
66 1350 4
66 1351 5
67 52 5
67 150 7
67 242 7
67 266 9
67 270 5
67 279 7
67 288 8
67 307 3
67 339 6
67 375 1
67 389 5
67 427 3
67 453 5
67 461 6
67 493 1
67 513 5
67 519 2
67 568 5
67 570 5
67 605 6
67 610 10
67 737 9
67 753 7
67 764 6
67 782 3
67 812 4
67 816 9
67 835 5
67 872 4
67 935 3
67 940 7
67 943 5
67 955 4
67 994 6
67 999 7
67 1051 6
67 1056 5
67 1070 5
67 1104 5
67 1116 0
67 1158 5
67 1165 4
67 1216 5
67 1251 5
67 1253 2
67 1340 2
67 1345 7
67 1355 1
67 1361 3
68 1 2
68 61 5
68 105 5
68 125 6
68 167 0
68 189 3
68 305 2
68 359 7
68 482 3
68 483 1
68 518 7
68 604 6
68 771 4
68 804 6
68 816 9
68 838 1
68 846 4
68 867 4
68 916 9
68 976 6
68 1044 6
68 1071 2
68 1083 4
68 1224 10
68 1226 3
68 1237 3
68 1271 5
69 7 4
69 221 4
69 295 7
69 310 3
69 311 5
69 556 1
69 585 1
69 612 7
69 650 5
69 722 7
69 779 0
69 899 3
69 973 6
69 995 4
69 1019 3
69 1075 7
69 1112 7
69 1179 5
69 1193 6
69 1213 6
69 1288 2
70 42 2
70 45 8
70 69 5
70 134 7
70 191 4
70 192 7
70 210 5
70 253 7
70 319 7
70 332 1
70 340 7
70 346 7
70 380 4
70 416 6
70 421 2
70 510 5
70 511 3
70 543 7
70 610 10
70 621 3
70 626 7
70 629 3
70 636 3
70 653 6
70 655 0
70 656 2
70 663 7
70 677 7
70 682 5
70 754 7
70 801 4
70 823 9
70 826 3
70 835 6
70 836 6
70 841 5
70 845 8
70 871 7
70 895 5
70 927 10
70 941 5
70 1017 3
70 1063 7
70 1068 4
70 1132 6
70 1135 4
70 1139 4
70 1149 7
70 1268 5
70 1292 6
70 1326 5
70 1335 4
70 1355 2
70 1369 5
70 1370 2
70 1377 7
70 1383 6
71 22 6
71 52 3
71 61 5
71 68 3
71 99 2
71 143 1
71 170 5
71 186 0
71 206 6
71 257 6
71 276 5
71 279 5
71 305 3
71 309 6
71 310 4
71 322 2
71 344 6
71 357 3
71 380 4
71 398 5
71 409 5
71 440 6
71 446 5
71 471 9
71 489 5
71 521 7
71 552 5
71 573 2
71 582 5
71 583 8
71 615 5
71 644 2
71 659 4
71 692 1
71 694 7
71 717 7
71 720 7
71 725 3
71 741 7
71 744 7
71 766 0
71 806 3
71 831 4
71 863 4
71 880 4
71 894 2
71 926 5
71 934 6
71 985 6
71 1009 6
71 1068 4
71 1077 3
71 1094 4
71 1099 10
71 1126 5
71 1152 8
71 1160 7
71 1166 0
71 1193 6
71 1200 1
71 1208 6
71 1211 1
71 1220 4
71 1319 4
71 1339 4
71 1369 6
71 1371 2
72 2 6
72 46 4
72 53 5
72 72 4
72 80 4
72 85 7
72 121 2
72 142 6
72 146 1
72 151 3
72 175 2
72 194 4
72 206 4
72 216 6
72 240 5
72 267 5
72 278 6
72 294 5
72 365 4
72 423 9
72 445 3
72 446 6
72 447 4
72 461 6
72 484 7
72 495 6
72 545 5
72 565 4
72 637 2
72 644 3
72 682 7
72 687 5
72 699 0
72 703 7
72 745 3
72 748 5
72 755 6
72 764 5
72 828 5
72 839 7
72 842 8
72 865 0
72 887 5
72 892 7
72 915 9
72 946 6
72 950 3
72 951 0
72 991 9
72 1000 8
72 1028 6
72 1043 3
72 1052 4
72 1078 7
72 1081 5
72 1105 6
72 1120 4
72 1138 4
72 1186 7
72 1244 4
72 1281 7
72 1289 4
72 1306 6
72 1358 5
72 1361 4
72 1363 4
72 1383 6
73 2 6
73 4 4
73 19 2
73 83 9
73 85 6
73 97 4
73 105 4
73 114 8
73 121 2
73 149 6
73 173 4
73 192 5
73 199 8
73 247 10
73 248 4
73 339 6
73 380 3
73 404 3
73 423 9
73 477 8
73 613 5
73 614 5
73 619 9
73 632 8
73 645 3
73 656 4
73 671 2
73 696 4
73 723 3
73 816 7
73 893 2
73 917 6
73 971 6
73 1006 3
73 1017 4
73 1019 3
73 1078 7
73 1095 0
73 1112 7
73 1115 6
73 1131 5
73 1144 8
73 1150 6
73 1175 7
73 1191 9
73 1198 6
73 1209 5
73 1274 6
73 1291 9
73 1292 6
73 1294 6
73 1321 6
74 47 4
74 88 4
74 154 8
74 463 4
74 480 6
74 642 8
74 682 7
74 949 4
74 1058 3
74 1140 4
74 1203 5
74 1267 6
75 17 5
75 96 7
75 113 8
75 157 4
75 275 5
75 286 4
75 368 5
75 373 3
75 406 5
75 443 5
75 458 4
75 474 3
75 518 7
75 531 10
75 658 4
75 709 8
75 743 7
75 795 6
75 867 5
75 1153 6
76 79 4
76 106 4
76 193 3
76 203 3
76 221 4
76 258 8
76 296 7
76 331 7
76 524 6
76 553 6
76 579 6
76 674 8
76 725 3
76 751 5
76 796 5
76 874 6
76 899 3
76 914 4
76 1030 9
76 1038 7
76 1044 6
76 1051 7
76 1165 4
76 1275 1
76 1293 3
77 39 6
77 43 6
77 68 3
77 95 8
77 162 3
77 176 4
77 229 6
77 252 6
77 260 5
77 330 3
77 341 4
77 362 5
77 363 5
77 377 2
77 428 8
77 442 7
77 512 4
77 543 8
77 547 8
77 548 9
77 581 6
77 645 4
77 718 1
77 849 10
77 941 5
77 952 7
77 958 6
77 1010 6
77 1021 5
77 1052 3
77 1067 4
77 1096 8
77 1167 2
77 1223 8
77 1296 9
77 1342 6
77 1370 2
78 110 4
78 130 3
78 177 6
78 211 3
78 290 2
78 350 5
78 421 3
78 522 9
78 544 3
78 670 3
78 719 4
78 749 6
78 806 4
78 842 8
78 1113 5
78 1115 7
78 1163 1
78 1165 4
78 1179 6
78 1201 5
79 2 5
79 56 6
79 70 4
79 127 7
79 184 7
79 225 5
79 252 6
79 267 4
79 280 4
79 281 4
79 286 5
79 287 5
79 351 5
79 353 4
79 404 3
79 426 2
79 491 4
79 529 5
79 562 3
79 689 5
79 692 0
79 720 5
79 750 6
79 766 0
79 777 4
79 808 4
79 817 6
79 820 8
79 863 3
79 869 1
79 871 6
79 877 3
79 879 2
79 905 3
79 927 9
79 940 6
79 941 5
79 962 4
79 976 6
79 981 5
79 997 6
79 1000 6
79 1160 6
79 1203 6
79 1209 5
79 1218 8
79 1255 8
79 1264 6
79 1289 4
79 1311 5
79 1371 4
79 1391 5
80 2 7
80 36 5
80 44 6
80 78 6
80 132 6
80 133 5
80 213 7
80 233 7
80 266 9
80 327 6
80 362 5
80 392 5
80 399 3
80 404 2
80 409 6
80 431 9
80 437 7
80 479 3
80 523 8
80 525 4
80 529 5
80 558 2
80 585 1
80 592 9
80 594 0
80 601 7
80 607 6
80 664 2
80 689 3
80 731 7
80 737 8
80 883 5
80 925 4
80 935 4
80 997 6
80 1052 4
80 1070 4
80 1193 5
80 1194 5
80 1205 4
80 1256 4
80 1303 8
80 1308 3
80 1315 7
80 1346 8
80 1371 3
80 1390 4
81 130 3
81 171 5
81 200 5
81 220 10
81 390 3
81 450 4
81 533 8
81 598 5
81 733 5
81 1189 6
81 1317 2
82 45 10
82 56 4
82 77 8
82 90 8
82 175 3
82 294 5
82 390 1
82 403 4
82 438 6
82 443 3
82 444 8
82 452 4
82 466 8
82 510 5
82 529 5
82 540 5
82 595 2
82 642 8
82 652 4
82 688 8
82 704 4
82 709 8
82 719 3
82 743 7
82 753 8
82 827 5
82 830 5
82 849 10
82 924 4
82 948 8
82 950 3
82 1030 7
82 1041 7
82 1068 5
82 1073 5
82 1103 4
82 1142 5
82 1167 4
82 1175 9
82 1194 5
82 1200 3
82 1236 7
82 1277 6
82 1362 1
82 1397 5
83 0 3
83 63 3
83 80 2
83 98 7
83 103 6
83 107 4
83 127 6
83 181 5
83 233 7
83 365 2
83 389 5
83 419 4
83 432 6
83 434 5
83 457 5
83 508 8
83 560 6
83 625 4
83 640 5
83 658 4
83 672 2
83 696 5
83 726 8
83 764 5
83 808 5
83 825 4
83 826 3
83 851 2
83 881 7
83 888 5
83 945 4
83 977 6
83 1017 3
83 1027 7
83 1032 6
83 1055 4
83 1057 5
83 1069 6
83 1090 7
83 1131 4
83 1158 6
83 1182 3
83 1249 9
83 1262 2
83 1263 4
83 1269 3
83 1305 8
83 1306 6
83 1330 4
83 1356 4
83 1397 6
84 155 8
84 397 6
84 559 7
84 852 3
84 919 7
84 929 4
85 16 10
85 38 2
85 39 5
85 47 4
85 72 5
85 111 6
85 121 3
85 145 4
85 166 3
85 184 6
85 195 4
85 202 10
85 228 5
85 364 2
85 484 7
85 517 5
85 523 6
85 532 4
85 648 5
85 663 6
85 667 2
85 673 5
85 718 3
85 786 9
85 820 9
85 834 2
85 915 8
85 945 6
85 1044 6
85 1064 5
85 1109 4
85 1119 2
85 1131 5
85 1142 7
85 1156 5
85 1185 6
85 1192 6
85 1206 2
85 1250 5
85 1269 3
85 1316 8
85 1360 6
85 1376 7
86 24 2
86 43 6
86 45 8
86 50 5
86 51 3
86 93 4
86 107 3
86 149 6
86 168 7
86 207 2
86 209 4
86 223 6
86 269 5
86 298 6
86 317 5
86 374 4
86 398 4
86 407 0
86 477 7
86 478 8
86 492 6
86 530 7
86 546 8
86 564 4
86 566 6
86 568 4
86 593 5
86 598 3
86 630 3
86 650 5
86 665 0
86 671 3
86 721 6
86 737 8
86 744 7
86 752 5
86 806 3
86 857 3
86 868 5
86 881 8
86 893 4
86 923 6
86 937 8
86 938 4
86 972 8
86 978 5
86 987 3
86 1034 6
86 1053 4
86 1055 3
86 1073 4
86 1093 4
86 1099 9
86 1105 6
86 1110 4
86 1136 7
86 1158 4
86 1183 8
86 1191 9
86 1197 8
86 1204 4
86 1277 6
86 1298 2
86 1324 4
86 1329 5
86 1358 4
86 1364 3
86 1379 6
87 1 3
87 25 6
87 33 5
87 44 4
87 71 5
87 129 7
87 130 2
87 137 5
87 158 4
87 166 4
87 208 4
87 212 7
87 223 8
87 251 5
87 255 5
87 257 4
87 285 6
87 303 6
87 322 3
87 328 2
87 340 8
87 356 5
87 357 4
87 402 6
87 414 7
87 451 9
87 501 5
87 533 6
87 549 3
87 578 3
87 588 3
87 622 8
87 642 7
87 677 8
87 685 5
87 689 5
87 705 7
87 706 5
87 726 8
87 765 5
87 772 8
87 778 7
87 785 5
87 797 6
87 815 6
87 823 9
87 851 4
87 856 7
87 872 4
87 880 4
87 924 6
87 943 4
87 1000 6
87 1008 0
87 1035 4
87 1048 6
87 1155 6
87 1165 5
87 1186 7
87 1252 2
87 1282 10
87 1321 6
87 1360 5
88 79 6
88 318 2
88 1248 8
89 10 3
89 97 2
89 109 5
89 237 5
89 282 2
89 316 5
89 317 6
89 326 5
89 448 9
89 466 9
89 489 6
89 612 5
89 636 4
89 652 5
89 671 2
89 745 3
89 854 6
89 926 3
89 941 5
89 998 2
89 1002 3
89 1100 4
89 1142 6
89 1221 3
89 1242 2
89 1256 4
89 1310 6
89 1379 5
89 1386 3
90 1 2
90 4 4
90 17 6
90 22 8
90 25 6
90 36 6
90 46 4
90 88 6
90 98 6
90 99 4
90 100 5
90 143 0
90 202 8
90 206 6
90 222 6
90 269 3
90 306 6
90 320 6
90 343 6
90 348 4
90 352 4
90 386 4
90 401 6
90 454 6
90 479 3
90 487 7
90 513 3
90 521 7
90 524 8
90 526 5
90 536 5
90 634 3
90 696 3
90 704 4
90 705 7
90 707 5
90 722 5
90 769 3
90 870 2
90 909 2
90 930 2
90 954 5
90 963 6
90 972 9
90 973 5
90 994 4
90 1011 3
90 1028 7
90 1032 5
90 1049 6
90 1058 5
90 1080 6
90 1159 6
90 1173 4
90 1194 7
90 1195 4
90 1320 1
90 1325 10
90 1362 1
90 1379 5
91 1317 3
91 1335 4
92 1 2
92 76 10
92 86 3
92 489 4
92 776 7
92 790 5
92 1102 7
92 1118 7
92 1217 6
93 27 8
93 107 3
93 141 6
93 191 5
93 218 4
93 230 3
93 300 7
93 317 6
93 363 3
93 371 6
93 381 6
93 425 6
93 427 3
93 444 8
93 565 3
93 629 3
93 646 9
93 676 3
93 678 6
93 714 9
93 751 7
93 877 3
93 883 4
93 892 5
93 952 5
93 1000 8
93 1001 8
93 1002 5
93 1042 8
93 1045 7
93 1053 3
93 1146 6
93 1157 5
93 1174 6
93 1183 8
93 1202 6
93 1234 5
93 1261 2
93 1304 4
93 1364 4
93 1397 5
94 31 5
94 41 1
94 53 4
94 139 4
94 193 3
94 197 2
94 220 9
94 260 5
94 276 4
94 397 8
94 410 4
94 412 3
94 423 9
94 427 5
94 437 8
94 459 10
94 464 8
94 519 1
94 564 6
94 607 8
94 608 3
94 710 6
94 718 3
94 738 8
94 753 6
94 782 5
94 809 5
94 818 7
94 821 3
94 872 4
94 905 3
94 925 2
94 942 4
94 953 4
94 960 0
94 964 6
94 999 7
94 1254 3
94 1277 6
94 1320 2
95 5 2
95 10 5
95 124 7
95 129 7
95 234 4
95 390 3
95 415 7
95 426 2
95 455 6
95 532 4
95 717 8
95 873 6
95 933 5
95 1000 7
95 1069 6
95 1158 4
95 1197 9
95 1247 4
95 1283 5
95 1316 8
96 134 6
96 209 3
96 247 9
96 278 6
96 304 6
96 354 5
96 371 6
96 453 6
96 464 7
96 465 4
96 488 4
96 543 8
96 585 3
96 617 5
96 707 5
96 740 7
96 751 5
96 764 4
96 774 7
96 799 4
96 804 5
96 832 8
96 889 2
96 901 8
96 933 5
96 988 4
96 1114 6
96 1136 6
96 1149 6
96 1214 5
96 1254 3
96 1270 3
96 1281 6
96 1350 4
96 1359 4
96 1370 1
96 1388 5
97 61 6
97 126 8
97 138 8
97 204 7
97 578 4
97 637 2
97 676 3
97 698 1
97 725 3
97 728 4
97 741 6
97 773 9
97 906 7
97 1166 0
97 1207 5
97 1263 5
97 1347 5
97 1360 6
98 163 5
98 843 7
98 895 6
98 1176 5
98 1197 7
99 15 5
99 18 6
99 32 5
99 54 6
99 89 6
99 100 6
99 184 5
99 189 5
99 245 2
99 255 3
99 261 6
99 263 6
99 280 5
99 284 7
99 285 8
99 310 4
99 335 5
99 352 6
99 377 3
99 396 4
99 406 4
99 425 7
99 435 6
99 456 5
99 478 8
99 496 7
99 538 5
99 542 3
99 627 3
99 628 8
99 634 4
99 655 1
99 690 8
99 711 2
99 749 5
99 750 6
99 757 5
99 836 4
99 865 1
99 876 3
99 917 6
99 921 6
99 929 3
99 943 5
99 970 4
99 978 3
99 979 3
99 986 7
99 989 6
99 1012 9
99 1043 2
99 1073 4
99 1076 3
99 1087 8
99 1144 8
99 1150 7
99 1153 6
99 1168 10
99 1215 0
99 1244 4
99 1248 8
99 1251 4
99 1291 8
99 1292 5
99 1314 3
99 1337 5
99 1365 6
99 1379 5
99 1388 6
100 0 5
100 3 7
100 9 1
100 27 8
100 55 7
100 125 6
100 140 8
100 149 5
100 152 5
100 171 5
100 209 4
100 236 6
100 335 6
100 370 3
100 375 0
100 401 6
100 426 2
100 447 3
100 487 8
100 511 2
100 527 7
100 573 2
100 591 7
100 593 4
100 622 8
100 693 2
100 712 10
100 799 5
100 801 4
100 832 7
100 834 3
100 839 7
100 849 10
100 911 8
100 914 3
100 924 4
100 939 2
100 967 6
100 1007 6
100 1008 0
100 1060 5
100 1066 3
100 1086 6
100 1094 3
100 1101 5
100 1120 5
100 1123 0
100 1129 5
100 1167 3
100 1185 6
100 1187 8
100 1269 4
100 1300 7
100 1311 6
100 1346 9
100 1356 5
100 1360 4
100 1368 4
100 1372 2
100 1377 7
101 37 4
101 52 4
101 79 6
101 117 5
101 125 7
101 131 5
101 139 4
101 141 7
101 145 5
101 194 5
101 219 4
101 245 3
101 260 5
101 295 7
101 307 3
101 332 1
101 384 3
101 399 4
101 402 7
101 455 7
101 467 5
101 473 5
101 480 7
101 523 7
101 531 8
101 534 6
101 568 5
101 576 3
101 577 3
101 588 4
101 614 3
101 652 5
101 659 4
101 680 6
101 727 4
101 751 7
101 780 8
101 781 5
101 838 3
101 839 7
101 878 6
101 911 6
101 932 5
101 984 5
101 994 5
101 1010 5
101 1054 3
101 1098 4
101 1110 4
101 1114 6
101 1116 0
101 1117 1
101 1168 9
101 1176 6
101 1196 10
101 1254 3
101 1260 7
101 1307 2
101 1355 1
101 1368 4
101 1385 5
101 1398 6
102 169 4
102 198 6
102 351 4
102 470 3
102 568 5
102 613 3
102 768 7
102 961 7
103 2 7
103 78 6
103 90 9
103 152 7
103 163 4
103 171 5
103 177 5
103 244 3
103 250 4
103 273 1
103 386 6
103 418 7
103 451 9
103 456 5
103 463 5
103 487 7
103 490 4
103 502 5
103 628 7
103 650 3
103 665 0
103 696 5
103 698 3
103 712 8
103 713 9
103 714 9
103 724 6
103 749 6
103 839 7
103 853 5
103 856 6
103 900 6
103 944 6
103 951 1
103 1019 5
103 1070 4
103 1071 3
103 1092 5
103 1114 7
103 1146 7
103 1163 3
103 1278 4
103 1290 9
103 1308 3
103 1341 6
103 1387 4
103 1396 7
104 527 6
104 570 6
104 771 4
104 962 4
105 39 5
105 164 2
105 345 5
105 350 4
105 391 4
105 490 5
105 548 9
105 550 6
105 616 8
105 629 5
105 641 2
105 649 5
105 746 3
105 764 4
105 844 10
105 908 3
105 949 5
105 958 6
105 990 4
105 1027 7
105 1093 3
105 1124 5
105 1134 4
105 1275 2
105 1357 5
106 7 5
106 229 7
106 294 5
106 303 6
106 332 1
106 375 1
106 515 5
106 601 8
106 642 7
106 720 5
106 729 3
106 899 4
106 906 7
106 1050 8
106 1072 0
106 1095 1
106 1172 5
106 1247 5
107 33 4
107 67 5
107 82 10
107 83 9
107 90 9
107 212 8
107 280 4
107 390 1
107 404 2
107 448 9
107 450 3
107 498 6
107 551 2
107 641 3
107 644 2
107 645 4
107 669 5
107 755 6
107 758 6
107 922 3
107 1047 3
107 1177 6
107 1378 7
108 115 3
108 165 5
108 231 5
108 269 5
108 402 5
108 404 2
108 452 5
108 558 4
108 639 2
108 658 6
108 675 1
108 762 3
108 862 5
108 863 3
108 962 4
108 1050 7
108 1332 1
108 1383 5
109 38 2
109 96 8
109 101 6
109 125 6
109 238 8
109 274 0
109 393 4
109 427 4
109 455 5
109 505 8
109 593 4
109 681 3
109 716 4
109 851 2
109 1037 5
109 1066 3
109 1099 10
109 1115 7
109 1133 5
109 1202 4
109 1357 5
110 37 3
110 294 4
110 390 2
110 613 5
110 978 5
110 1050 8
111 0 5
111 8 5
111 10 5
111 90 10
111 114 8
111 121 4
111 128 9
111 155 7
111 180 6
111 348 3
111 359 6
111 364 2
111 418 6
111 425 5
111 453 5
111 464 8
111 497 5
111 501 5
111 565 2
111 616 8
111 651 9
111 677 8
111 731 9
111 844 10
111 890 3
111 977 5
111 1002 3
111 1027 6
111 1044 6
111 1070 3
111 1075 9
111 1111 4
111 1117 0
111 1134 6
111 1148 6
111 1254 3
111 1284 5
111 1290 10
111 1323 6
111 1343 3
111 1359 6
112 454 6
112 551 2
112 1029 6
112 1193 5
113 35 4
113 44 6
113 71 4
113 106 4
113 114 7
113 116 6
113 117 4
113 127 5
113 130 4
113 164 2
113 176 4
113 245 4
113 269 3
113 285 8
113 312 4
113 320 5
113 326 7
113 331 7
113 337 7
113 365 3
113 372 1
113 377 3
113 413 8
113 425 5
113 469 4
113 475 5
113 508 7
113 577 5
113 590 2
113 624 6
113 642 6
113 676 3
113 679 8
113 695 4
113 708 6
113 722 7
113 737 9
113 766 1
113 805 7
113 878 8
113 903 6
113 918 5
113 919 7
113 923 6
113 947 6
113 955 6
113 958 5
113 970 4
113 1010 6
113 1024 4
113 1033 4
113 1072 1
113 1079 5
113 1085 5
113 1137 7
113 1145 6
113 1178 10
113 1256 3
113 1283 5
113 1307 4
113 1311 7
113 1328 4
113 1353 3
113 1389 3
114 6 7
114 15 5
114 113 8
114 124 8
114 126 8
114 132 5
114 137 7
114 141 5
114 144 8
114 148 9
114 169 4
114 217 2
114 219 5
114 223 7
114 228 5
114 229 5
114 254 5
114 257 4
114 265 5
114 270 5
114 279 5
114 297 3
114 370 4
114 418 6
114 430 6
114 448 8
114 453 5
114 455 7
114 502 5
114 556 3
114 566 7
114 598 5
114 658 4
114 692 0
114 768 9
114 817 5
114 838 3
114 841 6
114 872 4
114 910 5
114 944 7
114 946 6
114 955 4
114 968 7
114 977 6
114 1017 4
114 1022 4
114 1030 8
114 1044 6
114 1077 4
114 1081 4
114 1105 6
114 1118 6
114 1125 0
114 1166 1
114 1182 2
114 1208 5
114 1212 4
114 1228 8
114 1232 3
114 1283 3
114 1289 5
114 1304 4
114 1319 5
114 1322 3
114 1333 7
114 1339 5
114 1353 4
114 1378 6
115 37 2
115 127 7
115 264 3
115 405 6
115 497 6
115 609 7
115 925 4
115 1005 5
115 1066 1
116 447 4
116 529 5
116 619 9
116 907 8
116 995 6
116 1107 4
116 1168 9
116 1332 3
117 89 6
117 95 9
117 185 2
117 251 4
117 252 7
117 299 5
117 319 7
117 347 3
117 433 3
117 511 3
117 527 8
117 536 4
117 560 4
117 668 6
117 698 2
117 726 6
117 815 6
117 826 5
117 873 5
117 892 6
117 899 4
117 959 3
117 987 2
117 1057 4
117 1111 4
117 1123 0
117 1140 5
117 1202 5
117 1230 7
117 1252 2
117 1339 4
117 1354 4
117 1370 2
117 1388 6
118 38 1
118 63 3
118 98 7
118 107 4
118 154 7
118 157 5
118 159 5
118 165 5
118 172 4
118 198 7
118 254 5
118 290 3
118 322 3
118 384 5
118 402 5
118 409 6
118 436 5
118 441 3
118 456 6
118 501 5
118 503 3
118 533 6
118 559 8
118 562 4
118 602 4
118 606 3
118 644 2
118 646 10
118 773 9
118 806 3
118 810 7
118 816 9
118 831 2
118 839 6
118 862 4
118 883 6
118 900 7
118 905 3
118 911 8
118 918 4
118 921 6
118 927 10
118 981 6
118 988 5
118 1012 9
118 1034 7
118 1037 7
118 1042 7
118 1083 5
118 1089 5
118 1095 1
118 1098 5
118 1158 5
118 1160 5
118 1189 6
118 1194 7
118 1231 3
118 1238 4
118 1251 3
118 1252 2
118 1279 4
118 1296 7
118 1312 7
118 1329 4
118 1345 7
118 1352 4
118 1353 4
118 1396 7
119 121 2
119 124 6
119 187 5
119 211 3
119 218 2
119 309 8
119 375 1
119 383 7
119 469 6
119 510 5
119 850 5
119 920 1
119 940 7
119 990 5
119 1018 4
119 1057 3
119 1059 3
119 1184 9
119 1265 7
119 1285 1
120 93 3
120 204 8
120 313 3
120 337 6
120 338 7
120 403 4
120 499 5
120 561 1
120 794 8
120 848 10
120 859 5
120 964 5
120 1084 6
120 1199 6
120 1225 3
120 1228 8
120 1265 7
121 8 5
121 160 4
121 162 1
121 250 4
121 308 5
121 353 5
121 624 5
121 701 4
121 702 6
121 854 5
121 910 3
121 1035 4
121 1235 3
121 1325 10
121 1357 7
121 1384 7
122 22 8
122 54 5
122 112 4
122 272 3
122 280 6
122 442 7
122 471 10
122 560 4
122 610 10
122 652 4
122 767 2
122 855 7
122 908 4
122 1067 5
122 1076 2
122 1108 4
122 1113 5
122 1188 7
122 1235 4
122 1382 6
123 67 5
123 93 3
123 169 2
123 196 5
123 215 2
123 220 8
123 283 6
123 310 4
123 322 3
123 358 2
123 368 5
123 393 5
123 413 6
123 495 4
123 525 5
123 547 7
123 562 3
123 570 6
123 657 2
123 681 5
123 685 6
123 715 8
123 742 4
123 793 6
123 871 7
123 904 4
123 950 3
123 953 4
123 999 6
123 1078 8
123 1083 5
123 1192 6
123 1299 2
124 84 6
124 106 3
124 119 7
124 136 5
124 227 7
124 263 6
124 307 4
124 415 9
124 544 1
124 653 7
124 686 3
124 718 1
124 723 4
124 884 5
124 965 9
124 1073 3
124 1093 5
124 1166 1
124 1190 5
124 1258 5
124 1280 5
125 70 6
125 173 3
125 182 9
125 202 9
125 203 5
125 239 5
125 326 6
125 329 4
125 339 5
125 346 8
125 430 7
125 432 6
125 445 4
125 475 5
125 541 3
125 571 4
125 618 4
125 674 7
125 707 5
125 728 4
125 740 5
125 767 2
125 770 4
125 773 9
125 799 4
125 838 3
125 860 4
125 976 8
125 1015 6
125 1030 9
125 1063 6
125 1148 5
125 1161 6
125 1260 7
125 1303 7
125 1321 7
125 1375 10
126 45 9
126 139 6
126 262 5
126 430 6
126 818 5
126 843 7
126 866 5
126 1187 7
126 1297 10
126 1325 10
127 120 4
127 339 5
127 473 7
127 603 4
127 634 3
127 716 4
127 772 6
127 966 6
127 1212 6
127 1356 3
127 1394 5
128 31 7
128 81 2
128 84 6
128 117 6
128 133 6
128 150 8
128 179 5
128 184 7
128 187 5
128 192 7
128 194 3
128 219 3
128 248 2
128 253 6
128 265 6
128 266 8
128 279 5
128 297 5
128 315 8
128 359 6
128 420 3
128 465 4
128 576 3
128 668 8
128 685 6
128 703 7
128 748 5
128 752 6
128 780 7
128 859 5
128 889 2
128 956 3
128 963 5
128 967 6
128 975 7
128 980 3
128 985 6
128 1009 5
128 1038 5
128 1126 7
128 1129 3
128 1151 1
128 1181 9
128 1208 6
128 1238 4
128 1241 4
128 1247 4
128 1255 7
128 1327 1
128 1351 5
128 1354 6
128 1358 5
129 20 5
129 39 7
129 99 3
129 123 1
129 169 3
129 183 5
129 285 7
129 293 4
129 350 4
129 392 7
129 409 6
129 416 6
129 427 5
129 443 5
129 444 7
129 485 5
129 528 4
129 540 6
129 552 6
129 556 2
129 569 3
129 577 4
129 626 7
129 633 4
129 677 9
129 699 1
129 721 6
129 733 3
129 777 3
129 798 4
129 801 4
129 804 4
129 806 4
129 830 6
129 885 8
129 928 7
129 954 7
129 971 7
129 977 4
129 993 4
129 1042 7
129 1064 3
129 1123 0
129 1144 6
129 1176 6
129 1204 2
129 1230 7
129 1320 0
129 1321 7
129 1360 5
130 70 4
130 96 8
130 129 6
130 132 5
130 136 5
130 241 9
130 369 6
130 535 6
130 755 7
130 805 7
130 819 6
130 961 7
130 991 7
130 1130 6
131 186 0
131 241 8
131 249 4
131 273 1
131 286 5
131 420 3
131 443 5
131 446 7
131 596 2
131 645 4
131 654 2
131 799 6
131 803 7
131 826 4
131 848 9
131 1004 9
131 1159 6
131 1164 5
131 1200 3
131 1278 4
131 1284 4
132 523 7
132 1302 5
133 159 3
133 251 4
133 278 5
133 359 5
133 379 7
133 389 4
133 506 3
133 630 5
133 632 8
133 728 5
133 1013 4
133 1049 4
133 1088 4
133 1203 5
133 1207 4
133 1236 5
133 1349 4
134 193 3
134 398 6
134 415 8
134 429 3
134 435 4
134 459 10
134 498 6
134 500 5
134 575 5
134 633 4
134 688 8
134 692 2
134 794 8
134 881 7
134 1044 8
134 1053 3
134 1136 8
134 1154 3
134 1188 7
134 1199 6
134 1289 5
134 1301 4
134 1322 3
135 14 10
135 30 5
135 385 2
135 616 6
135 913 3
135 1096 9
135 1161 7
136 52 5
136 80 3
136 88 6
136 106 3
136 149 5
136 156 5
136 188 6
136 214 7
136 238 6
136 263 6
136 303 4
136 343 7
136 348 4
136 486 8
136 534 7
136 560 4
136 592 9
136 593 5
136 604 7
136 644 1
136 646 10
136 657 4
136 683 5
136 685 6
136 703 8
136 738 8
136 755 6
136 771 3
136 777 4
136 783 7
136 836 4
136 845 6
136 850 5
136 877 3
136 881 6
136 907 6
136 920 2
136 959 3
136 966 5
136 993 4
136 1017 4
136 1020 1
136 1051 7
136 1061 6
136 1072 1
136 1076 3
136 1095 0
136 1104 6
136 1105 6
136 1113 7
136 1143 4
136 1175 9
136 1200 3
136 1207 6
136 1224 8
136 1246 5
136 1298 3
136 1329 5
136 1343 4
136 1363 4
136 1366 6
136 1388 7
136 1395 8
137 25 6
137 39 5
137 85 8
137 93 4
137 121 3
137 172 4
137 176 2
137 183 6
137 200 7
137 224 6
137 256 2
137 263 6
137 292 6
137 364 3
137 401 6
137 409 7
137 505 9
137 516 1
137 570 6
137 635 4
137 641 3
137 671 2
137 682 5
137 683 6
137 720 5
137 743 7
137 776 5
137 794 10
137 815 6
137 816 8
137 852 4
137 963 5
137 966 5
137 976 7
137 988 3
137 989 8
137 992 4
137 1080 7
137 1112 8
137 1126 7
137 1144 7
137 1152 6
137 1187 8
137 1189 8
137 1203 5
137 1229 6
137 1243 9
137 1258 5
137 1265 6
137 1272 5
137 1322 1
137 1367 3
137 1369 6
137 1373 3
137 1398 4
138 9 1
138 36 6
138 123 3
138 127 6
138 171 7
138 213 7
138 230 2
138 234 4
138 298 6
138 324 6
138 521 5
138 550 6
138 569 5
138 611 4
138 616 6
138 626 6
138 637 4
138 664 2
138 670 2
138 750 6
138 834 3
138 905 3
138 910 5
138 958 4
138 1027 8
138 1070 3
138 1075 8
138 1079 6
138 1150 6
138 1169 5
138 1219 8
138 1222 6
138 1253 2
138 1277 5
138 1289 4
138 1293 2
138 1397 7
139 43 6
139 81 4
139 111 4
139 608 5
139 953 6
