Seed: 1117270905
Researcher: 100
Papers: 2200
Edges: 5834
RDensity: None
minScore: 0
maxScore: 10
maxResearcherForPaper: None
maxPaperForResearcher: None
ToAssign: 250
0 42 8
0 60 9
0 62 5
0 97 7
0 102 6
0 135 1
0 156 5
0 174 5
0 203 4
0 257 8
0 303 1
0 434 7
0 435 4
0 448 8
0 465 7
0 481 6
0 524 4
0 543 4
0 580 7
0 604 4
0 613 5
0 695 5
0 711 4
0 727 4
0 730 5
0 813 3
0 884 6
0 898 4
0 904 6
0 914 5
0 917 5
0 933 4
0 943 3
0 988 5
0 1017 3
0 1105 10
0 1114 6
0 1173 4
0 1181 5
0 1228 4
0 1252 7
0 1272 2
0 1291 6
0 1310 4
0 1352 2
0 1371 5
0 1375 7
0 1380 5
0 1430 3
0 1459 4
0 1484 3
0 1489 8
0 1533 4
0 1545 2
0 1559 6
0 1624 5
0 1642 8
0 1654 5
0 1676 8
0 1679 7
0 1682 5
0 1732 8
0 1776 6
0 1779 7
0 1846 7
0 1855 3
0 1857 6
0 1871 7
0 1874 8
0 1878 5
0 1947 4
0 1982 6
0 2031 6
0 2042 4
0 2058 3
0 2113 7
1 21 3
1 25 8
1 30 4
1 68 4
1 135 3
1 142 4
1 152 2
1 157 7
1 169 3
1 209 1
1 222 6
1 228 6
1 239 6
1 277 4
1 301 4
1 330 4
1 366 8
1 376 6
1 439 9
1 449 4
1 451 3
1 460 7
1 474 8
1 590 4
1 613 6
1 621 3
1 653 4
1 659 5
1 687 5
1 757 6
1 813 3
1 834 2
1 850 2
1 894 7
1 928 5
1 990 3
1 993 4
1 1002 5
1 1013 5
1 1075 6
1 1207 3
1 1225 3
1 1227 5
1 1236 7
1 1259 5
1 1282 2
1 1299 5
1 1302 3
1 1306 5
1 1361 6
1 1367 5
1 1370 5
1 1406 3
1 1415 7
1 1418 9
1 1423 2
1 1440 7
1 1465 5
1 1487 6
1 1500 1
1 1509 5
1 1548 3
1 1556 7
1 1589 7
1 1627 2
1 1661 3
1 1709 10
1 1731 3
1 1747 4
1 1774 4
1 1786 6
1 1788 8
1 1790 2
1 1826 6
1 1860 4
1 1874 8
1 1879 4
1 1907 5
1 1911 6
1 1963 7
1 1994 2
1 2006 8
1 2009 8
1 2011 2
1 2033 1
1 2045 6
1 2076 2
1 2094 9
1 2117 2
1 2127 9
1 2142 8
1 2154 4
1 2183 2
2 15 9
2 64 4
2 82 1
2 91 6
2 94 5
2 95 8
2 103 3
2 128 5
2 142 5
2 162 5
2 179 8
2 182 6
2 186 4
2 230 2
2 247 7
2 256 8
2 282 9
2 289 4
2 290 4
2 312 3
2 329 3
2 387 10
2 400 2
2 449 3
2 462 5
2 467 4
2 474 7
2 505 5
2 538 7
2 580 5
2 597 4
2 633 6
2 648 2
2 726 5
2 748 4
2 818 4
2 900 9
2 903 7
2 919 1
2 951 5
2 978 5
2 986 5
2 990 4
2 995 7
2 1011 3
2 1025 4
2 1131 6
2 1142 5
2 1148 8
2 1152 9
2 1163 4
2 1182 8
2 1205 7
2 1207 2
2 1244 3
2 1282 3
2 1302 5
2 1304 5
2 1342 5
2 1344 4
2 1387 8
2 1391 7
2 1398 6
2 1437 5
2 1466 5
2 1488 3
2 1528 1
2 1551 2
2 1747 4
2 1825 8
2 1888 9
2 1897 6
2 1953 6
2 1979 6
2 2078 6
2 2085 2
2 2137 6
2 2170 5
3 22 5
3 31 4
3 48 1
3 88 9
3 98 4
3 106 2
3 120 10
3 124 5
3 170 6
3 211 6
3 215 7
3 298 3
3 305 3
3 326 4
3 365 3
3 407 8
3 423 5
3 434 8
3 455 3
3 471 2
3 482 1
3 501 5
3 518 6
3 533 7
3 538 7
3 543 4
3 551 9
3 554 2
3 573 6
3 575 4
3 595 2
3 654 6
3 671 5
3 708 0
3 736 6
3 804 0
3 806 0
3 811 6
3 844 3
3 854 3
3 878 6
3 916 5
3 952 7
3 1004 2
3 1036 4
3 1070 3
3 1122 3
3 1142 5
3 1143 6
3 1152 7
3 1194 2
3 1309 6
3 1355 0
3 1407 8
3 1457 3
3 1481 3
3 1492 10
3 1499 7
3 1506 9
3 1526 5
3 1540 4
3 1557 8
3 1641 2
3 1643 4
3 1649 6
3 1657 3
3 1684 5
3 1693 5
3 1708 4
3 1713 6
3 1762 7
3 1808 6
3 1814 3
3 1815 5
3 1846 6
3 1848 4
3 1883 4
3 1913 4
3 1920 5
3 1970 6
3 1997 8
3 2004 9
3 2010 4
3 2044 2
3 2054 9
3 2064 7
3 2067 6
3 2081 1
3 2083 7
3 2102 3
3 2121 0
3 2143 4
3 2194 8
4 14 6
4 33 6
4 45 6
4 61 6
4 104 5
4 109 9
4 177 2
4 233 6
4 241 1
4 322 6
4 347 4
4 377 7
4 418 4
4 424 6
4 494 7
4 499 3
4 517 5
4 557 8
4 573 6
4 615 3
4 654 7
4 664 9
4 681 4
4 689 4
4 740 4
4 848 5
4 910 6
4 912 3
4 947 4
4 995 7
4 1044 6
4 1100 6
4 1173 6
4 1200 6
4 1234 3
4 1246 5
4 1276 8
4 1317 8
4 1319 6
4 1388 5
4 1396 2
4 1415 6
4 1420 7
4 1492 8
4 1504 5
4 1526 6
4 1532 3
4 1574 6
4 1613 5
4 1625 10
4 1639 2
4 1689 5
4 1722 5
4 1783 8
4 1788 6
4 1836 6
4 1878 5
4 1881 1
4 1902 8
4 1918 4
4 1995 3
4 2020 2
4 2033 2
4 2042 5
4 2066 6
4 2123 6
5 5 6
5 22 4
5 47 6
5 65 7
5 97 7
5 167 7
5 221 6
5 228 6
5 261 7
5 319 5
5 331 6
5 387 9
5 459 3
5 462 5
5 474 8
5 509 8
5 560 4
5 569 4
5 715 4
5 925 4
5 932 4
5 1000 8
5 1005 5
5 1018 7
5 1059 5
5 1061 6
5 1076 6
5 1111 5
5 1203 4
5 1367 5
5 1405 5
5 1456 2
5 1512 5
5 1545 1
5 1838 7
5 1902 8
5 1917 5
5 1982 6
5 2039 7
5 2064 7
5 2107 7
6 80 6
6 85 7
6 86 5
6 88 9
6 89 5
6 129 8
6 153 8
6 169 3
6 214 5
6 236 2
6 249 4
6 263 5
6 347 6
6 354 3
6 373 5
6 379 4
6 402 8
6 426 9
6 431 7
6 451 3
6 455 2
6 457 4
6 468 6
6 471 3
6 491 9
6 496 6
6 502 6
6 525 4
6 540 5
6 554 4
6 587 5
6 602 8
6 613 6
6 616 1
6 664 8
6 684 8
6 732 6
6 738 8
6 751 8
6 774 5
6 793 3
6 795 5
6 831 5
6 853 4
6 864 0
6 865 4
6 929 6
6 989 1
6 1011 2
6 1018 6
6 1053 5
6 1152 9
6 1219 5
6 1231 3
6 1255 3
6 1269 7
6 1280 5
6 1380 6
6 1421 4
6 1451 4
6 1581 3
6 1584 5
6 1601 4
6 1608 6
6 1639 2
6 1651 4
6 1652 8
6 1660 5
6 1676 6
6 1685 7
6 1700 4
6 1743 4
6 1786 4
6 1793 4
6 1794 6
6 1825 6
6 1874 8
6 1890 6
6 1894 6
6 2023 5
6 2044 2
6 2049 5
6 2053 6
6 2060 7
6 2070 5
6 2105 4
7 176 4
7 195 9
7 245 5
7 278 8
7 342 8
7 389 6
7 489 7
7 573 5
7 639 4
7 654 7
7 674 5
7 729 3
7 737 3
7 910 6
7 1094 5
7 1125 3
7 1192 3
7 1247 5
7 1336 4
7 1420 7
7 1499 7
7 1588 2
7 1649 6
7 1697 1
7 1792 5
7 1823 6
7 1830 4
7 1960 2
7 1989 5
8 1 5
8 4 6
8 45 4
8 55 3
8 114 4
8 168 6
8 208 10
8 209 2
8 210 6
8 246 4
8 314 8
8 372 4
8 378 8
8 421 4
8 437 4
8 465 6
8 473 3
8 504 8
8 666 1
8 672 3
8 699 3
8 736 8
8 743 6
8 772 6
8 806 2
8 807 5
8 809 2
8 833 4
8 858 4
8 897 5
8 926 5
8 954 7
8 979 7
8 1015 4
8 1047 1
8 1094 4
8 1097 5
8 1100 5
8 1108 7
8 1155 9
8 1162 3
8 1206 7
8 1398 5
8 1487 6
8 1537 7
8 1541 8
8 1566 8
8 1610 6
8 1618 3
8 1637 3
8 1648 4
8 1687 1
8 1823 5
8 1835 2
8 1866 2
8 1921 6
8 1954 4
8 2042 3
8 2053 5
8 2059 8
8 2062 6
9 64 3
9 117 8
9 123 7
9 275 8
9 397 3
9 553 3
9 656 2
9 706 6
9 740 6
9 768 2
9 870 7
9 950 5
9 1023 5
9 1024 4
9 1175 1
9 1246 5
9 1323 5
9 1345 7
9 1404 2
9 1718 3
9 1730 8
9 1746 6
9 1820 8
9 2029 6
9 2034 6
10 46 8
10 105 3
10 253 5
10 263 5
10 265 4
10 274 3
10 462 4
10 596 6
10 641 3
10 677 5
10 680 3
10 682 4
10 690 9
10 699 1
10 702 4
10 755 8
10 763 3
10 767 7
10 826 5
10 844 3
10 890 4
10 898 5
10 918 4
10 923 2
10 1019 7
10 1051 2
10 1068 6
10 1165 6
10 1166 7
10 1296 8
10 1325 6
10 1344 5
10 1376 4
10 1382 3
10 1384 3
10 1460 8
10 1474 6
10 1489 9
10 1583 4
10 1597 7
10 1633 8
10 1641 3
10 1660 5
10 1677 5
10 1705 3
10 1717 9
10 1726 2
10 1732 8
10 1772 1
10 1778 5
10 1801 6
10 1835 3
10 1847 2
10 1851 7
10 1889 7
10 1899 2
10 1926 6
10 1934 7
10 1976 8
10 2014 4
10 2030 8
10 2147 7
10 2163 3
11 3 6
11 27 2
11 214 4
11 487 4
11 502 8
11 648 3
11 686 7
11 741 5
11 871 4
11 956 4
11 1080 4
11 1381 7
11 1570 4
11 1753 5
11 1816 7
11 1847 2
11 1885 9
11 2016 4
11 2093 9
12 89 5
12 94 4
12 127 3
12 136 1
12 139 4
12 191 4
12 224 6
12 239 5
12 263 4
12 291 5
12 308 7
12 336 3
12 387 10
12 423 5
12 500 1
12 621 5
12 649 8
12 680 4
12 727 4
12 758 4
12 801 3
12 808 3
12 820 3
12 833 6
12 863 5
12 896 0
12 903 7
12 906 8
12 918 5
12 941 3
12 960 10
12 997 4
12 1009 6
12 1029 5
12 1112 5
12 1174 2
12 1198 4
12 1207 1
12 1304 3
12 1471 4
12 1475 7
12 1556 7
12 1571 0
12 1617 3
12 1669 5
12 1681 5
12 1717 9
12 1725 3
12 1763 4
12 1787 5
12 1796 6
12 1816 7
12 1820 6
12 1823 5
12 1888 9
12 1889 9
12 1962 4
12 2113 5
12 2131 1
12 2136 7
12 2149 7
12 2181 4
13 76 4
13 121 6
13 184 6
13 240 1
13 299 1
13 346 5
13 358 4
13 363 7
13 372 4
13 543 4
13 702 6
13 757 7
13 779 10
13 818 4
13 834 4
13 932 4
13 1010 5
13 1026 10
13 1288 6
13 1389 2
13 1450 6
13 1486 7
13 1619 3
13 1639 2
13 1701 1
13 1776 6
13 1957 5
13 1979 6
14 5 6
14 35 5
14 92 6
14 102 7
14 116 4
14 140 7
14 161 7
14 183 8
14 190 7
14 263 4
14 266 4
14 287 5
14 331 8
14 349 5
14 366 8
14 381 5
14 517 6
14 527 6
14 554 2
14 567 3
14 577 6
14 604 3
14 609 2
14 612 6
14 615 3
14 622 4
14 625 7
14 661 7
14 676 5
14 714 0
14 735 5
14 741 6
14 744 5
14 752 7
14 765 6
14 825 7
14 830 4
14 855 3
14 877 6
14 879 3
14 896 0
14 901 5
14 942 5
14 1016 9
14 1036 3
14 1037 10
14 1039 5
14 1107 3
14 1117 6
14 1131 6
14 1187 3
14 1201 5
14 1228 6
14 1235 4
14 1277 5
14 1281 8
14 1340 6
14 1355 1
14 1376 6
14 1387 6
14 1399 8
14 1417 4
14 1426 9
14 1443 5
14 1444 8
14 1491 8
14 1495 8
14 1508 5
14 1543 4
14 1555 7
14 1559 5
14 1576 6
14 1594 3
14 1604 1
14 1618 2
14 1642 7
14 1668 6
14 1674 4
14 1685 7
14 1734 2
14 1835 1
14 1852 6
14 1858 6
14 1859 7
14 1888 8
14 1911 6
14 1938 4
14 1973 4
14 1999 3
14 2006 6
14 2013 2
14 2022 7
14 2029 6
14 2039 5
14 2044 2
14 2106 6
14 2107 6
14 2133 4
14 2140 6
14 2151 5
14 2156 5
14 2187 4
15 20 6
15 33 7
15 35 4
15 42 9
15 50 5
15 62 5
15 130 9
15 157 7
15 164 7
15 184 7
15 201 7
15 216 5
15 218 3
15 252 6
15 258 3
15 271 5
15 284 5
15 291 5
15 302 3
15 305 3
15 329 2
15 379 6
15 384 9
15 401 3
15 418 3
15 505 6
15 541 1
15 548 6
15 571 0
15 619 2
15 625 5
15 721 5
15 746 3
15 769 4
15 773 4
15 812 4
15 817 4
15 844 3
15 848 5
15 861 10
15 879 2
15 883 3
15 887 8
15 908 2
15 914 5
15 917 5
15 930 2
15 959 2
15 964 2
15 967 5
15 986 5
15 1038 3
15 1040 4
15 1045 5
15 1060 8
15 1089 7
15 1122 5
15 1152 9
15 1153 4
15 1157 3
15 1269 8
15 1272 1
15 1319 7
15 1346 6
15 1357 6
15 1360 3
15 1386 6
15 1393 5
15 1402 0
15 1410 4
15 1426 8
15 1468 2
15 1482 5
15 1562 8
15 1564 7
15 1573 7
15 1599 6
15 1624 5
15 1661 4
15 1672 3
15 1679 6
15 1705 4
15 1714 4
15 1716 5
15 1724 4
15 1727 5
15 1729 2
15 1771 2
15 1777 2
15 1835 3
15 1841 6
15 1862 4
15 1866 3
15 1867 8
15 1873 8
15 1881 0
15 1935 5
15 1943 7
15 1955 5
15 1977 9
15 2013 3
15 2024 5
15 2094 9
15 2106 6
15 2116 7
15 2120 6
15 2143 5
15 2154 6
15 2175 7
15 2187 3
16 7 10
16 48 1
16 62 5
16 94 4
16 123 8
16 126 5
16 151 6
16 226 6
16 234 3
16 259 5
16 275 7
16 277 4
16 289 5
16 306 1
16 310 4
16 336 2
16 349 3
16 392 4
16 449 5
16 561 4
16 566 7
16 570 6
16 577 4
16 592 4
16 702 5
16 855 3
16 911 2
16 969 4
16 975 7
16 1051 1
16 1065 5
16 1090 8
16 1106 2
16 1130 6
16 1147 6
16 1181 4
16 1190 3
16 1232 7
16 1270 4
16 1282 4
16 1287 5
16 1351 6
16 1368 5
16 1371 5
16 1403 6
16 1407 8
16 1411 9
16 1420 7
16 1510 8
16 1524 7
16 1563 5
16 1797 3
16 1863 5
16 1877 5
16 1901 5
16 1963 6
16 1964 3
16 1995 5
16 2003 2
16 2009 7
16 2078 7
16 2083 6
16 2104 3
17 83 9
17 96 4
17 97 7
17 143 8
17 175 5
17 179 6
17 180 4
17 268 3
17 285 1
17 292 6
17 318 8
17 337 8
17 365 4
17 368 7
17 517 4
17 518 6
17 525 3
17 580 6
17 604 5
17 616 2
17 622 4
17 647 0
17 703 6
17 734 2
17 849 7
17 878 7
17 884 4
17 906 7
17 1037 9
17 1048 6
17 1063 5
17 1094 5
17 1112 4
17 1241 6
17 1255 2
17 1285 6
17 1321 2
17 1360 3
17 1410 5
17 1417 3
17 1523 7
17 1540 4
17 1602 3
17 1637 2
17 1715 8
17 1727 3
17 1768 5
17 1802 8
17 1912 4
17 1923 7
17 1936 8
17 1952 4
17 2001 5
17 2012 6
17 2017 0
17 2093 7
17 2095 6
17 2098 5
17 2119 1
17 2133 4
17 2188 8
18 325 5
18 1494 7
18 1553 5
18 1823 5
18 2038 4
19 40 7
19 55 1
19 60 8
19 63 3
19 90 1
19 94 4
19 104 5
19 139 6
19 166 8
19 173 6
19 181 4
19 232 3
19 244 7
19 256 7
19 289 4
19 296 3
19 326 5
19 381 5
19 395 5
19 405 4
19 415 6
19 438 1
19 470 6
19 474 7
19 488 4
19 492 5
19 519 4
19 557 6
19 565 3
19 592 4
19 629 6
19 661 6
19 682 5
19 686 5
19 687 6
19 689 6
19 692 1
19 698 10
19 733 7
19 739 8
19 764 7
19 773 5
19 798 2
19 952 8
19 963 7
19 977 7
19 986 5
19 1000 6
19 1049 5
19 1053 3
19 1058 6
19 1059 7
19 1136 1
19 1234 3
19 1264 7
19 1292 4
19 1356 3
19 1357 5
19 1383 5
19 1427 5
19 1438 7
19 1462 8
19 1468 2
19 1599 6
19 1606 8
19 1637 3
19 1661 3
19 1672 3
19 1732 7
19 1738 5
19 1744 4
19 1770 4
19 1782 3
19 1859 5
19 1871 6
19 1884 6
19 1890 6
19 1926 7
19 1979 6
19 1990 2
19 2001 4
19 2027 8
19 2039 7
19 2073 2
19 2094 9
19 2103 8
19 2106 7
19 2111 5
19 2123 6
19 2150 8
20 1 3
20 176 4
20 262 7
20 320 6
20 418 3
20 425 3
20 431 9
20 543 3
20 559 4
20 654 7
20 765 6
20 776 2
20 847 6
20 914 7
20 939 7
20 957 2
20 1016 7
20 1022 0
20 1038 3
20 1050 5
20 1052 5
20 1109 1
20 1183 7
20 1186 6
20 1211 6
20 1279 3
20 1292 4
20 1336 4
20 1349 7
20 1376 6
20 1446 5
20 1458 6
20 1524 7
20 1546 5
20 1648 3
20 1652 7
20 1958 7
20 1981 2
20 2045 5
20 2101 6
20 2103 7
21 45 6
21 117 6
21 340 7
21 436 3
21 452 6
21 572 9
21 631 6
21 652 5
21 668 5
21 786 7
21 822 9
21 1103 0
21 1259 4
21 1409 6
21 1443 4
21 1715 8
21 1758 4
21 1820 8
21 1829 1
21 1862 4
21 1870 7
21 1908 4
21 1914 6
21 2109 3
21 2190 4
22 6 5
22 19 6
22 63 4
22 97 8
22 98 2
22 144 2
22 155 6
22 206 3
22 223 7
22 235 3
22 237 5
22 257 8
22 262 7
22 291 5
22 294 5
22 317 5
22 318 7
22 319 5
22 322 7
22 365 4
22 382 8
22 434 9
22 441 4
22 454 4
22 482 1
22 514 5
22 516 3
22 582 9
22 625 6
22 628 3
22 653 5
22 676 5
22 699 1
22 723 5
22 734 2
22 806 0
22 817 3
22 821 7
22 895 7
22 911 3
22 921 2
22 997 3
22 1014 4
22 1094 4
22 1098 2
22 1168 9
22 1189 5
22 1230 8
22 1236 9
22 1259 6
22 1265 6
22 1269 7
22 1297 6
22 1301 6
22 1356 5
22 1370 6
22 1385 4
22 1393 4
22 1400 3
22 1427 5
22 1458 6
22 1471 4
22 1503 3
22 1515 7
22 1525 7
22 1527 5
22 1626 4
22 1632 8
22 1676 8
22 1691 3
22 1743 4
22 1791 4
22 1799 3
22 1814 3
22 1819 7
22 1864 6
22 1949 3
22 1990 2
22 1999 2
22 2010 5
22 2053 7
22 2061 2
22 2068 3
22 2123 5
22 2148 2
22 2165 3
22 2183 2
22 2199 0
23 0 4
23 22 4
23 23 1
23 39 3
23 98 2
23 131 8
23 211 5
23 289 3
23 351 6
23 437 2
23 538 6
23 561 6
23 585 5
23 620 6
23 662 3
23 733 7
23 739 7
23 749 5
23 824 6
23 1005 6
23 1010 5
23 1014 6
23 1111 3
23 1160 3
23 1179 5
23 1313 3
23 1371 4
23 1398 7
23 1461 5
23 1469 4
23 1525 7
23 1630 4
23 1661 5
23 1711 5
23 1755 8
23 1758 5
23 1792 4
23 1795 4
23 1833 5
23 1849 9
23 1879 2
23 1934 5
23 1966 6
23 1992 8
23 2048 5
23 2051 3
23 2176 6
24 2 2
24 91 7
24 146 8
24 268 5
24 379 4
24 434 7
24 605 6
24 709 5
24 712 7
24 799 0
24 997 4
24 1080 3
24 1254 6
24 1351 7
24 1531 0
24 1572 2
24 1612 2
24 1651 4
24 1869 5
24 1968 4
24 1996 4
24 2117 1
24 2130 7
24 2137 4
24 2173 6
25 264 3
25 552 3
25 563 4
25 588 8
25 592 4
25 1360 3
25 1415 6
25 1467 4
25 2170 5
26 38 6
26 100 3
26 123 8
26 154 2
26 158 9
26 176 4
26 216 3
26 239 6
26 261 6
26 334 7
26 378 6
26 385 4
26 511 10
26 590 3
26 596 7
26 664 7
26 747 4
26 804 1
26 845 4
26 946 6
26 999 3
26 1105 8
26 1121 6
26 1210 5
26 1412 5
26 1555 7
26 1585 4
26 1613 6
26 1671 7
26 1737 5
26 1772 1
26 1818 5
26 1866 4
26 1910 5
26 1921 6
26 1934 7
26 1961 2
26 1992 6
26 2043 3
26 2071 9
26 2102 4
26 2132 5
26 2179 4
26 2194 9
27 144 2
27 174 5
27 197 7
27 203 3
27 307 10
27 326 3
27 335 6
27 356 7
27 381 4
27 439 9
27 455 3
27 500 3
27 513 6
27 562 4
27 575 4
27 644 9
27 656 2
27 670 6
27 689 6
27 721 7
27 783 5
27 790 7
27 807 5
27 830 5
27 847 6
27 850 3
27 950 5
27 995 7
27 1003 5
27 1033 10
27 1087 3
27 1195 7
27 1350 3
27 1404 3
27 1435 7
27 1590 6
27 1613 6
27 1615 6
27 1699 4
27 1702 7
27 1728 4
27 1745 5
27 1822 5
27 1833 7
27 1891 7
27 1918 3
27 1946 4
27 2025 4
27 2037 6
27 2097 7
27 2115 9
27 2196 2
28 7 10
28 15 9
28 35 4
28 42 7
28 95 7
28 146 9
28 159 5
28 175 5
28 286 6
28 306 1
28 320 5
28 329 4
28 333 7
28 345 6
28 389 7
28 442 1
28 460 8
28 471 2
28 494 7
28 514 3
28 520 6
28 528 6
28 547 5
28 548 7
28 597 5
28 650 6
28 671 7
28 677 5
28 697 3
28 711 5
28 733 5
28 753 8
28 764 7
28 771 5
28 775 2
28 842 3
28 852 6
28 856 5
28 881 6
28 887 8
28 891 8
28 896 1
28 916 6
28 935 7
28 947 5
28 954 6
28 956 4
28 970 3
28 1018 7
28 1032 4
28 1049 4
28 1052 5
28 1054 5
28 1064 5
28 1070 3
28 1091 2
28 1117 8
28 1150 7
28 1171 8
28 1190 2
28 1195 7
28 1198 3
28 1245 7
28 1247 4
28 1276 8
28 1335 2
28 1338 5
28 1340 7
28 1358 10
28 1369 7
28 1386 7
28 1409 6
28 1410 4
28 1429 8
28 1439 3
28 1457 4
28 1487 5
28 1510 9
28 1536 7
28 1538 3
28 1555 7
28 1559 7
28 1589 8
28 1591 5
28 1658 4
28 1666 3
28 1744 3
28 1745 5
28 1754 3
28 1771 4
28 1773 4
28 1785 1
28 1812 5
28 1839 8
28 1853 6
28 1868 4
28 1892 4
28 1893 6
28 1931 6
28 1939 4
28 1958 6
28 1975 8
28 2016 4
28 2019 6
28 2032 4
28 2094 8
28 2132 4
29 11 4
29 19 5
29 32 1
29 61 6
29 77 4
29 97 8
29 117 7
29 125 2
29 166 7
29 179 8
29 213 4
29 244 7
29 260 8
29 263 5
29 271 5
29 272 5
29 285 3
29 333 7
29 411 4
29 427 4
29 455 4
29 492 4
29 512 7
29 532 7
29 544 8
29 549 2
29 568 6
29 589 6
29 604 4
29 622 3
29 640 3
29 655 8
29 697 3
29 747 4
29 772 4
29 789 5
29 815 5
29 824 5
29 825 6
29 868 5
29 898 5
29 919 2
29 920 9
29 961 5
29 972 5
29 1004 0
29 1042 4
29 1046 5
29 1067 5
29 1073 4
29 1153 2
29 1223 4
29 1231 4
29 1235 5
29 1296 7
29 1308 5
29 1333 8
29 1357 7
29 1361 4
29 1386 7
29 1554 5
29 1599 6
29 1671 6
29 1673 2
29 1688 5
29 1696 8
29 1747 4
29 1758 3
29 1759 2
29 1775 4
29 1781 6
29 1804 1
29 1838 7
29 1850 5
29 1853 6
29 1872 8
29 1876 3
29 1904 6
29 1921 5
29 1971 3
29 1994 4
29 2002 6
29 2011 1
29 2077 6
29 2103 7
29 2136 7
29 2152 6
29 2199 0
30 9 5
30 13 3
30 24 4
30 43 3
30 69 4
30 75 6
30 79 4
30 81 5
30 115 9
30 130 8
30 135 1
30 140 6
30 180 3
30 192 5
30 218 4
30 222 6
30 265 2
30 276 6
30 283 4
30 299 3
30 301 5
30 356 6
30 412 3
30 422 4
30 468 7
30 489 8
30 495 6
30 497 1
30 502 7
30 511 10
30 525 5
30 530 7
30 560 5
30 598 5
30 601 8
30 607 8
30 614 2
30 640 3
30 667 1
30 700 6
30 704 4
30 739 8
30 740 6
30 763 3
30 781 4
30 838 6
30 861 10
30 869 6
30 875 7
30 921 4
30 957 4
30 983 6
30 1014 4
30 1033 10
30 1063 5
30 1065 5
30 1117 6
30 1121 4
30 1129 8
30 1132 2
30 1153 3
30 1157 3
30 1166 8
30 1222 3
30 1245 7
30 1247 4
30 1281 8
30 1336 6
30 1348 9
30 1360 4
30 1365 7
30 1421 2
30 1450 6
30 1457 4
30 1539 1
30 1540 6
30 1567 4
30 1586 10
30 1653 4
30 1659 3
30 1689 6
30 1700 3
30 1705 4
30 1734 2
30 1740 7
30 1748 2
30 1766 5
30 1789 5
30 1792 4
30 1802 9
30 1828 5
30 1831 4
30 1834 3
30 1837 6
30 1877 5
30 1878 6
30 1897 5
30 1943 7
30 1952 4
30 1973 2
30 1999 2
30 2031 4
30 2055 7
30 2068 3
30 2089 4
30 2100 1
30 2131 3
30 2150 7
30 2162 10
31 10 5
31 45 5
31 55 3
31 153 8
31 380 3
31 398 4
31 522 1
31 813 3
31 1063 5
31 1085 5
31 1197 3
31 1289 6
31 1312 4
31 1321 1
31 1517 7
31 1656 9
31 1698 5
31 1807 5
31 1898 5
31 2008 8
31 2015 1
32 58 1
32 71 3
32 150 3
32 151 5
32 156 3
32 175 3
32 197 8
32 233 5
32 243 0
32 278 6
32 279 2
32 290 5
32 312 4
32 328 5
32 341 5
32 390 6
32 392 4
32 414 1
32 436 3
32 450 6
32 473 2
32 489 7
32 499 4
32 502 6
32 528 7
32 539 0
32 548 8
32 552 4
32 563 4
32 569 4
32 598 4
32 602 8
32 635 3
32 643 5
32 690 8
32 699 3
32 707 7
32 775 2
32 814 7
32 846 5
32 866 6
32 875 6
32 903 7
32 925 5
32 935 7
32 952 7
32 969 3
32 1011 2
32 1037 8
32 1044 5
32 1053 3
32 1116 3
32 1143 8
32 1165 6
32 1181 6
32 1213 4
32 1240 3
32 1255 4
32 1290 3
32 1300 6
32 1301 5
32 1323 4
32 1326 6
32 1362 9
32 1365 7
32 1378 10
32 1385 2
32 1392 9
32 1430 2
32 1459 5
32 1467 5
32 1496 8
32 1503 4
32 1522 4
32 1577 2
32 1601 5
32 1613 7
32 1634 3
32 1675 5
32 1692 4
32 1734 1
32 1776 4
32 1778 5
32 1827 4
32 1832 3
32 1836 4
32 1881 0
32 1895 2
32 1936 6
32 1973 2
32 1978 6
32 1982 7
32 2001 5
32 2003 4
32 2051 2
32 2059 10
32 2071 9
32 2075 5
32 2078 6
32 2095 5
32 2176 6
32 2177 3
32 2181 4
32 2193 3
33 26 9
33 41 6
33 59 4
33 89 6
33 115 9
33 322 6
33 435 4
33 519 6
33 563 5
33 595 3
33 630 5
33 646 4
33 758 3
33 776 2
33 790 7
33 877 6
33 882 3
33 886 5
33 895 7
33 908 2
33 911 2
33 917 7
33 923 4
33 924 7
33 932 3
33 962 4
33 982 9
33 1005 6
33 1073 3
33 1151 7
33 1152 7
33 1170 4
33 1182 9
33 1187 5
33 1350 2
33 1394 8
33 1470 3
33 1551 1
33 1653 5
33 1775 4
33 1777 2
33 1856 4
33 1880 7
33 1956 5
33 1988 8
33 1989 5
33 2089 2
33 2096 5
33 2097 8
33 2116 5
33 2161 5
33 2167 4
34 38 8
34 49 3
34 87 6
34 90 2
34 92 6
34 160 5
34 170 6
34 197 8
34 199 1
34 209 3
34 215 6
34 218 3
34 248 3
34 269 4
34 288 4
34 304 3
34 321 5
34 326 3
34 332 4
34 341 5
34 351 5
34 406 3
34 410 5
34 472 5
34 494 8
34 531 5
34 567 3
34 577 5
34 666 1
34 686 6
34 754 5
34 786 9
34 794 5
34 880 4
34 894 6
34 920 10
34 955 6
34 956 3
34 975 8
34 1048 6
34 1069 6
34 1077 8
34 1122 5
34 1127 6
34 1141 6
34 1144 4
34 1213 5
34 1219 4
34 1241 4
34 1263 3
34 1270 6
34 1294 4
34 1295 4
34 1345 5
34 1386 5
34 1500 3
34 1575 6
34 1582 5
34 1583 6
34 1606 7
34 1608 6
34 1621 4
34 1632 8
34 1675 6
34 1678 6
34 1697 2
34 1702 7
34 1706 9
34 1776 6
34 1777 4
34 1780 2
34 1786 5
34 1797 5
34 1882 5
34 1893 5
34 1940 6
34 2029 6
34 2035 2
34 2039 7
34 2043 5
34 2081 3
34 2118 5
34 2124 7
34 2134 7
34 2160 6
34 2186 6
35 97 7
35 144 3
35 153 8
35 207 5
35 208 8
35 230 0
35 249 4
35 293 3
35 323 3
35 325 5
35 359 5
35 402 8
35 449 5
35 450 8
35 454 4
35 460 8
35 490 7
35 503 0
35 518 6
35 524 6
35 541 3
35 553 3
35 564 7
35 569 6
35 600 3
35 601 9
35 635 4
35 654 6
35 682 3
35 714 0
35 750 4
35 760 1
35 764 9
35 794 6
35 802 3
35 813 3
35 823 6
35 850 2
35 920 10
35 945 6
35 971 3
35 1013 5
35 1021 8
35 1029 3
35 1030 4
35 1032 4
35 1041 5
35 1049 6
35 1123 2
35 1124 6
35 1149 3
35 1186 7
35 1208 6
35 1217 10
35 1302 4
35 1314 6
35 1316 6
35 1325 7
35 1335 2
35 1364 4
35 1393 4
35 1471 4
35 1525 7
35 1686 5
35 1768 5
35 1769 6
35 1776 5
35 1778 5
35 1796 4
35 1806 5
35 1829 3
35 1842 4
35 1857 6
35 1897 6
35 1901 4
35 1914 7
35 1916 9
35 1952 4
35 1981 3
35 2019 6
35 2027 7
35 2040 4
35 2084 5
35 2094 10
35 2117 2
35 2119 1
36 5 7
36 15 9
36 16 6
36 18 2
36 19 5
36 30 4
36 33 7
36 47 5
36 52 4
36 72 7
36 90 2
36 99 1
36 102 7
36 103 3
36 105 4
36 132 4
36 134 8
36 146 8
36 198 4
36 205 2
36 213 4
36 235 3
36 319 5
36 372 4
36 425 2
36 436 4
36 469 8
36 483 3
36 486 2
36 487 3
36 500 3
36 503 0
36 546 9
36 604 5
36 663 7
36 668 7
36 687 5
36 695 4
36 707 8
36 725 2
36 742 6
36 760 3
36 804 0
36 811 4
36 824 7
36 834 4
36 852 4
36 873 4
36 941 4
36 946 5
36 960 8
36 969 4
36 983 5
36 989 2
36 1012 4
36 1032 3
36 1049 5
36 1055 2
36 1100 5
36 1159 3
36 1181 6
36 1218 1
36 1219 6
36 1253 2
36 1281 8
36 1294 3
36 1311 3
36 1345 5
36 1350 2
36 1359 2
36 1439 5
36 1513 8
36 1524 7
36 1537 6
36 1587 3
36 1594 4
36 1614 4
36 1627 4
36 1648 5
36 1662 4
36 1663 1
36 1666 4
36 1670 1
36 1678 6
36 1701 1
36 1724 2
36 1731 5
36 1764 4
36 1779 9
36 1801 5
36 1835 3
36 1837 6
36 1866 4
36 1899 4
36 1924 1
36 1926 6
36 1932 1
36 2033 1
36 2049 4
36 2106 7
36 2116 6
36 2138 3
36 2150 8
36 2178 4
36 2179 4
36 2183 2
36 2196 0
37 63 2
37 91 8
37 175 5
37 402 8
37 449 3
37 531 4
37 611 8
37 811 5
37 872 4
37 959 2
37 976 8
37 1036 3
37 1135 7
37 1317 6
37 1459 4
37 1473 5
37 1529 3
37 1742 7
37 1860 3
37 1995 4
37 2058 4
38 23 2
38 99 3
38 156 5
38 294 3
38 478 6
38 535 3
38 583 5
38 756 7
38 781 3
38 817 5
38 959 2
38 1089 5
38 1283 6
38 1299 6
38 1342 3
38 1408 1
38 1415 6
38 1420 7
38 1481 2
38 1577 2
38 2026 3
38 2028 3
38 2089 2
39 754 4
39 769 4
39 867 8
39 1853 5
39 2158 6
40 22 5
40 41 5
40 49 1
40 122 7
40 139 5
40 143 7
40 194 9
40 256 8
40 257 8
40 295 3
40 307 8
40 397 4
40 442 2
40 487 3
40 491 7
40 507 4
40 578 6
40 590 2
40 594 5
40 623 4
40 653 4
40 737 5
40 756 7
40 795 5
40 818 5
40 860 4
40 876 5
40 908 2
40 1078 1
40 1101 1
40 1126 6
40 1132 1
40 1198 2
40 1218 2
40 1240 3
40 1246 3
40 1257 4
40 1312 4
40 1317 8
40 1326 6
40 1337 5
40 1342 3
40 1369 7
40 1388 6
40 1456 4
40 1458 4
40 1511 0
40 1534 0
40 1543 3
40 1573 5
40 1585 4
40 1616 9
40 1643 6
40 1653 5
40 1660 6
40 1667 5
40 1695 4
40 1703 2
40 1710 3
40 1809 6
40 1851 7
40 1856 5
40 1857 6
40 1881 1
40 1982 6
40 1994 2
40 2030 8
40 2126 4
40 2147 6
40 2157 5
41 48 1
41 193 8
41 268 4
41 481 6
41 521 3
41 537 6
41 551 8
41 617 2
41 636 7
41 652 7
41 731 8
41 859 7
41 1367 6
41 1377 8
41 1650 3
41 1723 6
41 1767 7
41 1964 4
41 2076 3
41 2189 2
42 18 4
42 50 5
42 137 5
42 169 5
42 211 7
42 229 7
42 272 6
42 281 10
42 286 6
42 299 3
42 358 6
42 495 7
42 546 7
42 555 8
42 660 6
42 730 3
42 768 3
42 819 9
42 837 7
42 899 8
42 913 9
42 1088 1
42 1102 5
42 1109 3
42 1111 3
42 1124 7
42 1126 4
42 1180 9
42 1224 2
42 1254 7
42 1307 5
42 1383 4
42 1400 3
42 1443 3
42 1451 3
42 1456 4
42 1543 3
42 1550 5
42 1576 4
42 1685 8
42 1717 8
42 1723 5
42 1745 6
42 1747 4
42 1749 5
42 1772 3
42 1787 7
42 1825 8
42 1829 1
42 1838 8
42 1859 7
42 1865 4
42 1913 6
42 1992 8
42 2004 8
42 2050 6
42 2052 7
42 2089 3
42 2112 6
42 2132 3
42 2157 4
42 2198 3
43 127 3
43 149 7
43 1945 7
43 2072 4
43 2088 3
44 92 7
44 220 5
44 394 7
44 442 2
44 468 6
44 484 4
44 613 7
44 694 2
44 958 5
44 1093 4
44 1127 4
44 1245 8
44 1246 5
44 1491 6
44 1694 2
44 1709 9
44 1742 8
44 1807 7
44 2070 4
44 2193 4
45 11 5
45 15 10
45 16 5
45 35 3
45 57 5
45 99 1
45 121 4
45 131 7
45 145 5
45 151 6
45 153 9
45 162 7
45 208 10
45 235 1
45 279 3
45 296 5
45 299 3
45 331 8
45 367 5
45 411 4
45 440 5
45 456 4
45 458 5
45 498 5
45 504 7
45 506 5
45 508 8
45 512 7
45 543 3
45 554 4
45 557 6
45 577 4
45 691 4
45 725 3
45 737 4
45 807 5
45 864 0
45 878 6
45 885 7
45 887 7
45 906 9
45 927 3
45 934 5
45 954 7
45 974 4
45 1081 8
45 1112 3
45 1120 4
45 1142 4
45 1161 6
45 1166 8
45 1171 8
45 1214 1
45 1225 4
45 1235 6
45 1244 5
45 1246 3
45 1268 7
45 1302 4
45 1310 4
45 1313 1
45 1331 7
45 1346 7
45 1392 9
45 1411 9
45 1414 7
45 1433 5
45 1440 7
45 1452 6
45 1458 4
45 1487 4
45 1528 0
45 1535 4
45 1539 2
45 1542 4
45 1554 5
45 1558 2
45 1565 1
45 1576 6
45 1596 4
45 1690 9
45 1693 7
45 1709 10
45 1710 4
45 1720 6
45 1748 3
45 1750 5
45 1754 4
45 1789 5
45 1808 5
45 1823 5
45 1852 6
45 1974 8
45 2011 2
45 2071 9
45 2075 6
45 2087 4
45 2106 7
45 2159 2
45 2163 2
45 2185 2
46 34 3
46 57 5
46 105 2
46 129 7
46 132 5
46 302 3
46 481 4
46 524 5
46 555 6
46 563 5
46 590 2
46 621 4
46 653 5
46 655 7
46 703 5
46 785 5
46 893 5
46 910 8
46 1011 2
46 1144 4
46 1171 7
46 1276 6
46 1327 6
46 1332 5
46 1417 3
46 1433 4
46 1508 7
46 1675 7
46 1783 6
46 1799 2
46 1847 3
46 1925 3
46 1957 4
46 2027 9
46 2042 4
46 2054 9
46 2069 2
46 2104 3
46 2128 6
46 2152 5
47 65 6
47 78 6
47 130 8
47 133 6
47 151 7
47 187 7
47 200 6
47 203 3
47 243 1
47 251 8
47 255 7
47 261 5
47 280 5
47 309 3
47 318 7
47 326 5
47 327 5
47 364 2
47 376 6
47 384 7
47 401 3
47 408 8
47 423 5
47 433 4
47 444 8
47 445 2
47 461 6
47 468 7
47 512 7
47 538 7
47 560 5
47 565 2
47 576 2
47 595 2
47 606 9
47 641 4
47 656 2
47 671 5
47 710 5
47 713 6
47 722 8
47 736 6
47 740 5
47 758 5
47 792 8
47 804 1
47 810 3
47 825 6
47 892 4
47 917 6
47 949 6
47 996 2
47 1046 5
47 1048 6
47 1145 2
47 1181 4
47 1199 3
47 1240 2
47 1293 6
47 1308 3
47 1312 3
47 1349 6
47 1354 3
47 1454 5
47 1458 5
47 1482 6
47 1516 1
47 1635 4
47 1659 4
47 1670 3
47 1709 10
47 1752 4
47 1769 5
47 1787 6
47 1820 6
47 1835 1
47 1845 2
47 1852 5
47 1878 5
47 1940 7
47 1945 7
47 1967 5
47 1977 8
47 1987 7
47 1998 5
47 2028 4
47 2040 4
47 2041 3
47 2098 6
47 2110 0
47 2112 6
47 2120 4
47 2141 5
47 2167 5
47 2188 8
47 2192 1
48 91 7
48 108 4
48 188 7
48 195 7
48 259 4
48 281 10
48 372 4
48 570 6
48 586 6
48 675 8
48 707 7
48 768 2
48 808 2
48 843 8
48 874 6
48 886 6
48 950 4
48 1136 2
48 1175 2
48 1207 2
48 1243 8
48 1304 4
48 1510 10
48 1604 1
48 1636 8
48 1672 5
48 1674 4
48 1736 5
48 1741 2
48 1769 5
48 1784 6
48 1788 6
48 1838 6
48 2011 0
48 2050 4
48 2067 5
48 2094 10
48 2099 7
48 2155 5
48 2175 6
48 2177 3
49 67 7
49 377 9
49 403 5
49 409 2
49 519 6
49 677 5
49 777 10
49 784 4
49 818 3
49 1010 6
49 1080 3
49 1088 2
49 1258 3
49 1342 3
49 1409 5
49 1539 2
49 1774 4
50 0 6
50 17 5
50 52 4
50 56 5
50 123 6
50 141 0
50 207 6
50 220 4
50 236 4
50 244 8
50 262 6
50 277 4
50 300 3
50 377 9
50 423 5
50 455 3
50 465 5
50 477 5
50 501 5
50 541 2
50 612 5
50 624 3
50 625 7
50 627 9
50 646 6
50 683 2
50 773 4
50 775 4
50 799 1
50 926 4
50 953 3
50 981 4
50 994 3
50 1013 7
50 1027 3
50 1044 4
50 1067 5
50 1138 2
50 1145 2
50 1180 9
50 1213 3
50 1286 3
50 1325 7
50 1357 6
50 1382 2
50 1435 6
50 1481 3
50 1549 6
50 1556 6
50 1623 6
50 1635 4
50 1636 7
50 1641 3
50 1677 7
50 1696 7
50 1732 8
50 1794 7
50 1830 4
50 1914 6
50 2030 7
50 2049 6
50 2067 4
50 2070 6
50 2086 2
50 2124 8
50 2153 5
50 2190 3
50 2193 3
51 8 5
51 70 4
51 128 3
51 395 7
51 402 8
51 410 5
51 600 4
51 621 3
51 640 3
51 715 5
51 797 8
51 819 9
51 822 8
51 837 8
51 858 3
51 951 5
51 1181 6
51 1185 6
51 1238 4
51 1366 8
51 1646 7
51 1647 4
51 1660 5
51 1668 7
51 1675 7
51 1777 4
51 1825 7
51 1830 4
51 1863 5
51 1936 8
51 2009 6
51 2016 2
52 83 8
52 103 1
52 154 3
52 177 2
52 180 4
52 240 1
52 262 5
52 283 3
52 307 10
52 418 2
52 427 4
52 435 4
52 565 3
52 630 3
52 645 5
52 651 3
52 673 4
52 754 3
52 776 3
52 780 4
52 844 3
52 915 4
52 920 10
52 1028 5
52 1033 9
52 1096 6
52 1107 5
52 1110 5
52 1131 6
52 1166 8
52 1168 8
52 1184 3
52 1259 5
52 1285 6
52 1298 4
52 1314 8
52 1319 5
52 1363 4
52 1375 7
52 1467 4
52 1542 5
52 1621 3
52 1653 4
52 1666 3
52 1672 5
52 1691 3
52 1720 5
52 1759 3
52 1787 5
52 1845 4
52 1919 4
52 2016 4
52 2042 4
52 2087 4
52 2138 3
52 2157 6
53 157 5
53 192 4
53 196 6
53 209 1
53 245 4
53 295 3
53 354 4
53 355 4
53 364 2
53 390 6
53 432 3
53 443 2
53 497 0
53 505 5
53 519 6
53 685 4
53 724 7
53 742 6
53 749 4
53 769 4
53 776 3
53 856 5
53 861 8
53 890 5
53 947 6
53 971 5
53 995 7
53 1036 3
53 1049 6
53 1065 5
53 1101 0
53 1104 6
53 1105 10
53 1176 1
53 1178 2
53 1199 4
53 1221 3
53 1388 6
53 1398 5
53 1403 6
53 1429 8
53 1531 0
53 1543 4
53 1565 2
53 1580 4
53 1595 5
53 1611 0
53 1620 7
53 1621 3
53 1641 2
53 1707 5
53 1722 5
53 1748 4
53 1770 4
53 1889 9
53 1986 2
53 2013 2
53 2035 3
53 2139 4
53 2140 5
53 2150 8
53 2163 3
54 4 5
54 50 5
54 51 9
54 113 3
54 130 9
54 145 6
54 219 7
54 252 5
54 267 3
54 280 6
54 333 7
54 366 8
54 402 7
54 429 5
54 433 4
54 438 1
54 441 5
54 465 5
54 474 9
54 501 4
54 506 4
54 509 8
54 536 5
54 593 7
54 625 5
54 638 4
54 670 6
54 688 4
54 706 5
54 742 5
54 750 3
54 796 1
54 804 1
54 886 6
54 887 8
54 920 10
54 930 4
54 1039 4
54 1086 5
54 1185 6
54 1205 6
54 1233 4
54 1252 5
54 1260 0
54 1261 5
54 1278 4
54 1458 4
54 1519 7
54 1531 1
54 1557 8
54 1564 7
54 1580 5
54 1596 3
54 1598 8
54 1627 2
54 1680 7
54 1685 6
54 1716 7
54 1796 4
54 1798 3
54 1817 3
54 1822 4
54 1830 5
54 1836 5
54 1864 4
54 1871 7
54 1892 4
54 1900 7
54 1909 6
54 1913 4
54 1942 3
54 1990 2
54 2052 6
54 2059 9
54 2132 3
54 2137 4
54 2178 5
54 2180 3
54 2193 3
55 21 2
55 28 5
55 32 1
55 37 3
55 70 5
55 108 6
55 125 4
55 133 8
55 144 3
55 183 8
55 280 6
55 284 5
55 288 5
55 290 4
55 315 3
55 335 7
55 346 6
55 349 5
55 353 8
55 359 4
55 404 6
55 445 0
55 458 6
55 466 3
55 472 6
55 475 5
55 483 1
55 486 2
55 496 6
55 522 1
55 571 0
55 572 9
55 580 7
55 610 6
55 612 6
55 622 3
55 628 4
55 705 2
55 733 6
55 754 3
55 786 7
55 862 3
55 882 4
55 899 6
55 923 3
55 924 5
55 937 6
55 948 7
55 950 4
55 968 7
55 990 4
55 991 3
55 1035 6
55 1086 5
55 1126 6
55 1141 6
55 1173 5
55 1189 6
55 1198 4
55 1234 4
55 1248 0
55 1289 7
55 1323 4
55 1339 5
55 1341 5
55 1388 5
55 1418 9
55 1421 3
55 1431 5
55 1436 6
55 1438 6
55 1447 2
55 1469 6
55 1477 1
55 1484 2
55 1536 9
55 1549 7
55 1594 5
55 1600 5
55 1666 4
55 1685 7
55 1698 7
55 1714 3
55 1725 2
55 1726 2
55 1742 9
55 1764 3
55 1784 6
55 1787 6
55 1810 6
55 1907 6
55 1909 6
55 1911 6
55 1923 8
55 2006 8
55 2032 3
55 2052 5
55 2071 8
55 2078 5
55 2086 4
55 2095 6
55 2121 1
55 2129 6
55 2146 9
55 2171 7
55 2190 3
56 82 2
56 119 4
56 133 6
56 186 5
56 189 3
56 249 6
56 282 7
56 414 3
56 423 3
56 499 5
56 523 7
56 672 2
56 677 4
56 679 6
56 716 7
56 721 7
56 754 4
56 809 0
56 815 5
56 852 5
56 864 1
56 927 4
56 930 3
56 937 8
56 954 8
56 1182 7
56 1205 7
56 1206 6
56 1253 4
56 1315 3
56 1318 3
56 1323 6
56 1352 3
56 1369 6
56 1371 6
56 1409 4
56 1481 1
56 1543 3
56 1547 1
56 1655 8
56 1712 4
56 1761 4
56 1903 3
56 2043 3
56 2063 5
56 2077 6
56 2129 4
56 2141 4
56 2153 5
56 2198 1
57 345 7
57 360 7
57 534 8
57 1610 5
57 2005 3
57 2092 5
57 2144 3
58 110 6
58 180 3
58 248 3
58 383 5
58 485 3
58 518 5
58 570 5
58 690 9
58 712 9
58 769 5
58 804 2
58 839 7
58 910 6
58 983 4
58 1023 3
58 1074 6
58 1118 5
58 1229 10
58 1240 3
58 1266 3
58 1332 4
58 1357 6
58 1400 3
58 1410 6
58 1418 10
58 1444 8
58 1497 8
58 1565 2
58 1644 4
58 1731 3
58 1845 2
58 1855 3
58 1906 6
58 1955 4
58 1995 4
58 2033 2
59 24 6
59 59 5
59 78 6
59 132 6
59 144 2
59 212 5
59 351 6
59 362 4
59 475 5
59 493 8
59 542 5
59 567 5
59 600 2
59 620 7
59 681 4
59 695 5
59 711 5
59 733 6
59 830 5
59 841 4
59 853 5
59 854 4
59 861 8
59 958 6
59 1006 4
59 1011 4
59 1066 6
59 1109 1
59 1113 3
59 1122 5
59 1123 3
59 1167 5
59 1282 2
59 1284 8
59 1285 7
59 1300 7
59 1375 6
59 1382 3
59 1390 5
59 1395 6
59 1398 6
59 1448 4
59 1470 3
59 1573 7
59 1601 3
59 1671 7
59 1691 4
59 1698 7
59 1704 5
59 1727 4
59 1766 7
59 1848 4
59 1849 9
59 1898 5
59 1957 5
59 2011 2
59 2082 3
59 2084 6
59 2186 6
60 7 10
60 34 5
60 48 1
60 110 7
60 128 5
60 131 7
60 144 3
60 186 5
60 204 2
60 212 4
60 228 8
60 298 2
60 320 6
60 327 7
60 334 6
60 391 7
60 395 5
60 481 5
60 489 7
60 545 2
60 602 7
60 657 2
60 680 4
60 706 6
60 771 5
60 805 5
60 819 9
60 822 9
60 845 2
60 847 6
60 859 6
60 906 8
60 920 10
60 967 7
60 981 4
60 1014 5
60 1042 2
60 1048 6
60 1083 4
60 1177 5
60 1220 7
60 1248 2
60 1263 3
60 1289 5
60 1329 5
60 1334 4
60 1387 7
60 1410 4
60 1434 3
60 1465 5
60 1489 9
60 1539 2
60 1555 8
60 1561 8
60 1579 5
60 1605 7
60 1645 4
60 1661 4
60 1666 4
60 1682 6
60 1723 6
60 1734 3
60 1767 7
60 1789 6
60 1797 5
60 1798 5
60 1808 4
60 1838 6
60 1868 5
60 1906 7
60 1927 3
60 1975 8
60 2000 4
60 2111 7
60 2172 4
61 20 5
61 29 6
61 36 2
61 41 7
61 81 3
61 84 4
61 94 5
61 127 2
61 174 4
61 207 6
61 214 6
61 231 9
61 250 5
61 287 4
61 292 4
61 320 7
61 353 8
61 375 6
61 383 3
61 388 6
61 423 5
61 447 4
61 470 6
61 480 6
61 490 5
61 495 8
61 521 4
61 578 6
61 579 6
61 581 5
61 590 2
61 597 5
61 599 7
61 620 6
61 642 3
61 669 6
61 672 1
61 705 3
61 717 7
61 733 6
61 747 4
61 781 2
61 805 7
61 811 5
61 813 4
61 814 9
61 841 4
61 846 5
61 860 5
61 867 6
61 899 8
61 916 5
61 921 2
61 932 4
61 935 7
61 945 6
61 950 6
61 963 7
61 987 6
61 992 4
61 1013 6
61 1034 7
61 1038 5
61 1053 5
61 1093 3
61 1114 5
61 1151 7
61 1177 4
61 1203 6
61 1309 6
61 1314 6
61 1316 7
61 1351 7
61 1359 2
61 1382 2
61 1387 6
61 1399 7
61 1414 5
61 1425 1
61 1445 6
61 1453 5
61 1483 6
61 1487 5
61 1521 6
61 1560 0
61 1565 2
61 1576 5
61 1625 8
61 1633 8
61 1643 6
61 1705 3
61 1740 7
61 1751 0
61 1807 7
61 1826 6
61 1869 7
61 1881 0
61 1900 5
61 1920 5
61 1930 7
61 1938 4
61 1963 5
61 2051 4
61 2106 8
61 2107 7
61 2116 7
61 2123 5
61 2140 4
61 2166 3
61 2188 8
62 1 4
62 66 5
62 69 3
62 77 5
62 91 6
62 121 5
62 127 3
62 172 3
62 175 5
62 179 8
62 210 7
62 214 4
62 223 5
62 233 5
62 292 6
62 331 6
62 347 4
62 351 5
62 363 6
62 364 4
62 367 3
62 375 6
62 445 0
62 447 4
62 497 1
62 499 4
62 503 2
62 508 7
62 511 10
62 524 6
62 541 3
62 576 2
62 593 6
62 610 8
62 613 5
62 644 7
62 655 7
62 685 4
62 712 9
62 751 6
62 773 3
62 816 6
62 871 3
62 875 8
62 881 7
62 884 5
62 919 2
62 928 3
62 931 8
62 1002 5
62 1009 6
62 1016 7
62 1018 5
62 1084 3
62 1119 10
62 1167 4
62 1188 6
62 1205 5
62 1209 4
62 1229 9
62 1234 3
62 1237 8
62 1254 8
62 1267 7
62 1340 7
62 1375 7
62 1386 5
62 1392 7
62 1413 6
62 1422 4
62 1424 9
62 1445 5
62 1489 9
62 1522 4
62 1526 4
62 1552 6
62 1578 6
62 1591 6
62 1596 4
62 1601 4
62 1604 2
62 1633 6
62 1696 8
62 1715 6
62 1723 4
62 1728 6
62 1819 7
62 1902 7
62 1970 5
62 1990 3
62 1994 4
62 2032 4
62 2063 5
62 2066 7
62 2080 6
62 2128 5
62 2154 5
62 2160 5
62 2197 6
63 25 6
63 39 1
63 165 1
63 167 7
63 186 4
63 232 5
63 238 7
63 296 5
63 326 3
63 394 7
63 402 6
63 426 9
63 463 5
63 524 5
63 541 3
63 544 6
63 634 5
63 681 3
63 772 4
63 785 5
63 790 7
63 810 3
63 824 6
63 832 5
63 890 4
63 1003 4
63 1116 3
63 1214 0
63 1244 3
63 1268 8
63 1287 4
63 1347 4
63 1385 3
63 1408 0
63 1480 2
63 1498 4
63 1512 5
63 1585 3
63 1622 5
63 1624 5
63 1653 4
63 1723 6
63 1736 4
63 1756 5
63 1789 5
63 1846 5
63 1858 6
63 1899 2
63 1915 9
63 1927 2
63 1954 4
63 1991 5
63 2000 6
63 2061 4
63 2128 6
63 2174 4
63 2180 3
64 1 3
64 31 4
64 41 5
64 84 5
64 88 10
64 186 3
64 217 4
64 235 2
64 265 3
64 269 3
64 270 5
64 289 3
64 357 6
64 387 10
64 394 7
64 435 4
64 440 7
64 487 3
64 516 3
64 517 5
64 520 7
64 530 9
64 560 5
64 563 6
64 572 7
64 587 5
64 609 4
64 646 4
64 651 1
64 664 7
64 685 3
64 687 5
64 696 8
64 703 5
64 711 6
64 761 6
64 840 4
64 894 8
64 927 4
64 930 4
64 939 7
64 946 6
64 948 6
64 966 6
64 971 4
64 1004 2
64 1005 6
64 1031 7
64 1032 5
64 1043 5
64 1073 4
64 1075 5
64 1081 8
64 1093 3
64 1114 7
64 1133 3
64 1147 7
64 1159 2
64 1227 4
64 1259 4
64 1321 1
64 1326 5
64 1332 6
64 1336 5
64 1338 5
64 1365 7
64 1415 5
64 1421 3
64 1437 5
64 1481 3
64 1503 2
64 1505 4
64 1513 8
64 1531 0
64 1535 5
64 1538 2
64 1609 3
64 1643 6
64 1647 3
64 1657 5
64 1685 8
64 1694 2
64 1698 5
64 1701 3
64 1708 5
64 1747 4
64 1774 6
64 1780 2
64 1782 4
64 1804 2
64 1883 4
64 1926 7
64 1941 5
64 1944 6
64 1956 4
64 1958 5
64 1984 2
64 2013 3
64 2068 4
64 2098 4
64 2124 7
64 2131 1
64 2149 7
64 2173 5
64 2176 6
65 69 4
65 574 2
65 845 2
65 940 0
65 975 9
65 1629 5
65 1836 5
66 93 9
66 104 5
66 125 3
66 139 5
66 156 4
66 245 5
66 251 8
66 257 6
66 288 3
66 306 2
66 334 6
66 338 6
66 353 10
66 390 7
66 392 2
66 608 2
66 612 7
66 622 2
66 634 6
66 671 5
66 707 9
66 720 5
66 758 5
66 778 4
66 807 5
66 879 3
66 900 9
66 923 4
66 949 5
66 987 6
66 1007 4
66 1151 7
66 1179 6
66 1358 10
66 1371 5
66 1407 8
66 1415 7
66 1436 6
66 1442 3
66 1463 2
66 1489 9
66 1517 6
66 1575 7
66 1595 5
66 1637 2
66 1643 6
66 1670 3
66 1731 5
66 1739 2
66 1950 7
66 1998 5
66 2065 5
66 2087 5
66 2108 4
66 2171 6
67 25 7
67 33 5
67 49 3
67 50 5
67 112 5
67 114 5
67 139 5
67 168 7
67 187 6
67 219 7
67 254 5
67 260 7
67 262 6
67 267 4
67 288 3
67 299 2
67 309 3
67 313 5
67 315 4
67 320 7
67 354 3
67 361 8
67 367 5
67 384 7
67 386 3
67 424 5
67 458 6
67 508 6
67 549 3
67 610 7
67 641 4
67 680 3
67 684 7
67 708 2
67 710 5
67 712 8
67 773 3
67 822 9
67 844 4
67 953 4
67 957 3
67 964 1
67 966 4
67 969 2
67 971 4
67 975 7
67 1016 8
67 1028 5
67 1043 5
67 1048 5
67 1112 5
67 1160 3
67 1167 6
67 1206 6
67 1209 4
67 1236 9
67 1284 7
67 1288 6
67 1300 8
67 1305 8
67 1314 8
67 1325 8
67 1327 5
67 1340 8
67 1341 5
67 1352 2
67 1354 5
67 1356 3
67 1380 4
67 1399 6
67 1417 4
67 1422 4
67 1443 4
67 1470 2
67 1500 1
67 1507 9
67 1515 7
67 1529 2
67 1584 5
67 1585 3
67 1597 7
67 1599 6
67 1623 7
67 1627 4
67 1640 6
67 1701 1
67 1714 2
67 1734 3
67 1745 7
67 1750 5
67 1768 5
67 1770 5
67 1786 5
67 1811 3
67 1840 6
67 1846 5
67 1902 6
67 1969 5
67 1978 5
67 2007 5
67 2030 8
67 2087 6
67 2112 6
67 2119 0
67 2121 2
67 2167 4
67 2168 7
67 2188 8
67 2191 3
67 2192 0
68 32 2
68 34 3
68 55 3
68 59 4
68 84 5
68 141 0
68 148 5
68 196 7
68 197 8
68 222 6
68 238 5
68 250 4
68 280 6
68 282 9
68 299 1
68 324 3
68 419 6
68 431 8
68 446 6
68 462 4
68 497 0
68 500 1
68 525 3
68 526 1
68 537 6
68 584 2
68 621 4
68 658 5
68 664 7
68 678 3
68 685 5
68 692 1
68 718 2
68 827 4
68 836 5
68 838 5
68 860 4
68 861 10
68 902 4
68 907 5
68 909 7
68 933 4
68 960 8
68 965 6
68 984 6
68 985 3
68 998 7
68 1032 5
68 1050 5
68 1117 7
68 1125 5
68 1143 7
68 1155 9
68 1160 3
68 1178 1
68 1234 2
68 1248 0
68 1255 3
68 1268 9
68 1303 6
68 1304 5
68 1320 8
68 1328 6
68 1330 9
68 1358 9
68 1408 2
68 1439 4
68 1449 6
68 1512 5
68 1541 9
68 1637 2
68 1649 6
68 1658 5
68 1671 7
68 1677 7
68 1690 9
68 1722 5
68 1761 5
68 1807 5
68 1808 6
68 1867 10
68 1884 6
68 1902 6
68 1975 6
68 1995 3
68 2011 1
68 2017 1
68 2022 8
68 2041 3
68 2070 6
68 2096 4
68 2126 4
68 2169 5
68 2179 6
68 2188 8
69 8 5
69 91 8
69 120 9
69 142 3
69 169 5
69 182 6
69 183 6
69 185 4
69 218 3
69 283 4
69 404 6
69 450 7
69 475 5
69 495 7
69 593 5
69 608 2
69 635 5
69 640 2
69 706 5
69 820 1
69 887 8
69 936 6
69 977 7
69 1037 8
69 1042 3
69 1049 4
69 1056 8
69 1083 4
69 1140 5
69 1147 8
69 1172 4
69 1194 3
69 1256 4
69 1271 3
69 1295 2
69 1316 5
69 1353 5
69 1486 6
69 1495 9
69 1716 7
69 1815 6
69 1828 5
69 1837 5
69 1847 2
69 1861 9
69 1896 9
69 1917 7
69 1972 7
69 1985 8
69 2028 2
69 2046 6
69 2099 9
69 2133 5
69 2187 4
70 128 5
70 130 9
70 180 2
70 183 6
70 204 3
70 302 2
70 318 9
70 349 4
70 439 7
70 471 3
70 529 4
70 591 5
70 684 6
70 696 8
70 719 5
70 789 3
70 812 5
70 867 7
70 909 5
70 952 6
70 1022 2
70 1028 7
70 1038 3
70 1057 4
70 1111 5
70 1204 6
70 1218 0
70 1292 6
70 1327 5
70 1337 3
70 1347 2
70 1367 4
70 1403 7
70 1416 6
70 1447 2
70 1554 5
70 1569 8
70 1593 5
70 1605 7
70 1613 5
70 1637 4
70 1668 8
70 1697 2
70 1773 3
70 1774 5
70 1798 3
70 1840 6
70 1905 9
70 1914 7
70 1919 4
70 1923 8
70 2028 2
70 2064 9
70 2091 4
70 2098 4
70 2149 7
70 2158 4
71 29 6
71 108 5
71 123 6
71 162 6
71 199 2
71 214 5
71 233 5
71 251 8
71 260 8
71 267 4
71 320 6
71 325 4
71 375 4
71 385 6
71 399 3
71 417 5
71 427 5
71 460 7
71 479 4
71 508 8
71 548 6
71 610 7
71 630 4
71 663 8
71 706 5
71 803 5
71 846 6
71 859 5
71 876 6
71 906 7
71 946 6
71 948 7
71 1015 2
71 1020 5
71 1033 10
71 1072 8
71 1089 5
71 1098 3
71 1121 4
71 1194 4
71 1212 4
71 1225 3
71 1232 6
71 1233 5
71 1257 6
71 1303 6
71 1324 4
71 1328 6
71 1403 6
71 1411 8
71 1440 7
71 1485 4
71 1540 6
71 1557 8
71 1585 3
71 1725 2
71 1758 5
71 1767 7
71 1821 4
71 1830 5
71 1861 9
71 1931 5
71 1938 4
71 1939 3
71 2039 6
71 2146 7
71 2174 3
71 2187 3
72 60 7
72 242 3
72 287 4
72 389 6
72 393 4
72 420 4
72 451 4
72 519 6
72 587 6
72 637 1
72 791 9
72 802 4
72 805 7
72 975 8
72 1009 4
72 1017 4
72 1031 8
72 1066 6
72 1095 6
72 1105 9
72 1128 2
72 1145 2
72 1172 3
72 1192 4
72 1198 3
72 1229 8
72 1230 9
72 1397 1
72 1442 5
72 1478 6
72 1544 6
72 1557 7
72 1607 6
72 1676 8
72 1731 3
72 1776 4
72 1809 5
72 1812 7
72 1852 7
72 1853 5
72 1882 5
72 1930 5
72 2019 5
72 2069 4
72 2083 6
72 2132 4
72 2152 4
73 782 5
73 800 3
73 1122 5
73 1227 5
73 1245 7
73 1436 5
73 1481 1
73 1842 5
73 1918 2
74 105 4
74 247 8
74 304 4
74 348 3
74 385 4
74 406 1
74 504 6
74 627 7
74 645 6
74 854 4
74 964 2
74 1054 6
74 1079 5
74 1185 6
74 1193 6
74 1427 7
74 1433 5
74 1454 4
74 1466 6
74 1592 7
74 1756 4
74 1806 4
74 1841 6
74 1965 4
75 113 2
75 160 5
75 328 5
75 343 8
75 434 9
75 811 5
75 993 5
75 1098 2
75 1119 10
75 1169 9
75 1210 4
75 1317 7
75 1379 5
75 1478 5
75 1624 6
75 1626 3
75 2184 4
76 0 6
76 99 2
76 131 7
76 137 5
76 143 8
76 145 7
76 167 8
76 182 6
76 188 6
76 204 3
76 207 6
76 253 5
76 255 7
76 270 4
76 273 5
76 339 7
76 359 5
76 367 3
76 388 6
76 416 6
76 425 3
76 430 6
76 450 7
76 476 4
76 490 6
76 515 3
76 524 4
76 528 6
76 529 5
76 544 7
76 582 10
76 628 2
76 630 4
76 646 4
76 650 5
76 662 4
76 747 3
76 790 8
76 796 3
76 846 5
76 851 4
76 882 2
76 896 0
76 911 2
76 914 5
76 928 4
76 944 4
76 976 7
76 985 5
76 1013 7
76 1021 7
76 1076 5
76 1114 5
76 1121 6
76 1153 4
76 1157 3
76 1200 4
76 1212 2
76 1216 5
76 1248 2
76 1332 5
76 1339 4
76 1341 5
76 1364 5
76 1394 7
76 1400 4
76 1401 3
76 1420 6
76 1441 4
76 1452 8
76 1459 4
76 1493 6
76 1508 6
76 1522 4
76 1577 4
76 1600 5
76 1613 6
76 1618 2
76 1622 6
76 1624 5
76 1626 5
76 1635 5
76 1654 4
76 1710 5
76 1721 3
76 1738 7
76 1746 6
76 1761 6
76 1780 1
76 1801 4
76 1828 5
76 1841 6
76 1891 6
76 1933 5
76 2042 4
76 2049 5
76 2071 7
76 2117 2
76 2159 1
76 2166 4
76 2168 5
76 2171 5
76 2178 5
76 2180 2
76 2188 8
76 2195 8
77 17 6
77 43 2
77 49 1
77 53 3
77 80 7
77 109 9
77 112 5
77 150 2
77 184 7
77 189 4
77 210 6
77 255 5
77 308 8
77 314 10
77 371 7
77 375 4
77 390 8
77 399 3
77 476 3
77 491 9
77 542 7
77 551 9
77 577 6
77 618 3
77 635 3
77 669 5
77 746 3
77 754 5
77 785 6
77 842 5
77 892 5
77 903 9
77 904 7
77 913 7
77 976 7
77 997 3
77 1024 4
77 1094 5
77 1102 6
77 1104 4
77 1111 5
77 1117 7
77 1121 5
77 1137 5
77 1147 6
77 1157 3
77 1215 3
77 1223 5
77 1252 5
77 1278 3
77 1345 6
77 1411 7
77 1416 6
77 1452 8
77 1457 2
77 1471 3
77 1487 5
77 1499 7
77 1500 2
77 1514 6
77 1515 6
77 1678 4
77 1710 5
77 1729 4
77 1733 7
77 1769 6
77 1810 6
77 1839 6
77 1844 1
77 1868 4
77 1875 5
77 1906 8
77 1954 2
77 1972 8
77 1974 7
77 2008 8
77 2045 4
77 2132 4
77 2143 5
77 2192 0
78 45 6
78 60 9
78 63 3
78 64 3
78 137 6
78 141 0
78 168 6
78 182 5
78 207 5
78 211 6
78 247 8
78 259 6
78 270 6
78 279 3
78 305 1
78 309 4
78 337 6
78 388 6
78 410 7
78 421 3
78 439 8
78 493 8
78 513 4
78 514 3
78 517 6
78 519 5
78 544 8
78 592 2
78 594 6
78 635 5
78 665 7
78 676 5
78 706 6
78 749 5
78 790 8
78 802 2
78 803 5
78 814 9
78 815 4
78 821 7
78 838 6
78 871 2
78 954 8
78 977 7
78 979 5
78 995 6
78 1004 1
78 1077 8
78 1107 5
78 1127 6
78 1129 7
78 1194 4
78 1229 9
78 1239 4
78 1242 4
78 1266 2
78 1270 4
78 1321 1
78 1331 6
78 1336 6
78 1356 3
78 1397 3
78 1428 5
78 1468 2
78 1512 4
78 1517 6
78 1518 4
78 1586 10
78 1600 4
78 1634 4
78 1644 4
78 1680 7
78 1693 5
78 1715 8
78 1745 5
78 1749 3
78 1772 1
78 1784 5
78 1798 5
78 1874 7
78 1886 7
78 1888 8
78 1917 5
78 1928 4
78 1935 5
78 1953 5
78 1954 4
78 1992 7
78 2016 2
78 2018 10
78 2024 5
78 2057 5
78 2073 3
78 2122 3
78 2127 10
78 2128 5
78 2166 3
78 2168 5
78 2179 4
79 18 2
79 34 3
79 46 9
79 56 3
79 73 1
79 90 0
79 92 6
79 170 6
79 225 7
79 240 1
79 250 5
79 289 3
79 338 7
79 376 7
79 406 2
79 470 7
79 523 6
79 547 7
79 572 9
79 577 5
79 632 9
79 651 2
79 728 8
79 789 3
79 814 8
79 829 5
79 835 4
79 863 3
79 869 4
79 871 2
79 872 6
79 890 4
79 973 5
79 985 3
79 1004 1
79 1082 3
79 1091 3
79 1132 1
79 1164 3
79 1182 9
79 1211 8
79 1218 0
79 1261 4
79 1342 5
79 1371 6
79 1435 8
79 1462 8
79 1513 9
79 1519 7
79 1530 2
79 1563 7
79 1592 7
79 1619 2
79 1626 5
79 1664 5
79 1684 7
79 1686 4
79 1709 10
79 1760 2
79 1768 7
79 1841 7
79 1867 9
79 1882 5
79 1886 7
79 1921 7
79 1990 3
79 1993 5
79 2001 4
79 2028 2
79 2035 2
79 2099 9
79 2137 4
80 6 3
80 56 5
80 88 9
80 124 3
80 127 3
80 142 3
80 156 3
80 172 3
80 202 5
80 221 6
80 231 10
80 240 1
80 300 5
80 304 5
80 328 5
80 438 3
80 444 8
80 572 7
80 623 5
80 640 2
80 643 3
80 658 4
80 668 6
80 678 2
80 726 4
80 775 2
80 789 4
80 890 5
80 906 7
80 977 9
80 986 4
80 993 6
80 1010 6
80 1014 5
80 1043 5
80 1066 4
80 1098 1
80 1270 5
80 1275 4
80 1324 4
80 1328 5
80 1351 7
80 1353 6
80 1363 2
80 1367 6
80 1407 7
80 1433 4
80 1455 2
80 1523 5
80 1616 8
80 1628 10
80 1674 3
80 1715 8
80 1722 3
80 1730 8
80 1843 7
80 1909 6
80 1922 6
80 1931 5
80 1971 4
80 1983 8
80 2000 4
80 2044 1
80 2080 6
80 2127 8
80 2143 3
81 953 5
81 1001 6
81 1066 4
81 1156 4
81 1202 5
81 1496 9
81 1545 2
81 1599 5
81 1712 5
81 1866 2
81 2146 9
82 8 5
82 44 6
82 65 7
82 377 7
82 432 3
82 510 0
82 590 2
82 626 7
82 638 3
82 646 4
82 699 2
82 702 6
82 720 5
82 761 5
82 795 5
82 806 0
82 915 5
82 921 4
82 964 2
82 976 7
82 1050 6
82 1092 7
82 1111 5
82 1147 8
82 1224 0
82 1375 8
82 1449 6
82 1493 5
82 1511 1
82 1603 0
82 1610 5
82 1622 6
82 1674 3
82 1710 3
82 1722 5
82 1727 3
82 1757 10
82 1808 5
82 1813 3
82 1880 6
82 1897 6
82 1934 5
82 1993 4
82 1994 4
82 2089 3
82 2177 4
83 74 7
83 85 6
83 110 5
83 114 5
83 117 8
83 155 5
83 186 3
83 239 5
83 248 3
83 300 4
83 311 1
83 342 8
83 343 8
83 370 4
83 428 4
83 462 5
83 533 6
83 608 3
83 621 4
83 693 6
83 703 5
83 735 5
83 749 6
83 757 8
83 789 4
83 810 2
83 844 3
83 943 3
83 980 5
83 1041 6
83 1094 4
83 1136 0
83 1139 5
83 1231 2
83 1243 8
83 1324 5
83 1376 5
83 1386 6
83 1395 6
83 1483 7
83 1502 6
83 1519 6
83 1566 7
83 1574 6
83 1592 8
83 1601 3
83 1615 6
83 1693 6
83 1727 4
83 1734 1
83 1768 6
83 1828 6
83 1865 5
83 2002 6
83 2057 4
83 2076 2
83 2083 6
83 2090 3
83 2109 3
83 2135 4
83 2151 5
83 2177 5
84 30 3
84 46 9
84 50 4
84 130 9
84 147 2
84 187 7
84 203 3
84 218 3
84 222 5
84 233 5
84 317 7
84 332 4
84 339 5
84 363 7
84 424 6
84 445 0
84 492 3
84 509 7
84 523 6
84 566 7
84 610 6
84 620 7
84 641 2
84 658 3
84 696 6
84 721 5
84 746 5
84 755 7
84 796 2
84 820 1
84 822 9
84 829 4
84 884 6
84 925 4
84 934 5
84 956 3
84 959 3
84 1023 3
84 1037 8
84 1062 4
84 1100 5
84 1102 5
84 1136 2
84 1139 6
84 1148 7
84 1155 10
84 1198 3
84 1292 4
84 1296 8
84 1301 4
84 1302 5
84 1342 5
84 1374 8
84 1470 2
84 1471 5
84 1490 6
84 1513 8
84 1564 8
84 1590 4
84 1626 5
84 1644 5
84 1668 8
84 1674 4
84 1719 3
84 1796 5
84 1800 8
84 1887 5
84 1929 4
84 1955 6
84 1977 7
84 2019 7
84 2058 3
84 2060 7
84 2079 3
84 2114 6
84 2124 6
84 2151 6
85 3 7
85 17 4
85 52 6
85 70 4
85 71 4
85 103 2
85 107 5
85 120 8
85 219 6
85 251 10
85 264 4
85 297 7
85 308 7
85 309 3
85 312 5
85 357 4
85 362 4
85 369 3
85 408 8
85 419 6
85 434 9
85 464 4
85 513 6
85 554 3
85 558 5
85 571 2
85 592 4
85 596 7
85 603 6
85 618 3
85 642 1
85 643 3
85 655 8
85 701 7
85 716 6
85 766 3
85 773 4
85 781 4
85 857 6
85 884 6
85 938 6
85 971 3
85 989 2
85 1029 3
85 1044 6
85 1064 3
85 1146 6
85 1150 9
85 1176 1
85 1194 3
85 1196 6
85 1213 5
85 1223 3
85 1231 2
85 1270 6
85 1273 6
85 1297 4
85 1311 3
85 1327 6
85 1349 7
85 1352 2
85 1372 5
85 1385 4
85 1407 8
85 1444 6
85 1496 8
85 1541 9
85 1593 5
85 1657 3
85 1668 8
85 1714 3
85 1722 5
85 1737 3
85 1748 2
85 1750 5
85 1774 4
85 1821 5
85 1873 9
85 1880 6
85 1886 7
85 1896 9
85 1899 3
85 1908 3
85 1921 7
85 1931 5
85 1937 5
85 1948 6
85 1955 6
85 1964 3
85 1967 5
85 1977 7
85 2005 3
85 2021 6
85 2032 5
85 2062 5
85 2074 8
85 2124 8
85 2145 3
85 2146 7
85 2173 5
85 2184 3
86 0 6
86 39 1
86 65 5
86 105 3
86 106 1
86 107 7
86 118 3
86 185 3
86 190 6
86 199 2
86 208 10
86 313 6
86 343 8
86 359 4
86 363 5
86 369 2
86 418 2
86 421 5
86 452 5
86 485 5
86 515 3
86 532 5
86 541 2
86 547 7
86 614 2
86 627 9
86 678 3
86 701 7
86 702 4
86 767 8
86 772 4
86 801 2
86 854 3
86 869 5
86 922 5
86 933 6
86 967 5
86 1093 5
86 1159 4
86 1287 3
86 1321 2
86 1343 5
86 1358 10
86 1374 8
86 1385 3
86 1443 5
86 1477 2
86 1479 6
86 1502 7
86 1513 9
86 1522 4
86 1549 5
86 1577 4
86 1602 2
86 1622 6
86 1665 7
86 1754 2
86 1762 8
86 1841 6
86 1845 2
86 1900 7
86 1916 9
86 1980 6
86 1996 5
86 1998 4
86 2014 2
86 2022 8
86 2023 6
86 2040 6
86 2046 7
86 2059 9
86 2066 7
86 2070 5
86 2090 3
86 2116 6
86 2157 4
86 2184 2
86 2199 0
87 58 2
87 227 5
87 308 8
87 373 4
87 377 7
87 405 4
87 435 3
87 642 2
87 652 6
87 747 3
87 759 6
87 818 5
87 1052 3
87 1134 3
87 1142 5
87 1237 8
87 1249 2
87 1251 4
87 1253 3
87 1320 7
87 1363 4
87 1518 6
87 1554 5
87 1568 3
87 1712 4
87 1763 4
87 1772 3
87 1828 7
87 1923 8
87 1989 5
87 2019 5
87 2189 1
88 11 5
88 39 2
88 41 7
88 42 8
88 56 3
88 57 6
88 74 8
88 87 6
88 100 4
88 120 9
88 122 6
88 125 3
88 193 8
88 228 7
88 255 7
88 298 2
88 302 2
88 336 3
88 352 2
88 406 2
88 446 7
88 467 2
88 489 8
88 494 9
88 547 6
88 556 7
88 576 2
88 581 5
88 592 3
88 610 6
88 652 7
88 666 2
88 670 4
88 672 3
88 673 4
88 680 4
88 721 5
88 732 7
88 770 1
88 780 6
88 814 7
88 828 9
88 837 8
88 855 2
88 915 4
88 916 6
88 984 5
88 990 4
88 998 8
88 1005 6
88 1009 5
88 1046 6
88 1067 4
88 1073 3
88 1096 6
88 1141 6
88 1154 4
88 1167 6
88 1191 6
88 1208 6
88 1213 4
88 1253 4
88 1261 5
88 1269 7
88 1277 4
88 1278 5
88 1374 7
88 1376 5
88 1377 8
88 1396 4
88 1424 9
88 1430 1
88 1435 7
88 1437 5
88 1500 3
88 1504 7
88 1509 6
88 1515 5
88 1520 5
88 1559 5
88 1616 9
88 1634 4
88 1638 4
88 1644 3
88 1660 5
88 1697 1
88 1701 1
88 1729 3
88 1732 8
88 1788 8
88 1798 3
88 1846 6
88 1868 4
88 1879 2
88 1882 4
88 1932 3
88 1971 2
88 1984 2
88 1985 9
88 2016 2
88 2050 4
88 2056 4
88 2068 4
88 2077 6
88 2084 6
88 2130 6
88 2164 6
88 2173 6
88 2192 1
89 175 4
89 178 4
89 396 3
89 498 3
89 787 6
89 829 5
89 845 4
89 880 3
89 889 5
89 1012 3
89 1250 2
89 1322 4
89 1373 10
89 1586 10
89 1631 4
89 1642 7
89 1678 5
89 1854 3
90 71 4
90 90 2
90 122 6
90 141 1
90 182 5
90 197 8
90 202 6
90 297 9
90 314 10
90 513 4
90 564 6
90 589 5
90 638 4
90 743 6
90 786 9
90 797 7
90 811 4
90 815 4
90 824 7
90 833 6
90 878 8
90 915 4
90 916 6
90 957 4
90 1097 6
90 1141 6
90 1209 3
90 1226 3
90 1264 8
90 1275 5
90 1347 2
90 1417 4
90 1432 4
90 1472 1
90 1498 5
90 1513 9
90 1723 5
90 1726 1
90 1793 3
90 1805 3
90 1868 5
90 1880 8
90 1959 5
90 1964 3
90 1988 8
90 1998 6
90 2037 4
90 2078 6
90 2109 3
91 22 5
91 101 5
91 201 5
91 223 6
91 413 7
91 461 7
91 498 3
91 520 5
91 797 8
91 817 5
91 887 8
91 1184 5
91 1241 6
91 1278 5
91 1474 6
91 1590 5
92 39 3
92 53 3
92 106 1
92 120 8
92 138 4
92 151 7
92 160 3
92 174 5
92 191 2
92 198 3
92 214 6
92 276 4
92 296 4
92 328 5
92 344 4
92 390 7
92 421 5
92 428 2
92 435 2
92 439 7
92 440 6
92 460 7
92 465 6
92 505 7
92 509 9
92 516 4
92 535 2
92 550 7
92 568 7
92 581 4
92 600 2
92 624 4
92 689 5
92 696 8
92 702 4
92 713 7
92 722 6
92 742 5
92 759 5
92 762 4
92 765 5
92 825 7
92 874 4
92 878 7
92 902 2
92 905 6
92 909 5
92 943 2
92 953 3
92 977 7
92 978 3
92 1008 5
92 1016 9
92 1024 6
92 1034 7
92 1086 5
92 1112 5
92 1115 6
92 1124 7
92 1148 8
92 1158 2
92 1167 4
92 1194 3
92 1250 2
92 1278 5
92 1281 8
92 1360 3
92 1388 6
92 1409 4
92 1534 1
92 1580 3
92 1582 5
92 1601 4
92 1624 4
92 1683 1
92 1728 4
92 1789 5
92 1791 3
92 1822 5
92 1824 6
92 1862 3
92 1956 6
92 1988 9
92 1995 5
92 2036 4
92 2047 1
92 2056 6
92 2124 6
92 2125 5
92 2133 5
92 2146 8
92 2154 6
92 2167 4
92 2180 3
93 314 9
93 477 5
93 567 3
93 745 4
93 853 3
93 998 6
93 1216 6
93 1231 2
93 1272 2
93 1318 3
93 1363 3
93 1453 5
93 1880 7
93 1944 6
94 0 5
94 96 6
94 226 7
94 244 7
94 254 6
94 314 8
94 316 7
94 351 6
94 406 1
94 495 6
94 517 6
94 533 7
94 537 6
94 593 6
94 616 0
94 677 5
94 761 6
94 772 4
94 824 6
94 846 7
94 934 5
94 957 4
94 960 8
94 1034 7
94 1043 6
94 1056 6
94 1071 8
94 1087 5
94 1139 6
94 1148 9
94 1229 8
94 1232 7
94 1242 4
94 1252 7
94 1267 5
94 1274 3
94 1376 6
94 1429 9
94 1436 5
94 1465 6
94 1476 3
94 1496 9
94 1501 2
94 1560 0
94 1591 6
94 1609 5
94 1617 5
94 1640 4
94 1650 1
94 1699 2
94 1735 6
94 1846 6
94 1880 6
94 1967 6
94 1971 3
94 2098 4
94 2125 5
94 2136 7
94 2167 5
94 2191 1
94 2199 0
95 12 7
95 29 6
95 36 4
95 124 4
95 127 3
95 179 7
95 212 5
95 502 6
95 853 4
95 943 3
95 1114 6
95 1116 3
95 1129 6
95 1183 7
95 1253 4
95 1363 2
95 2056 6
96 163 8
96 263 5
96 573 7
96 1232 7
96 2098 4
97 4 5
97 111 2
97 174 5
97 330 6
97 346 5
97 350 5
97 418 3
97 421 3
97 426 9
97 447 5
97 453 6
97 525 4
97 554 4
97 616 2
97 631 6
97 635 4
97 695 6
97 700 4
97 788 2
97 803 6
97 810 4
97 817 4
97 870 6
97 924 5
97 985 3
97 987 7
97 989 2
97 1022 0
97 1069 8
97 1099 9
97 1210 3
97 1225 3
97 1229 8
97 1291 5
97 1315 1
97 1399 7
97 1428 4
97 1451 4
97 1518 5
97 1570 5
97 1576 5
97 1590 6
97 1626 3
97 1631 3
97 1661 5
97 1675 5
97 1680 8
97 1727 4
97 1728 6
97 1732 8
97 1843 7
97 1844 2
97 1902 8
97 1951 5
97 2001 4
97 2005 2
97 2123 7
97 2179 6
97 2182 6
97 2197 6
98 29 5
98 44 7
98 54 10
98 68 4
98 107 5
98 172 3
98 178 4
98 190 7
98 219 8
98 267 5
98 296 3
98 325 4
98 346 4
98 373 5
98 374 6
98 431 7
98 441 5
98 539 1
98 557 7
98 653 4
98 663 8
98 672 3
98 677 3
98 839 8
98 845 2
98 846 6
98 854 3
98 862 5
98 908 1
98 977 8
98 1035 6
98 1133 4
98 1242 4
98 1252 7
98 1268 7
98 1278 3
98 1282 3
98 1300 6
98 1320 6
98 1331 6
98 1419 3
98 1515 6
98 1528 1
98 1533 5
98 1540 5
98 1548 2
98 1577 4
98 1587 3
98 1617 4
98 1643 5
98 1697 1
98 1712 5
98 1731 3
98 1798 5
98 1808 5
98 1824 6
98 1842 4
98 1856 5
98 1926 6
98 1953 6
98 2071 9
98 2076 4
98 2078 7
98 2102 5
98 2118 7
98 2190 5
99 19 7
99 39 3
99 84 3
99 106 1
99 109 9
99 126 5
99 145 6
99 158 9
99 171 5
99 327 5
99 343 9
99 357 4
99 400 0
99 432 4
99 451 4
99 460 7
99 465 7
99 494 7
99 520 6
99 546 9
99 548 8
99 553 3
99 652 6
99 697 3
99 700 6
99 703 5
99 735 3
99 747 3
99 776 4
99 786 9
99 805 6
99 852 5
99 858 5
99 859 7
99 879 3
99 888 7
99 889 5
99 935 6
99 947 4
99 959 3
99 962 5
99 1030 4
99 1062 5
99 1126 6
99 1127 6
99 1161 5
99 1190 3
99 1223 3
99 1240 2
99 1246 5
99 1262 4
99 1286 2
99 1313 1
99 1358 10
99 1385 4
99 1388 5
99 1400 3
99 1407 7
99 1429 10
99 1436 6
99 1464 2
99 1477 1
99 1498 5
99 1538 3
99 1543 4
99 1546 3
99 1555 8
99 1651 4
99 1662 6
99 1668 7
99 1700 5
99 1729 4
99 1742 8
99 1759 3
99 1765 2
99 1803 7
99 1832 4
99 1908 4
99 1909 4
99 1920 6
99 1970 5
99 1973 4
99 1991 6
99 2022 6
99 2035 3
99 2070 4
99 2157 4
99 2179 5
