Seed: 1335059317
Researcher: 150
Papers: 1800
Edges: 2070
RDensity: 0.6
minScore: 0
maxScore: 10
maxResearcherForPaper: 7
maxPaperForResearcher: 15
ToAssign: 375
0 175 0.98
0 315 2.53
0 359 4.38
0 413 4.03
0 545 7.38
0 620 4.78
0 750 3.81
0 851 4.78
0 853 5.44
0 1175 6.53
0 1450 5.3
0 1510 4.29
0 1546 5.9
0 1668 9.28
1 4 4.19
1 36 6
1 353 3.59
1 451 4.93
1 559 6.64
1 671 4.88
1 820 3.82
1 870 2.76
1 1184 7.15
1 1365 3.42
1 1474 3.75
1 1479 2.79
1 1548 5.04
2 17 6.14
2 49 6.22
2 58 4.13
2 150 7.18
2 267 4.19
2 565 6.9
2 665 4.23
2 754 4.44
2 858 6.8
2 1022 3.57
2 1031 5.5
2 1067 7.13
2 1342 2.38
2 1424 6.85
2 1647 6.89
3 2 8.1
3 109 1.14
3 496 0.5
3 535 6.11
3 653 4.91
3 769 5.4
3 821 2.62
3 846 4.86
3 910 6.31
3 925 4.41
3 1162 7.16
3 1163 5.85
3 1256 2.69
3 1651 4.82
3 1695 3.73
4 294 2.16
4 346 10
4 363 7.62
4 526 4.41
4 669 6.86
4 801 2.44
4 943 2.27
4 1050 6.64
4 1091 4.88
4 1326 5.96
4 1492 5.34
4 1548 4.39
4 1581 3.75
5 272 6.66
5 391 2.14
5 415 7
5 439 5.49
5 569 10
5 618 4.87
5 694 8.93
5 837 6.58
5 1000 5.36
5 1068 4.21
5 1481 8.6
5 1611 6.94
5 1645 5.6
5 1722 1.42
5 1767 1.22
6 85 9.51
6 108 1.99
6 236 4.96
6 266 6.41
6 437 5.2
6 525 7.85
6 537 5.04
6 545 7.28
6 693 5.04
6 779 6.26
6 1108 5.9
6 1200 4.04
6 1388 8.24
6 1585 5.56
6 1742 1.52
7 37 1.77
7 265 4.62
7 284 2.28
7 300 0.68
7 469 4.33
7 627 3.69
7 676 5.2
7 706 3.64
7 868 5.29
7 937 8.42
7 1301 4.17
7 1526 5.36
7 1560 6.34
7 1627 2.56
7 1667 2.38
8 99 0.36
8 232 2.08
8 246 4.16
8 583 1.26
8 690 6.32
8 814 4.76
8 854 1.29
8 896 4.81
8 926 6.7
8 963 3.55
8 976 4.97
8 994 1.13
8 1363 8.52
8 1408 3.62
8 1719 7.37
9 71 4.51
9 216 4.47
9 360 6.73
9 827 5.19
9 926 6.74
9 947 7.61
9 951 3.61
9 1137 6.66
9 1441 3.35
9 1494 3.77
9 1748 5.6
10 154 6.32
10 258 4.91
10 283 4.58
10 410 5.69
10 1081 3.62
10 1194 5.9
10 1232 5.24
10 1411 7.44
10 1425 8.64
10 1456 7.01
10 1484 9.11
10 1536 7.67
10 1672 4.94
10 1675 5.95
10 1761 4.76
11 54 5.34
11 86 5.23
11 501 0.8
11 786 6.59
11 882 2.6
11 1003 1.75
11 1054 3.76
11 1153 6.86
11 1267 3.58
11 1418 4.96
11 1478 4.67
12 76 5.78
12 117 9.22
12 211 3.92
12 499 4.19
12 508 5.68
12 630 4.68
12 722 7.85
12 921 4.45
12 1011 3.72
12 1057 3.24
12 1181 6.32
12 1415 5.86
12 1549 5.1
13 136 5.27
13 536 6.75
13 663 5.02
13 984 4.26
13 1060 4.36
13 1064 3.48
13 1220 8.06
13 1269 3.19
13 1387 8.18
13 1503 2.22
13 1735 5.47
14 1124 6.7
14 1168 5.51
14 1311 2.33
14 1345 5.95
14 1379 5.9
14 1753 4.76
15 327 5.33
15 561 5.28
15 577 4.56
15 729 4.15
15 931 6.72
15 1160 7.65
15 1201 3.82
15 1242 7.21
15 1250 5.38
15 1711 3.87
15 1783 5.29
16 189 5.63
16 228 4.49
16 260 1
16 312 5.14
16 519 5.02
16 681 7.61
16 1007 0.94
16 1166 6.02
16 1514 6.52
16 1521 2.58
16 1556 2.85
16 1583 3.89
17 132 2.77
17 206 7.43
17 228 4.89
17 304 5.77
17 664 8.36
17 716 7.65
17 781 7.38
17 925 3.97
17 1112 6.63
17 1483 1.97
17 1567 4.39
18 320 4.74
18 321 4.76
18 416 3.34
18 533 3.31
18 545 6.9
18 731 5.94
18 866 4.76
18 918 7.44
18 1192 3.62
18 1324 6.26
18 1396 0.6
18 1446 5.15
19 4 3.5
19 270 4.76
19 287 1.1
19 532 3.55
19 809 2.43
19 913 3.4
19 1061 1.32
19 1273 2.58
19 1374 6.42
19 1437 5.08
19 1659 5.2
19 1739 6.35
20 93 3.27
20 173 6.5
20 411 2.81
20 428 9.29
20 800 4.94
20 1021 4.5
20 1030 2.72
20 1047 6.87
20 1135 6.89
20 1151 7.25
20 1268 4.71
20 1312 6.98
20 1553 6.93
20 1754 6.99
21 39 4.99
21 74 5.81
21 161 2.67
21 306 10
21 372 4.82
21 460 6.5
21 558 7.12
21 626 8.58
21 672 1.28
21 725 5.73
21 912 5.62
21 1023 7.57
21 1464 4.04
21 1561 5.51
21 1563 5.52
22 296 5.77
22 588 1.37
22 702 4.08
22 816 8.53
22 856 6.49
22 869 2.81
22 885 3.48
22 1162 6.61
22 1231 4.51
22 1404 5.61
22 1422 6.04
22 1718 5.75
23 107 4.77
23 216 4.69
23 443 4.99
23 466 2.5
23 596 2.5
23 809 2.28
23 928 3.65
23 1027 6.28
23 1071 4.58
23 1332 6.08
23 1352 2.39
23 1458 2.83
23 1534 2.69
23 1563 5.37
23 1629 3.88
24 131 6.17
24 324 5.76
24 446 2.38
24 701 5.28
24 729 3.9
24 1224 3.08
24 1263 3.71
24 1309 3.66
24 1376 3
24 1453 6.11
24 1473 5.69
24 1518 3.72
24 1605 3.44
24 1652 5.68
24 1788 2.86
25 14 6.28
25 29 4.22
25 149 6.08
25 225 4.46
25 313 1.6
25 417 4.27
25 528 6.42
25 1587 5.63
25 1619 4.42
25 1709 5.37
25 1772 7.78
26 245 4.49
26 262 9.39
26 269 3.75
26 421 6.21
26 641 4.7
26 780 4.56
26 1003 2.1
26 1008 7.45
26 1038 6.34
26 1172 7.36
26 1243 4.49
26 1300 4.41
26 1334 3.11
26 1480 7.02
26 1507 2.14
27 279 1.92
27 280 7.47
27 326 5.67
27 413 4.79
27 491 7.03
27 643 5.02
27 670 4.55
27 1020 3.79
27 1044 2.98
27 1273 3.14
27 1308 8.84
27 1369 3.3
27 1414 4.86
27 1452 2.12
28 137 3.25
28 290 3.93
28 308 3.43
28 536 7.33
28 608 2.67
28 623 7.11
28 795 2.33
28 796 8.42
28 808 6.88
28 859 4.91
28 1093 3.59
28 1120 4.91
28 1361 3.88
28 1537 2.88
28 1654 7.29
29 41 6.77
29 113 5.99
29 261 5.01
29 365 1.74
29 414 1.61
29 640 5.96
29 731 5.57
29 803 8.94
29 948 2.64
29 960 3.6
29 1065 5.57
29 1237 7.94
29 1514 6.62
29 1730 6.14
30 90 2.85
30 260 1.3
30 310 4.61
30 396 6.79
30 512 4.34
30 622 8.27
30 782 3.23
30 849 8.29
30 897 7.51
30 986 1.23
30 1013 4.25
30 1144 6.68
30 1514 6.99
30 1591 5.3
31 125 2.18
31 132 2.89
31 146 3.02
31 314 5.23
31 497 6.87
31 544 2.87
31 666 8.39
31 697 4.27
31 919 4.48
31 1066 5.95
31 1207 2.56
31 1289 0.7
31 1470 5.08
31 1490 5.7
31 1678 3.23
32 208 3
32 353 3.2
32 598 3.09
32 615 5.7
32 709 4.64
32 735 6.63
32 882 2.81
32 1042 4.54
32 1078 3.28
32 1168 5.65
32 1382 6.63
32 1419 0.89
32 1499 6.73
32 1608 9.11
32 1776 5.71
33 41 6.38
33 230 6.82
33 239 1.29
33 292 4.45
33 303 2.51
33 517 8.25
33 733 6.29
33 826 4.27
33 959 6
33 1098 7.05
33 1129 4.6
33 1147 5.41
33 1185 6.87
33 1443 4.19
33 1580 6.35
34 179 6.69
34 277 2.24
34 334 3.43
34 352 4.85
34 435 3.98
34 485 3.24
34 505 5.33
34 646 4.95
34 659 3.87
34 685 7.98
34 1076 8.67
34 1189 6.43
34 1354 1.32
34 1436 5.86
34 1608 8.83
35 9 3.52
35 29 4.18
35 143 8.97
35 238 6.43
35 298 7.49
35 510 7.06
35 549 3.01
35 593 6.75
35 732 3.01
35 830 2.71
35 987 4.3
35 1134 3.03
35 1229 0.98
35 1366 5.49
35 1542 6.61
36 3 7.74
36 50 8.43
36 237 5.44
36 364 5.57
36 491 7.94
36 507 2.34
36 701 5.62
36 824 3.47
36 1095 2.35
36 1107 6.06
36 1116 3.75
36 1571 8.05
36 1651 4.55
37 87 9.18
37 183 8.47
37 358 6.4
37 374 4.95
37 487 5.83
37 633 3.73
37 668 7.82
37 730 2.79
37 790 6.64
37 873 1.65
37 1037 4.39
37 1084 3.87
37 1337 5.97
37 1468 4.46
37 1570 4.86
38 80 5.1
38 103 2.7
38 264 2.1
38 451 5.02
38 478 2.09
38 536 6.77
38 581 5.75
38 863 5.37
38 932 6.5
38 1216 3.5
38 1307 4.37
38 1356 5.85
38 1505 1.97
38 1557 7.4
38 1571 8.54
39 82 5.66
39 98 6.12
39 128 4.28
39 187 4.69
39 227 5.71
39 256 8.33
39 606 5.38
39 947 8.01
39 979 8.87
39 1343 5.63
39 1552 4.21
39 1573 6.07
39 1783 5.7
40 22 6.21
40 124 5.83
40 247 7.47
40 297 9.71
40 341 4.63
40 495 8.97
40 757 8.75
40 773 6.24
40 1104 6.03
40 1109 6.4
40 1315 3.73
40 1331 7.05
40 1400 7.09
40 1697 6.74
40 1764 6.63
41 128 4.56
41 214 6.26
41 400 5.89
41 440 3.28
41 631 5.28
41 746 5.73
41 753 8.48
41 914 2.62
41 930 7.04
41 974 3.51
41 1003 1.58
41 1196 2.58
41 1608 9.6
41 1744 7.49
42 141 5.14
42 167 6.07
42 185 4.81
42 229 8.49
42 373 7.95
42 392 4.3
42 455 5.88
42 554 1.56
42 605 7.9
42 724 4.58
42 890 1.48
42 909 5.51
42 1221 6.06
42 1252 3.46
42 1793 5.26
43 715 7.46
43 750 3.97
43 843 7.28
43 968 4.11
43 1562 2.91
43 1577 3.19
43 1681 7.11
44 340 5.94
44 349 2.46
44 406 1.79
44 436 4.48
44 617 6.57
44 763 4.63
44 807 4.88
44 891 2.88
44 917 2.97
44 1182 7.56
44 1298 2.51
44 1634 5.16
44 1657 3.62
44 1738 2.76
44 1778 2.23
45 105 4.13
45 142 5.9
45 151 7.23
45 284 2.67
45 361 2.19
45 555 6.47
45 566 5.92
45 575 4.14
45 647 6.83
45 1372 8.85
45 1575 5.11
45 1665 3.94
45 1680 5.34
45 1687 2.28
45 1796 7.36
46 241 1.19
46 377 7.32
46 451 4.97
46 570 2.53
46 1069 8.28
46 1183 6.04
46 1185 7.36
46 1316 5.29
46 1356 5.99
46 1512 5.24
46 1514 6.7
46 1602 5.3
46 1648 7.33
47 135 2.27
47 199 2.99
47 215 3.11
47 325 8.12
47 424 8.02
47 584 4.74
47 599 1.34
47 695 4.96
47 825 5.13
47 887 7.45
47 1091 4.71
47 1238 6.27
47 1257 4.79
47 1273 2.71
47 1661 5.44
48 128 4.94
48 130 4.51
48 356 6.05
48 381 4.02
48 421 7.01
48 704 5.62
48 855 5.28
48 861 3.43
48 903 5.57
48 1295 7.33
48 1489 4.49
48 1555 5.18
49 151 6.85
49 251 5.64
49 364 5.61
49 493 4.04
49 609 8.07
49 731 5.7
49 785 7.96
49 878 1.57
49 927 1.42
49 972 5.18
49 1164 6.77
49 1333 4.19
49 1670 5.15
50 278 3.01
50 305 5.08
50 357 5.55
50 470 5.26
50 611 4.84
50 1138 1.98
50 1438 7.34
50 1511 5.03
50 1533 3.59
51 1 4.21
51 8 2.72
51 33 6.7
51 38 4.31
51 70 9.02
51 128 4.32
51 152 4.74
51 188 2.56
51 622 8.78
51 727 3.88
51 762 7.89
51 1046 3.97
51 1401 4.34
51 1416 3.73
51 1591 4.9
52 84 2.43
52 140 1.57
52 207 6.4
52 298 7.94
52 329 6.34
52 477 4.97
52 889 8.31
52 892 3.25
52 893 4.99
52 1111 5.5
52 1349 4.27
52 1351 4.97
52 1409 7.61
52 1528 3.24
52 1571 8.19
53 96 4.73
53 473 3.74
53 515 2.3
53 580 5.74
53 642 3.07
53 662 6.46
53 698 6.45
53 773 6.99
53 876 6.91
53 895 6.02
53 978 5.46
53 1353 0.21
53 1497 5.56
53 1591 5.51
53 1637 7.26
54 19 5.43
54 174 8.11
54 228 4.55
54 345 5.01
54 361 2.46
54 379 5.42
54 394 7.64
54 764 5.04
54 845 4.84
54 1344 6.15
54 1364 2.29
54 1544 3.16
54 1582 5.71
54 1786 7.26
54 1790 4.35
55 120 2.97
55 160 3.52
55 233 4.24
55 468 5.25
55 557 3.4
55 707 5.28
55 805 2.83
55 983 6.27
55 1397 4.97
55 1530 5.63
55 1554 7.2
55 1635 3.67
55 1656 7.73
55 1714 8.66
55 1720 6.47
56 259 4.02
56 299 2.36
56 412 3.62
56 678 3.65
56 766 4.42
56 1083 8.13
56 1100 1.81
56 1158 4.16
56 1162 6.91
56 1360 2.82
56 1481 8.36
56 1624 3.73
56 1646 8.82
56 1704 5.61
56 1736 7
57 194 6.93
57 431 4.9
57 539 4.74
57 712 6.21
57 956 4.59
57 1031 4.73
57 1053 3.37
57 1136 2.43
57 1282 6.07
57 1543 6.11
57 1570 4.52
57 1694 6.52
57 1750 6.35
57 1779 6.18
57 1789 5.84
58 42 4.57
58 110 4.54
58 122 3.99
58 336 6.67
58 399 3.1
58 456 5.82
58 562 2.04
58 882 3.05
58 1130 0.78
58 1202 5.78
58 1358 4.9
58 1472 7.52
58 1568 5.62
58 1600 5.56
58 1708 6.26
59 18 5.69
59 106 3.82
59 282 5.4
59 865 7.61
59 966 4.07
59 1040 4.01
59 1082 6.1
59 1165 5.97
59 1252 3.34
59 1486 0.62
59 1571 7.99
59 1650 2.05
59 1693 8.53
59 1777 5.78
59 1782 5.84
60 285 2.06
60 316 2.23
60 375 0.91
60 384 2.61
60 630 5.22
60 708 3.87
60 738 9.89
60 1002 4.23
60 1032 4.36
60 1061 0.63
60 1558 3.71
60 1601 7.34
60 1616 7.14
60 1649 3.48
60 1663 6.7
61 250 4.08
61 251 5.58
61 494 5.85
61 614 4.15
61 756 6.38
61 949 5.66
61 1433 3.07
61 1471 6.89
61 1603 1.23
62 11 7.02
62 123 5.32
62 145 6.07
62 286 4.67
62 509 4.76
62 603 3.29
62 802 4.28
62 1142 1.54
62 1224 3.02
62 1320 8.09
62 1591 5.12
62 1731 5.32
63 26 5.88
63 28 5.28
63 43 2.73
63 55 7.41
63 66 1.97
63 114 6.72
63 281 4.06
63 656 3.84
63 745 1.79
63 1132 5.83
63 1152 5.46
63 1185 7.3
63 1239 4.92
63 1495 6.91
63 1551 2.98
64 201 5.64
64 337 8.24
64 441 4.51
64 516 6.08
64 638 3.25
64 696 5.59
64 705 6.01
64 743 5.37
64 759 6.63
64 1018 2.38
64 1029 6.16
64 1212 6.15
64 1356 6.18
64 1371 3.06
64 1373 2.79
65 339 7.43
65 502 5.35
65 548 7
65 595 6.82
65 654 5.16
65 827 4.88
65 905 2.22
65 1035 7.58
65 1051 3.07
65 1233 2.87
65 1317 4.18
65 1429 6.47
65 1460 4.94
65 1698 4.38
65 1774 2.17
66 42 5.18
66 133 4.64
66 176 5.37
66 419 6.57
66 462 5.43
66 657 5.11
66 729 3.38
66 813 5.71
66 1170 9.11
66 1783 5.12
67 5 7.25
67 278 3.43
67 374 4.93
67 809 1.83
67 1101 0.88
67 1144 7
67 1193 2.55
67 1208 5.62
67 1235 6.66
67 1379 5.7
67 1381 5.17
67 1586 8.45
67 1628 7.58
67 1691 7.89
67 1713 6.04
68 60 4.47
68 221 5.49
68 242 6.21
68 280 7.68
68 319 4.92
68 418 4.21
68 567 5.24
68 661 1.16
68 1086 3.7
68 1346 7.33
68 1421 8.33
68 1435 5.22
68 1442 3.33
68 1506 6.26
68 1636 1.54
69 27 3.09
69 106 3.78
69 310 4.25
69 545 7.25
69 553 4.86
69 768 4.71
69 809 2.05
69 982 2.12
69 1230 1.92
69 1407 6.37
69 1594 4.35
69 1671 8.38
70 78 8.39
70 336 7.16
70 351 2.86
70 445 10
70 453 3.89
70 490 5.21
70 526 4.61
70 636 5.23
70 755 7.61
70 760 5.35
70 836 5.18
70 908 3.94
70 1088 4.29
70 1106 6.69
70 1613 4.72
71 153 1.26
71 218 5.26
71 423 4.89
71 518 2.07
71 573 6.76
71 772 5.47
71 1129 4.97
71 1159 6.59
71 1199 2.39
71 1251 5.61
71 1253 6.08
71 1380 7.25
71 1447 7.93
71 1598 5.56
71 1716 4.69
72 4 4.14
72 101 0.6
72 459 5.22
72 728 4.64
72 804 2.86
72 955 5.94
72 996 3.28
72 1075 5.9
72 1215 2.17
72 1226 4.58
72 1324 6.36
72 1399 4.99
73 545 6.7
73 574 3.14
73 688 4.33
73 876 6.64
73 1090 4.97
73 1240 6.7
73 1276 0.94
73 1296 6.18
73 1357 5.09
73 1385 5.63
73 1391 3.28
73 1467 4.96
73 1471 6.39
73 1642 3.47
73 1732 1.73
74 6 4.24
74 237 5.94
74 240 4.14
74 248 4.16
74 461 3.22
74 511 5.94
74 624 7.94
74 798 7.61
74 1262 6.08
74 1402 5.15
74 1465 4.41
74 1688 5.01
74 1692 1.96
74 1702 5.69
74 1766 7.07
75 10 5.68
75 332 1.49
75 660 8.83
75 677 4.38
75 815 5.79
75 884 4.03
75 1026 5.3
75 1073 4.25
75 1294 2.84
75 1313 4.23
75 1413 0.55
75 1487 3.63
75 1513 5.89
75 1618 7.16
75 1780 4.7
76 173 6.12
76 1014 5.86
76 1149 2.49
76 1287 1.92
76 1326 5.72
76 1367 5.82
76 1386 6.37
76 1403 9.05
76 1426 4.2
76 1486 0.99
76 1550 6.32
76 1630 4.82
76 1725 3.07
77 12 5.64
77 257 9.09
77 274 3.43
77 886 6.02
77 969 6.56
77 996 3.18
77 1057 3.66
77 1077 4.1
77 1182 7.52
77 1259 5.85
77 1531 4.99
77 1689 4.18
78 53 6.92
78 225 4.37
78 377 6.97
78 703 1.85
78 847 5.75
78 943 2.07
78 1021 3.77
78 1148 3.74
78 1218 7.51
78 1373 2.42
78 1592 1.99
78 1612 8.69
78 1681 6.87
78 1798 6.9
79 276 8.6
79 467 5.25
79 600 7.31
79 667 5.87
79 718 4.54
79 729 4.15
79 1006 4.37
79 1142 1.83
79 1162 7.05
79 1191 6.27
79 1265 6.78
79 1614 7
79 1670 5.38
79 1746 3.51
80 35 7.42
80 144 7.2
80 164 2.59
80 288 5.48
80 321 5.1
80 425 4.65
80 721 4.77
80 747 2.14
80 767 2.25
80 1727 3.64
80 1760 7.08
80 1787 3.1
81 4 3.57
81 95 2.71
81 216 5.01
81 257 9.57
81 458 2.24
81 500 4.47
81 842 2.17
81 857 3.24
81 944 9.69
81 1061 1.28
81 1096 6.75
81 1147 4.78
81 1211 4.09
81 1457 5.11
81 1509 8.11
82 16 4.54
82 395 4.46
82 630 5.26
82 635 2.17
82 894 4.01
82 973 6.34
82 1119 4.75
82 1164 6.41
82 1502 6.3
82 1631 3.39
82 1666 6.28
83 15 4.87
83 59 3.47
83 263 6.63
83 442 2.59
83 714 7.02
83 797 6.16
83 860 4.3
83 1072 3.26
83 1094 4.32
83 1142 0.97
83 1150 4.41
83 1162 6.67
83 1167 5.89
83 1387 7.65
83 1669 4.99
84 44 2.54
84 335 4.77
84 355 3.98
84 560 3.06
84 783 5.85
84 928 3.78
84 933 6.14
84 1112 7.21
84 1179 0.75
84 1283 9.18
84 1288 6.47
84 1314 6.74
84 1383 6.52
84 1448 6.38
84 1608 9.49
85 20 5.33
85 134 6.2
85 166 5.55
85 184 5.55
85 260 1.59
85 488 4.46
85 538 2.66
85 612 8.85
85 736 6.5
85 840 4.77
85 939 3.63
85 1246 8.24
85 1498 3.94
85 1579 3.19
85 1771 6.01
86 132 2.19
86 159 6.34
86 368 8.62
86 402 5.85
86 504 2.84
86 648 0.89
86 819 6.48
86 993 4.52
86 1015 8.62
86 1117 7.96
86 1161 7.58
86 1348 6.19
86 1432 4.01
86 1476 6.45
86 1724 3.9
87 23 6.76
87 68 6.19
87 89 7.33
87 178 4.12
87 203 7.27
87 828 2.13
87 928 3.75
87 1049 3.32
87 1241 7.89
87 1485 4.19
87 1541 6.39
88 24 1.66
88 196 4.63
88 376 3.29
88 380 9.23
88 480 4.72
88 634 3
88 682 1.86
88 686 5.81
88 739 4.21
88 810 5.46
88 1254 2.28
88 1386 5.91
88 1449 3.43
88 1462 3.66
88 1653 4.33
89 13 6.73
89 202 6.92
89 225 3.96
89 257 9.07
89 409 6.27
89 523 5.13
89 675 2.18
89 731 6.22
89 946 7.3
89 1532 5.5
90 48 1.1
90 51 5.44
90 193 4.18
90 210 7.08
90 632 2.73
90 806 5.99
90 900 7.3
90 1036 9.01
90 1074 5.38
90 1089 8.74
90 1103 3.94
90 1287 1.72
90 1389 4.33
90 1540 5.19
90 1608 9.05
91 64 7.23
91 106 3.49
91 278 3.45
91 448 7.77
91 500 4.52
91 514 3.67
91 552 3.66
91 613 6.08
91 902 3.59
91 992 8
91 1147 4.78
91 1431 6.68
91 1564 7.01
91 1589 4.42
91 1710 5.72
92 94 4.53
92 169 4.26
92 186 3.72
92 446 2.73
92 447 4.99
92 552 3.48
92 645 6.58
92 788 2.27
92 876 6.94
92 941 5.32
92 1255 3.74
92 1302 2.49
92 1677 7.83
92 1726 5.79
93 69 7.26
93 97 3.78
93 192 8.34
93 432 3.64
93 542 3.71
93 592 2.84
93 644 6.51
93 699 7.03
93 812 4.41
93 844 5.64
93 950 1.23
93 1058 3.97
93 1439 1.3
93 1539 4.86
93 1658 1.06
94 170 6.24
94 350 9.28
94 506 8.69
94 547 6.34
94 628 5.08
94 673 1.5
94 723 4.44
94 920 6.93
94 1140 3.71
94 1224 3.69
94 1228 1.79
94 1329 3.02
94 1501 3.59
94 1676 3.4
94 1690 2.27
95 42 4.31
95 63 2.94
95 79 5.45
95 92 6.62
95 126 5.03
95 958 6.15
95 1148 4.43
95 1272 6.42
95 1412 6.82
95 1791 5.37
96 57 4.67
96 100 6.63
96 110 5.29
96 154 6.43
96 219 7.42
96 311 4.5
96 386 2.53
96 446 2.39
96 582 2.72
96 679 6.56
96 1028 1.88
96 1615 6.13
96 1664 2.4
96 1707 7.2
97 0 3.31
97 148 4.08
97 244 3.84
97 509 4.34
97 700 5.89
97 882 2.99
97 964 2.38
97 1157 4.02
97 1206 4.39
97 1227 6.99
97 1285 3.26
97 1324 5.87
97 1326 6
97 1410 4.17
97 1733 0.75
98 139 5.4
98 278 3.6
98 578 2.62
98 655 3.14
98 775 4.97
98 938 4.89
98 1379 5.43
98 1420 5.91
98 1617 4.48
98 1644 2.34
98 1666 6.38
98 1794 5.91
99 149 6.57
99 177 5.21
99 476 4.53
99 587 4.51
99 674 3.62
99 915 3.37
99 922 1.27
99 1144 6.5
99 1219 6.4
99 1275 3.82
99 1355 7.24
99 1463 7.84
99 1662 4.8
99 1799 5.49
100 73 5.09
100 155 8.81
100 223 6.27
100 293 4
100 503 5.67
100 731 6.35
100 899 3.51
100 953 4.61
100 1264 6.49
100 1286 4.54
100 1393 6.11
100 1459 5.12
101 110 4.91
101 590 8.73
101 652 5.99
101 833 4.7
101 864 7.27
101 867 4.87
101 875 5.26
101 911 1.19
101 1122 5.88
101 1428 4.65
101 1493 3.37
101 1520 6.39
101 1705 7.32
102 52 5
102 67 6.71
102 112 6
102 118 4.3
102 119 6.78
102 687 5.06
102 872 3.82
102 1180 6.16
102 1244 5.84
102 1323 2.43
102 1466 6.58
102 1469 6.21
102 1515 3.21
102 1707 7.8
102 1747 4.81
103 482 2.31
103 524 2.28
103 540 7.39
103 551 8.19
103 629 4.83
103 811 4.83
103 841 2.21
103 885 3.64
103 1005 2.47
103 1016 2.33
103 1110 6.52
103 1274 5.62
103 1278 3.93
103 1290 5.78
103 1338 1.59
104 42 4.95
104 273 1.85
104 387 4.31
104 444 3.56
104 479 4.19
104 527 3.32
104 719 4.51
104 822 4.21
104 886 6.15
104 926 6.79
104 1033 6.19
104 1048 6.46
104 1141 5.57
104 1318 3.89
104 1347 5.61
105 162 4.26
105 200 1.94
105 268 3.91
105 275 3.61
105 296 5.8
105 330 8.34
105 465 0.87
105 717 5.82
105 737 4.54
105 765 0.65
105 829 6.84
105 971 7.55
105 1305 7.2
105 1729 7.35
105 1743 1.75
106 132 2.77
106 171 2.33
106 449 2.69
106 751 2.22
106 928 4.62
106 934 7.2
106 1085 5.06
106 1197 4.41
106 1198 4.05
106 1245 7.03
106 1322 4.68
106 1504 5.02
106 1547 3.58
106 1666 5.62
106 1715 6
107 21 6.27
107 61 2.48
107 174 8.06
107 378 2.74
107 401 3.82
107 433 9.2
107 546 5.82
107 778 4.4
107 787 6.57
107 871 6.59
107 981 3.66
107 997 8.34
107 1034 6.5
107 1043 5.33
107 1205 2.56
108 116 4.04
108 168 4.76
108 173 5.78
108 191 7.09
108 481 3.46
108 621 6.55
108 834 8.66
108 996 2.53
108 1147 5.05
108 1271 4.54
108 1297 4.36
108 1378 6.08
108 1384 3.83
108 1728 2.99
108 1775 10
109 45 6.59
109 62 6.74
109 121 3.61
109 255 5.88
109 513 1.71
109 1019 5.93
109 1070 4.84
109 1079 4.41
109 1155 4.87
109 1303 4.33
109 1341 4.91
109 1347 5.64
109 1607 7.59
109 1721 3.06
109 1781 3.65
110 398 5.11
110 408 4.53
110 429 3.97
110 434 4.92
110 498 5.15
110 729 3.85
110 880 7.37
110 888 6.1
110 898 5.62
110 906 1.22
110 928 3.85
110 970 2.57
110 1115 6.56
110 1696 9.61
110 1768 9.17
111 83 6.42
111 289 3.52
111 302 2.46
111 371 0.75
111 421 6.79
111 457 5.6
111 711 7.43
111 877 4.18
111 980 4.52
111 1087 5.26
111 1097 2.93
111 1154 4.83
111 1545 5.36
111 1622 4.86
111 1701 3.74
112 25 6.97
112 198 5.45
112 217 5.89
112 310 4.25
112 422 5.68
112 438 4.14
112 484 5.57
112 713 5.04
112 945 6.23
112 1213 7.69
112 1234 1.01
112 1280 4.99
112 1321 6.7
112 1444 7.89
112 1737 9.03
113 127 8.64
113 180 9.16
113 383 8.69
113 427 7.24
113 529 6.4
113 563 1.43
113 588 1.17
113 602 5.8
113 881 4.12
113 1166 5.76
113 1335 4.48
113 1643 3.34
114 156 4.63
114 197 3.16
114 222 2.9
114 407 6.19
114 520 5.01
114 574 3.65
114 651 6.21
114 789 5.7
114 838 7.62
114 969 6.63
114 1057 3.18
114 1173 4.88
114 1178 2.65
114 1310 6.76
114 1584 5.17
115 31 7.34
115 111 5.05
115 338 4.16
115 521 3.21
115 576 3.94
115 692 2.66
115 749 6.31
115 862 7.65
115 961 5.19
115 1024 3.6
115 1258 2.94
115 1291 3.29
115 1395 7.72
115 1454 1.86
115 1763 4.66
116 42 4.58
116 799 5.81
116 828 1.62
116 831 7.85
116 850 6.39
116 935 7.8
116 1126 4.1
116 1336 3.11
116 1578 4.9
116 1606 3.49
116 1741 4.18
116 1758 4.56
117 40 3.54
117 115 6.8
117 233 4.29
117 309 4.59
117 342 3.39
117 691 2.4
117 901 6.59
117 943 1.56
117 1125 2.96
117 1204 9.8
117 1375 5.93
117 1433 2.84
117 1451 2
117 1508 4.95
117 1792 4.93
118 65 6.05
118 181 6.57
118 450 2.93
118 475 5.03
118 734 2.77
118 792 3.13
118 965 7.9
118 1249 5.94
118 1299 4.75
118 1304 7.37
118 1525 3.5
118 1559 6.45
118 1632 7.13
118 1640 3.02
118 1770 4.47
119 32 3.18
119 301 5.49
119 318 2.38
119 385 2.73
119 474 7.85
119 476 5.14
119 532 4.25
119 619 5.47
119 999 2.74
119 1281 5.26
119 1475 3.28
119 1524 4.48
120 7 9.67
120 253 7.09
120 454 7.3
120 579 3.74
120 650 2.41
120 761 7
120 852 8
120 929 3.28
120 1222 7.28
120 1284 5.7
120 1293 6.34
120 1527 5.68
120 1677 7.6
120 1685 6.01
120 1755 7.71
121 224 5.22
121 366 2.64
121 393 4.28
121 616 2.3
121 744 1.33
121 752 4.8
121 874 6.24
121 907 7.06
121 1118 1.56
121 1588 5.3
121 1756 3.39
121 1773 6.49
122 8 3.27
122 128 4.59
122 388 8.08
122 534 6
122 536 7.01
122 625 4.56
122 998 4.72
122 1017 6.97
122 1187 5.27
122 1223 7.15
122 1599 6.76
122 1610 8.33
122 1795 3
123 34 3.52
123 348 5.31
123 655 3.52
123 741 5.07
123 823 0
123 928 4.24
123 977 2.1
123 1148 4.27
123 1186 5.12
123 1430 0.56
123 1514 6.48
123 1569 5.43
123 1674 0.55
123 1762 4.39
124 195 5.22
124 213 3.45
124 243 6.7
124 589 6.28
124 680 9.45
124 742 5.31
124 962 4.75
124 1045 4.78
124 1113 3.02
124 1339 2.64
124 1500 3.9
124 1517 5.15
124 1563 5.7
124 1596 5.64
124 1712 4.7
125 56 6.77
125 405 5.61
125 483 4.85
125 731 6.09
125 971 7.45
125 975 7.48
125 1001 4.48
125 1041 7.21
125 1148 3.74
125 1171 6.16
125 1330 9.34
125 1392 6.5
125 1749 3.04
125 1785 5.58
126 30 2.83
126 500 4.96
126 504 3.09
126 637 5.14
126 740 5.21
126 771 4.55
126 899 3.54
126 1370 5.19
126 1491 7.31
126 1609 7.47
126 1625 5.46
127 88 8.25
127 104 1.9
127 165 4.29
127 204 0.1
127 404 6.48
127 924 3.53
127 989 7.66
127 1236 1.46
127 1326 6.49
127 1455 5.1
127 1519 5.67
127 1626 1.94
127 1639 4.48
127 1759 3.21
127 1784 2.64
128 163 1.26
128 252 4.44
128 452 6.57
128 564 8.13
128 601 7.69
128 642 2.38
128 748 6.04
128 770 3.55
128 1102 4.36
128 1139 6.21
128 1356 6.01
128 1512 5.1
128 1523 5.26
128 1529 4.47
128 1745 3.18
129 72 6.62
129 333 6.78
129 343 6.26
129 586 6.64
129 835 3.77
129 947 7.77
129 967 4.98
129 969 6.3
129 1063 7.65
129 1129 5.54
129 1217 0.72
129 1394 3.71
129 1571 8.32
130 46 5.62
130 77 6.15
130 220 3.69
130 370 8.16
130 585 5.01
130 784 5.04
130 817 6.17
130 940 4.67
130 943 1.83
130 1146 6.57
130 1292 2.45
130 1350 6.23
130 1379 5.42
130 1717 5.09
131 75 2.9
131 149 5.99
131 226 1.82
131 254 6.48
131 278 3.16
131 430 3.84
131 471 8.77
131 572 3.27
131 604 5.04
131 774 4.69
131 1091 4.87
131 1145 5.64
131 1210 2.18
131 1225 6.14
131 1440 5.53
132 172 4.95
132 597 3.54
132 689 8.03
132 985 4.32
132 1062 7.48
132 1143 4.49
132 1174 4.77
132 1261 3.61
132 1477 5.24
132 1682 7.15
132 1706 5.6
133 234 4.86
133 249 4.1
133 367 9.38
133 420 6.85
133 777 7.45
133 885 3.61
133 1010 4.89
133 1142 1.37
133 1277 6.12
133 1459 4.69
133 1522 4.31
133 1574 6.81
133 1591 5.09
133 1597 6.27
133 1707 7.21
134 138 8.25
134 307 4.14
134 347 4.69
134 413 4.33
134 720 3.88
134 727 3.55
134 1128 3.99
134 1266 8.22
134 1306 5.02
134 1580 6.58
134 1757 3.19
135 344 3.49
135 382 5.25
135 389 4.35
135 403 6.74
135 571 3.1
135 607 6.65
135 904 2.56
135 1052 0.74
135 1056 4.48
135 1121 3.82
135 1188 2.22
135 1405 2.37
135 1590 7.31
135 1633 3.38
135 1683 4.79
136 129 8.15
136 311 4.44
136 369 9.14
136 397 4.37
136 536 6.36
136 556 6.45
136 731 5.56
136 839 4.99
136 1114 3.85
136 1142 1.41
136 1319 1.81
136 1488 5.46
136 1566 6.31
136 1620 3.68
136 1765 2.89
137 216 4.44
137 231 1.72
137 317 5.62
137 463 3.54
137 926 7.63
137 1169 6.68
137 1209 4.72
137 1327 7.55
137 1359 4.64
137 1423 3.94
137 1445 5.82
137 1572 6.15
137 1655 2.29
137 1746 3.53
137 1752 1.95
138 128 4.88
138 256 7.97
138 522 6.47
138 541 7.67
138 568 6.03
138 649 4.44
138 776 3.82
138 883 8.34
138 946 7.25
138 988 6.43
138 1156 8.68
138 1203 6.05
138 1340 9.75
138 1368 5.42
138 1679 1.51
139 4 4.28
139 147 6.59
139 322 5.18
139 328 1.85
139 390 4.28
139 543 6.48
139 594 2.27
139 942 6.54
139 991 4.68
139 1099 5.59
139 1105 6.59
139 1177 7.65
139 1214 4.2
139 1406 5.39
139 1538 5.09
140 426 5.04
140 1009 3.22
140 1127 9
140 1141 5.68
140 1433 3.08
140 1434 4.84
140 1535 5.49
140 1563 5.86
140 1727 3.77
141 235 3.22
141 280 7.89
141 284 2.29
141 464 3.64
141 540 7.78
141 701 5.9
141 848 2.52
141 1061 1.35
141 1156 9.17
141 1244 5.25
141 1390 4.71
141 1482 7.31
141 1604 6.4
141 1621 5.77
141 1740 6.4
142 29 3.7
142 157 4.72
142 291 4.82
142 472 4.35
142 489 9.18
142 550 4.52
142 582 2.88
142 726 4.5
142 923 8.09
142 1055 4.08
142 1092 3.83
142 1417 5.11
142 1461 6.28
142 1565 3.3
142 1686 5.73
143 323 3.12
143 476 5.13
143 995 5.42
143 1133 5.18
143 1190 5.79
143 1247 4.2
143 1326 6.02
143 1328 9.13
143 1362 6.16
143 1427 6.6
143 1699 7.55
143 1700 6.17
143 1705 7.39
143 1734 4
144 205 6.36
144 311 4.54
144 486 8.57
144 683 4.27
144 710 5.56
144 793 6.51
144 954 4.56
144 957 4.87
144 1039 5.24
144 1123 6.54
144 1398 2.85
144 1496 7.38
144 1516 3.04
144 1638 6.21
144 1797 4.35
145 182 1.46
145 251 5.36
145 331 4.08
145 990 3.03
145 1059 7.04
145 1080 3.82
145 1248 6.32
145 1260 7.08
145 1270 6.06
145 1279 5.7
145 1576 4.64
145 1673 8.29
145 1684 2.11
145 1703 0.89
145 1751 2.75
146 91 2.67
146 102 2.07
146 139 5.71
146 343 6.19
146 530 5.2
146 531 5.42
146 591 7.48
146 684 0.22
146 791 2.46
146 916 5.96
146 1004 0.7
146 1131 2.16
146 1176 5.38
146 1325 4.35
146 1723 3.52
147 42 4.66
147 158 8.34
147 190 5.03
147 209 6.53
147 212 6.36
147 271 2.03
147 362 6.02
147 567 5.09
147 658 2.9
147 832 3.94
147 879 2.77
147 907 7.32
147 936 6.12
147 1377 1.26
147 1481 8.2
148 47 2.33
148 81 7.91
148 173 6.56
148 453 3.95
148 610 5.71
148 639 5.97
148 794 3.19
148 952 6.31
148 1012 6.92
148 1082 6.02
148 1471 6.99
148 1593 1.88
148 1623 7.41
148 1641 2.74
148 1660 3.65
149 216 5.14
149 295 7.99
149 354 3.36
149 492 4.16
149 536 6.86
149 758 5.64
149 804 3.25
149 818 5.64
149 876 7.01
149 886 6.29
149 1025 9.37
149 1195 3.34
149 1595 4.35
149 1769 7.34
