Seed: 1638173198
Researcher: 200
Papers: 2400
Edges: 2939
RDensity: 0.9
minScore: 0
maxScore: 10
maxResearcherForPaper: 7
maxPaperForResearcher: 15
ToAssign: 500
0 1 6.87
0 121 6.11
0 161 5.55
0 318 6.15
0 949 4.9
0 1051 5.84
0 1211 2.85
0 1405 3.48
0 1628 3.12
0 1669 6.71
0 1707 3.34
0 1834 7.4
0 2071 6.77
0 2310 3.83
0 2331 5.24
1 218 4.02
1 349 7.23
1 445 6.11
1 699 3.87
1 711 3.33
1 805 3.35
1 831 7.26
1 857 6.29
1 901 1.82
1 968 6.38
1 1116 7.54
1 1469 2.75
1 1540 4.49
1 1584 4.86
1 1625 6.98
2 92 3.45
2 193 5.29
2 214 5.67
2 498 5.98
2 817 4.74
2 1032 2.18
2 1149 3.79
2 1297 5.91
2 1346 4.86
2 1580 9.36
2 1783 3.72
2 1928 6
2 1935 6.3
2 2035 4.68
2 2084 6.58
3 73 2.36
3 151 3.86
3 248 4.9
3 721 1.87
3 810 3.55
3 1204 6.85
3 1238 2.89
3 1372 7.01
3 1396 4.17
3 1611 3.9
3 1815 7.99
3 1918 4.16
3 1924 4.61
3 1973 5.05
3 2006 4.56
4 9 6.59
4 56 8.77
4 115 5.18
4 166 6.89
4 222 3.23
4 240 1.47
4 286 1.19
4 394 3.24
4 733 5.82
4 783 3.71
4 1206 3.14
4 1268 7.29
4 1476 5.11
4 2100 5.35
4 2285 4.37
5 304 1.41
5 778 7.05
5 851 7.47
5 942 2.73
5 993 3.98
5 994 1.61
5 1155 6.05
5 1234 3
5 1303 5.82
5 1398 4.17
5 1476 4.88
5 1748 5.88
5 1809 7.69
5 1974 5.01
5 1987 5.44
6 3 2.98
6 162 1.73
6 306 2.98
6 742 5.41
6 826 4.97
6 986 3.06
6 1037 8.61
6 1154 8.14
6 1292 2.5
6 1607 3.63
6 1741 9.09
6 1805 9.02
6 1964 2.62
6 2015 5.57
6 2017 8.23
7 22 9.84
7 282 5.13
7 476 6.97
7 489 4.8
7 544 7.16
7 648 5.17
7 762 4.56
7 780 3.08
7 917 8.15
7 1026 7.27
7 1232 8.33
7 1591 7.3
7 1798 6.68
7 2154 2.32
7 2269 7.1
8 54 3.14
8 163 7.82
8 636 4.64
8 731 4.65
8 861 6.05
8 947 6.26
8 1044 4.71
8 1285 7.52
8 1316 4.71
8 1348 6.21
8 1451 1.19
8 1542 4.43
8 1803 1.12
8 2072 9.29
8 2360 4.44
9 83 5.74
9 288 4.69
9 458 3.01
9 844 1.35
9 858 4.05
9 1050 4.91
9 1218 3.97
9 1264 4.36
9 1301 6.34
9 1330 4.9
9 1483 8.25
9 1578 6.29
9 1625 6.85
9 1923 2.28
9 2228 5.05
10 43 6.35
10 86 5.17
10 221 2.46
10 294 1.08
10 305 7.4
10 500 4.16
10 975 5.69
10 1088 4.5
10 1458 6.24
10 1575 3.1
10 1654 2.3
10 1880 5.4
10 2021 4.13
10 2327 3.8
10 2344 5.02
11 80 5.49
11 159 4.03
11 387 2.57
11 957 3.55
11 1295 8.28
11 1407 1.84
11 1586 3.85
11 1659 4.07
11 1822 6.88
11 1948 6.32
11 1990 2.49
11 1995 8.6
11 2256 8.85
11 2375 2.15
12 41 7.24
12 181 9.11
12 290 9.84
12 291 5.97
12 446 4.43
12 520 5.33
12 700 3.32
12 956 6.41
12 992 6.61
12 1318 7.51
12 1509 5.9
12 1797 7.49
12 1868 2.92
12 1892 3.97
12 1999 7.93
13 81 4.89
13 464 8.95
13 485 9.14
13 529 5.24
13 590 5.58
13 713 7.08
13 1065 4.93
13 1118 5.3
13 1253 3.74
13 1437 8.17
13 1481 5.14
13 1651 5.27
13 1740 8.15
13 2162 5.39
13 2175 3.83
14 40 4.29
14 612 6.55
14 695 5.06
14 718 1.98
14 820 6.25
14 900 0.35
14 1013 4.06
14 1096 3.46
14 1567 6.11
14 1733 7.19
14 1804 0.78
14 1847 6.59
14 1886 5.96
14 2119 6.79
14 2399 2.51
15 72 3.99
15 137 7.76
15 319 6.09
15 326 7.61
15 393 5.68
15 727 2.45
15 912 9.13
15 1175 6.24
15 1447 5.96
15 1664 1.56
15 1889 3.18
15 1946 8.18
15 1971 3.66
15 2278 8.75
16 333 6.27
16 616 8.13
16 652 3.27
16 777 5.32
16 905 3.69
16 1144 4.61
16 1363 3.39
16 1643 6.19
16 1648 6.73
16 1813 3.28
16 1979 4.35
16 2049 3.26
16 2164 5.16
16 2187 1.43
16 2378 4.72
17 75 4.7
17 117 4.32
17 253 7.37
17 543 7.08
17 746 3.8
17 1106 1.12
17 1198 3.82
17 1373 5.19
17 1381 4.66
17 1445 3.32
17 1652 9.66
17 1814 2.97
17 2000 7.73
17 2163 2.75
17 2299 6.42
18 2 2.86
18 301 5.26
18 602 4.15
18 635 4.62
18 665 5.01
18 763 5.47
18 810 3.96
18 877 7.02
18 1440 6.93
18 1461 6.2
18 1502 5.8
18 1824 1.24
18 2310 3.58
18 2311 4.95
18 2342 6.04
19 11 7.25
19 135 2.49
19 417 2.62
19 595 2.78
19 657 5.57
19 1028 2.35
19 1071 6.27
19 1310 5.64
19 1613 4.52
19 1898 5.13
19 1910 6.6
19 1930 6
19 1992 6.47
19 2010 4.32
19 2257 4.46
20 271 7.47
20 618 5.64
20 645 5.12
20 908 7.37
20 957 3.71
20 981 5.98
20 982 6.83
20 1055 8.07
20 1102 5.44
20 1229 9.87
20 1269 5.22
20 1315 4.77
20 1423 4.29
20 1730 1.47
20 2189 4.54
21 39 3.04
21 116 4.94
21 209 7.03
21 305 6.92
21 405 2.63
21 440 7.96
21 484 3.73
21 660 9.31
21 668 7.73
21 713 7.04
21 950 4.57
21 1382 4.2
21 1499 9.39
21 1605 6.94
21 1844 5.1
22 247 6.38
22 398 2.9
22 449 4.16
22 477 4.9
22 724 5
22 1046 3.44
22 1679 2.81
22 1806 6.14
22 1960 5.36
22 1962 5.87
22 2012 3.31
22 2304 5.4
23 35 6.95
23 97 3.86
23 329 4.24
23 398 2.44
23 404 5.25
23 424 4.67
23 471 7.28
23 702 7.54
23 987 5.01
23 998 5.34
23 1416 10
23 1475 6.85
23 1665 6.14
23 2150 6.72
23 2272 5.65
24 7 2.9
24 14 6.94
24 122 1.81
24 269 6.88
24 283 3.64
24 685 5.69
24 932 4.77
24 960 2.24
24 1134 4.43
24 1196 6.24
24 1250 3.44
24 1475 7.3
24 1850 4.73
24 1963 3.08
24 2268 6.85
25 167 6.52
25 180 2.76
25 236 5.29
25 315 4.58
25 327 3.82
25 842 3.98
25 881 2.54
25 1007 1.58
25 1151 8.29
25 1361 5.3
25 1876 7.03
25 2026 2.78
25 2157 4.03
25 2191 6.34
25 2347 5.59
26 58 5.08
26 475 3.93
26 1163 5.14
26 1423 4.52
26 1436 7.5
26 1455 3.2
26 1638 7.9
26 1657 6.1
26 1683 2.73
26 1710 4.84
26 1818 5.67
26 1898 5.01
26 2022 5.97
26 2174 7.19
26 2363 2.36
27 141 1.94
27 157 8.11
27 279 6.4
27 427 3.74
27 481 3.59
27 657 5.71
27 731 4.48
27 1058 4.53
27 1090 2.94
27 1296 2.79
27 1737 4.74
27 1813 3.67
28 130 5.25
28 168 5.37
28 324 5.85
28 331 5.62
28 714 4.15
28 1012 4.59
28 1092 6.14
28 1189 1.93
28 1292 2.54
28 1413 3.91
28 1532 6.73
28 1646 4.91
28 1731 7.64
28 2056 2.45
28 2110 2.87
29 238 5.76
29 643 5.21
29 670 6.59
29 772 4.25
29 875 5.3
29 1179 2.99
29 1244 5.28
29 1480 2.73
29 1527 4.28
29 1570 3.55
29 1865 3.84
29 2151 4.72
29 2155 8.88
29 2261 7.25
29 2382 5.92
30 80 4.62
30 270 5.66
30 352 4.92
30 651 7.59
30 683 2.22
30 741 4.57
30 995 5.15
30 1035 3.62
30 1230 3.15
30 1248 1.04
30 1401 2.61
30 1520 6.09
30 1682 4.11
30 1989 4.07
30 2060 7.33
31 81 4.51
31 131 4.61
31 314 4.87
31 348 6.58
31 481 3.96
31 533 1.68
31 604 3.45
31 1010 3.07
31 1366 4.33
31 1671 7.77
31 1851 7.32
31 2092 5.48
31 2166 5.73
31 2299 6.88
31 2313 2.97
32 261 6.1
32 468 7.03
32 766 3.58
32 862 3.48
32 1042 6.87
32 1069 7.02
32 1528 2.75
32 1696 6.12
32 1715 5.58
32 1892 4.43
32 1950 2.17
32 2032 4.44
32 2280 5.55
32 2301 3.02
32 2307 6.2
33 366 4.32
33 508 0.35
33 717 4.44
33 747 2.36
33 802 4.48
33 1027 5.37
33 1082 5.15
33 1109 6.11
33 1349 7.46
33 1775 5.4
33 1843 3.29
33 1922 5.63
33 2108 4.34
33 2116 4.2
33 2263 0.24
34 48 5.38
34 132 1.37
34 222 3.89
34 409 5.64
34 564 5.06
34 693 3.74
34 725 2.65
34 726 4.7
34 809 3.4
34 1356 6.65
34 1566 8.4
34 1750 5.24
34 1848 1.75
34 2149 5.92
34 2305 2.67
35 66 4.82
35 240 1.33
35 561 1.94
35 573 5.04
35 624 5.6
35 764 2.77
35 957 3.62
35 1389 5.15
35 1427 5.13
35 1559 8.64
35 1593 5.48
35 1788 2.47
35 1976 2.4
35 2040 6.42
35 2094 3.85
36 60 4.23
36 175 7.17
36 590 5.51
36 769 7.5
36 783 4.28
36 1251 8.25
36 1263 3.96
36 1390 5.41
36 1606 3.9
36 1649 5.05
36 1973 4.86
36 2128 7.84
36 2181 6.39
36 2237 7.63
36 2295 5.84
37 221 3.21
37 299 7.85
37 334 6.25
37 758 4.76
37 794 6.35
37 876 3.69
37 973 1.67
37 1004 7.1
37 1059 2.78
37 1317 7.4
37 1466 4.22
37 1572 5.16
37 1613 3.76
37 1854 0.65
37 2345 4.61
38 36 5.81
38 68 6.98
38 200 6.35
38 541 7.89
38 580 6.79
38 1421 7.95
38 1472 1.78
38 1637 7.87
38 1883 6.13
38 1945 4.5
38 2141 6.07
38 2149 6.31
38 2184 2.26
38 2186 5.45
38 2231 6.05
39 95 5.12
39 213 5.79
39 316 5
39 360 3.87
39 545 6.34
39 649 1.61
39 1084 4.94
39 1113 8.11
39 1241 4.93
39 1284 6.01
39 1855 8.13
39 2051 6.09
39 2143 8.62
39 2165 8.21
39 2395 4.94
40 17 5.85
40 84 6.52
40 218 3.96
40 528 5.26
40 646 4.67
40 929 1.75
40 987 5.63
40 1001 6.35
40 1045 3.71
40 1257 6.55
40 1404 5.43
40 1573 7.6
40 1790 5.88
40 2067 6.79
40 2362 3.01
41 106 8.31
41 206 4.06
41 404 6.07
41 614 3.9
41 623 6.24
41 728 1.93
41 751 5.45
41 804 5.93
41 808 4.13
41 1114 6.87
41 1243 5.4
41 1289 2.4
41 1291 2.99
41 1407 1.79
41 1753 4.19
42 583 3.39
42 1157 3.64
42 1283 5.04
42 1463 1.52
42 1494 6.99
42 1735 3.39
42 1841 4.28
42 1947 3.77
42 2066 0.56
42 2136 6.75
42 2183 4.18
42 2211 5.93
42 2312 4.16
42 2329 4.52
42 2386 2.31
43 220 4.39
43 259 4.14
43 356 7.28
43 372 4.78
43 453 6.3
43 691 4.2
43 987 5.05
43 1168 4.34
43 1194 4.33
43 1432 5.09
43 1554 5.69
43 1761 8.99
43 2019 4.7
43 2194 6.03
43 2330 7.58
44 199 4.55
44 285 4.96
44 459 6.43
44 913 4.03
44 924 4.04
44 981 5.52
44 1360 6.35
44 1392 3.92
44 1595 6.73
44 1617 2.24
44 1704 4.86
44 1846 4.73
44 1876 6.65
44 2303 5.68
44 2332 5.78
45 53 4.94
45 480 5.29
45 671 2.67
45 744 2.83
45 939 4.16
45 1048 6.66
45 1131 7.17
45 1170 8.7
45 1203 3.44
45 1375 1.29
45 1431 3.8
45 1487 1.77
45 1610 6.23
45 1692 3.58
45 1721 7.44
46 12 2.37
46 38 2.76
46 158 8.52
46 177 4.85
46 397 4.14
46 469 6.46
46 678 0.89
46 736 7.92
46 794 5.93
46 976 6.86
46 1329 4.55
46 1392 4.33
46 1537 5.63
46 1612 6.86
46 2387 8.38
47 322 7.51
47 460 2.73
47 503 4.15
47 551 2.25
47 859 6.73
47 1003 4.72
47 1286 0.55
47 1313 6.01
47 1362 8.25
47 1680 3.61
47 1864 7.4
47 1901 7.16
47 2101 3.44
47 2104 2.63
47 2173 6.92
48 392 4.89
48 407 7.66
48 411 5.2
48 443 8.29
48 560 0.52
48 851 7.34
48 1098 3.86
48 1382 4.21
48 1675 5.98
48 1755 4.37
48 1791 3.57
48 2146 9.66
48 2175 4.2
48 2253 4.76
49 371 5.76
49 535 4.23
49 586 6.73
49 603 5.12
49 719 5.6
49 765 7.37
49 823 6.08
49 907 4.16
49 930 0
49 1251 7.53
49 1350 4.01
49 1433 3.88
49 1647 3.52
49 2131 4.72
49 2361 5.88
50 4 6.66
50 195 6.26
50 367 5.79
50 439 2.36
50 654 5.89
50 993 3.84
50 1117 4.37
50 1334 4.43
50 1716 5.28
50 1813 3.01
50 1830 4.95
50 1904 3.07
50 2193 4.48
50 2255 6.93
50 2287 3.74
51 45 5
51 183 6.85
51 249 4.12
51 467 5.26
51 511 4.34
51 641 5.22
51 647 4.99
51 723 7.86
51 740 4.75
51 817 4.76
51 884 3.86
51 1553 5.98
51 1722 6.99
51 1912 7.11
51 2215 3.19
52 100 4.44
52 148 4.14
52 176 4.49
52 303 5.79
52 506 2.13
52 686 1.14
52 769 7.49
52 1070 2.88
52 1182 8.13
52 1319 2.98
52 1320 5.21
52 1640 2.78
52 1694 6.52
52 1734 1.16
52 2030 6.24
53 8 4.48
53 59 7.72
53 187 2.48
53 467 5.37
53 729 8.28
53 879 6.56
53 1144 4.99
53 1224 4
53 1270 4.98
53 1456 5.95
53 1726 6.51
53 1736 5.8
53 1981 3.5
53 2132 7.05
53 2254 6.45
54 138 3.05
54 244 5.01
54 311 4.6
54 493 2
54 617 5.8
54 705 5.16
54 1085 2.11
54 1294 4.29
54 1454 2.42
54 1462 3.59
54 1521 4.75
54 1658 8.43
54 1842 4.33
54 2034 1.64
54 2070 3.31
55 72 4.27
55 188 4.78
55 626 7.93
55 862 3.75
55 1017 6.09
55 1299 4.79
55 1343 7.06
55 1415 4.84
55 1424 6.8
55 1983 6.51
55 2079 2.41
55 2156 5.26
55 2201 5.93
55 2270 2.37
55 2372 6.63
56 169 4.1
56 178 7.44
56 579 3.35
56 653 4.53
56 743 2.94
56 813 4.6
56 838 5.29
56 943 8.8
56 1039 4.31
56 1300 3.58
56 1794 2.26
56 1959 4.84
56 2175 4.36
56 2207 6.44
56 2288 5.58
57 139 1.93
57 408 5.77
57 410 2.47
57 513 7.71
57 657 5.68
57 1097 4.94
57 1237 4.77
57 1498 3.52
57 1526 3.3
57 1585 4.93
57 1719 1.01
57 1786 8.56
57 2004 9.36
57 2245 0.34
57 2348 5.2
58 215 7.79
58 403 6.8
58 539 5.42
58 749 7.34
58 966 3.55
58 1095 4.72
58 1367 3.15
58 1368 9.12
58 1414 2.33
58 1941 6.78
58 2078 5.15
58 2113 4.75
58 2189 4.3
58 2252 9.09
58 2330 7.74
59 62 5.38
59 205 1.26
59 615 5.41
59 738 5.4
59 857 5.83
59 1101 3.94
59 1200 2.57
59 1341 5.78
59 1423 4.55
59 1446 7.48
59 1522 1.21
59 1701 3.33
59 2146 9.96
59 2177 3.6
59 2205 5.1
60 16 4.43
60 229 4.22
60 327 3.79
60 382 6.03
60 587 6.21
60 1059 3.05
60 1162 2.83
60 1223 6.82
60 1276 6.58
60 1381 5.02
60 1393 9.83
60 1400 3.28
60 1438 3.63
60 1913 5.44
60 2379 3.97
61 334 6.76
61 510 4.36
61 734 6.15
61 948 3.22
61 1013 4.36
61 1175 6.21
61 1287 5.3
61 1542 4.25
61 1709 3.51
61 1923 1.53
61 2012 3.29
61 2114 1.9
61 2238 0.93
61 2339 3.44
62 450 3.97
62 467 4.55
62 522 5.44
62 609 5.19
62 842 3.64
62 892 3.36
62 1036 3.82
62 1112 6.01
62 1194 3.88
62 1326 5.33
62 1560 6.44
62 1602 1.16
62 1668 4.57
62 1970 6.55
62 2229 7.3
63 124 5.05
63 538 3.06
63 558 3.62
63 857 6.33
63 972 2.88
63 1042 6.15
63 1347 2.19
63 1365 4.24
63 1742 7.85
63 1848 1.84
63 1873 4.14
63 1896 7.51
63 2099 3.11
63 2164 5.21
63 2188 8.24
64 250 4.09
64 332 6.66
64 478 3.02
64 502 2.24
64 571 5.2
64 581 2.07
64 659 7.55
64 925 2.13
64 937 4.51
64 1077 6.3
64 1236 3.54
64 1378 3.31
64 1746 4.63
64 2016 4.19
64 2364 6.1
65 70 4.4
65 136 7.68
65 273 5.48
65 350 6.45
65 358 2.15
65 401 4.62
65 557 5.54
65 833 2.92
65 860 3.17
65 996 4.72
65 1275 8.32
65 1394 3.85
65 1869 3.83
65 2093 1.96
65 2206 4.15
66 286 2.06
66 535 3.9
66 558 3.91
66 644 2.55
66 1109 6.1
66 1124 6.27
66 1144 5.14
66 1470 0.87
66 1612 6.32
66 1613 4.36
66 1653 4.94
66 1937 6.29
66 1998 7.94
66 2044 1.18
66 2153 5.67
67 423 2.12
67 519 3.85
67 570 3.37
67 760 1.78
67 783 4.53
67 985 5.51
67 1090 3.07
67 1137 3.8
67 1161 6
67 1233 2.92
67 1259 5.07
67 1687 6.88
67 1759 7.3
67 2089 4.58
67 2387 8.42
68 237 8.98
68 279 6.85
68 454 1.39
68 870 3.91
68 963 4.11
68 1208 4.83
68 1336 7.28
68 1417 0.37
68 1441 4.41
68 1506 0.16
68 1807 7.94
68 1908 4.21
68 1982 3.58
68 2016 3.98
68 2239 6.1
69 299 8.33
69 486 7.49
69 959 2.92
69 1008 2.36
69 1172 7.31
69 1193 6.23
69 1195 5.82
69 1589 3.35
69 1614 8.27
69 1629 6.28
69 1714 4.54
69 1915 7.58
69 2171 4.28
69 2317 3.39
69 2389 3.09
70 90 3.93
70 133 4.34
70 212 1.83
70 309 8.73
70 535 4.1
70 563 3.21
70 1180 4.25
70 1246 7.02
70 1503 7.1
70 1641 1.91
70 1817 3.89
70 1839 3.03
70 2073 6.93
70 2163 3.08
70 2398 4.27
71 345 4.9
71 840 3.54
71 954 8.11
71 1146 3.7
71 1148 3.56
71 1262 0.94
71 1488 4.62
71 1490 6.76
71 1677 7.09
71 1800 8.3
71 1957 2.41
71 2005 6.54
71 2059 5.59
71 2117 6.3
71 2397 3.36
72 256 7.03
72 291 5.69
72 398 2.78
72 891 4.34
72 911 6.06
72 1683 2.96
72 1684 3.35
72 1859 4.95
72 1894 6.6
72 2183 4.14
73 206 3.93
73 275 9.19
73 444 4.23
73 503 3.49
73 555 3.96
73 580 6.53
73 662 8.56
73 1279 8.4
73 1511 4.27
73 1599 3.61
73 1780 5.36
73 1891 9.5
73 2081 5.88
73 2143 8.26
73 2219 6.65
74 232 5.5
74 338 5.29
74 503 3.82
74 556 2.23
74 799 5.09
74 872 2.5
74 1094 4.02
74 1215 8.35
74 1322 4.11
74 1323 7.35
74 1489 5.59
74 1787 1.62
74 2037 4.88
74 2135 5.53
74 2255 6.82
75 34 5.08
75 57 5.08
75 204 6.15
75 418 3.38
75 462 7.56
75 509 7.41
75 515 3.64
75 709 3.96
75 1041 7.34
75 1434 6.79
75 1445 3.33
75 1675 6.1
75 1828 5.14
75 1954 4.5
75 2081 6.57
76 184 5.37
76 201 5.19
76 210 6.85
76 848 3.23
76 855 1.58
76 1023 5.53
76 1235 2.53
76 1272 6.22
76 1570 3.33
76 1592 3.86
76 1826 4.7
76 1848 1.79
76 1858 5.06
76 2169 2.22
76 2241 2.43
77 81 4.22
77 298 6.72
77 676 5.55
77 731 4.22
77 990 7.55
77 1067 2.39
77 1079 3.82
77 1325 6.84
77 1388 2.33
77 1413 3.87
77 1726 6.1
77 1874 4.82
77 1985 7.9
77 1989 3.9
77 2269 6.36
78 140 2.42
78 664 4.76
78 698 6.79
78 868 2.91
78 977 6.86
78 1021 4.02
78 1423 4.59
78 1619 5.65
78 1745 4.33
78 2030 6.11
78 2062 6.96
78 2277 5.35
78 2299 6.7
78 2387 8.33
79 40 4.08
79 373 7.59
79 590 5.84
79 916 4.41
79 999 7.14
79 1047 4.1
79 1124 6.16
79 1708 5.11
79 1856 5.05
79 2097 7.01
79 2213 4.72
79 2300 9.48
80 69 4.02
80 174 4.42
80 496 7.57
80 915 6.5
80 1071 5.72
80 1153 4.73
80 1205 7.04
80 1312 5.89
80 1331 7.09
80 1374 6
80 1956 3.95
80 2041 4.67
80 2223 3.72
80 2273 8.39
80 2341 1.31
81 257 4.9
81 286 1.69
81 664 4.99
81 748 6.88
81 841 5.84
81 983 4.89
81 1273 0.88
81 1314 4.93
81 1438 3.24
81 1570 3.68
81 1796 2.26
81 1993 5.77
81 2192 4.5
81 2385 4.82
82 134 4.37
82 422 4.4
82 627 3.63
82 794 6.2
82 832 3.72
82 933 6.02
82 967 2.72
82 1040 4.46
82 1655 6.03
82 1931 3.2
82 2267 8.17
82 2320 4.33
82 2330 7.58
82 2343 3.36
82 2373 8.39
83 567 6.9
83 692 8.52
83 1042 6.9
83 1304 6.1
83 1706 5.65
83 1833 5.24
83 1853 5.4
83 1903 2.41
83 1989 4.39
83 2142 2.41
83 2182 2.22
83 2185 4.76
83 2247 8.8
83 2309 5.51
83 2399 2.77
84 49 4.88
84 51 4.08
84 137 7.9
84 392 5.26
84 800 3.88
84 915 6.35
84 1353 7.92
84 1429 9.04
84 1464 8.44
84 1789 6.03
84 1888 8.1
84 1908 4.31
84 1940 4.94
84 1989 3.43
84 2341 1.24
85 123 5.19
85 328 3.22
85 363 4.46
85 437 5.9
85 526 9.21
85 888 9.33
85 889 3.62
85 1014 7.06
85 1242 8.88
85 1358 6.55
85 1773 5.58
85 1820 4.72
85 1872 3.35
85 1959 4.13
86 343 2.78
86 435 1.72
86 724 4.75
86 843 6.86
86 1091 1.92
86 1217 0.74
86 1293 6.22
86 1550 4.62
86 1626 6.35
86 1899 2.63
86 1906 4.91
86 2017 8.57
86 2226 3.25
86 2293 3.18
86 2370 0.9
87 127 4.86
87 219 2.15
87 656 6.32
87 818 7.02
87 866 5.01
87 1053 6.4
87 1194 3.76
87 1245 7
87 1257 6.3
87 1939 4.84
87 1945 4.66
87 2096 1.04
87 2284 6.82
87 2357 5.34
88 165 8.17
88 263 4.37
88 452 4.81
88 461 2.56
88 677 6.18
88 708 7.07
88 740 5.04
88 768 2.06
88 931 6.41
88 1024 5.33
88 1164 6.84
88 1240 4.56
88 1298 3.22
88 1933 6.04
88 2043 5.48
89 341 4.34
89 731 4.13
89 774 7.87
89 839 4.03
89 858 4.63
89 1127 1.28
89 1476 4.86
89 1512 2
89 1622 5.81
89 1932 5.86
89 2289 5.09
89 2335 1.93
90 206 3.16
90 299 8.41
90 413 4.75
90 592 5.11
90 782 8.84
90 867 5.9
90 882 4.54
90 1144 4.99
90 1156 3.21
90 1693 1.51
90 1714 5.13
90 2170 8.4
90 2204 6.41
90 2246 7.32
90 2384 6.61
91 31 4.66
91 171 3.91
91 633 8.61
91 719 5.5
91 852 3.73
91 922 7.66
91 1076 7.35
91 1265 2.71
91 1339 2.47
91 1476 4.57
91 1624 0.67
91 1645 7.25
91 1711 9.11
91 1893 9.51
91 1977 4.76
92 395 8.09
92 457 3.03
92 578 4.51
92 663 3.14
92 695 4.75
92 823 5.67
92 918 5.56
92 1407 2.26
92 1604 4.36
92 1623 7.67
92 1810 2.69
92 2174 7.7
92 2175 4.19
92 2265 6.17
92 2295 5.95
93 105 3.51
93 236 5.36
93 488 3.48
93 501 4.95
93 752 3.72
93 1006 5.15
93 1073 5.65
93 1128 6.77
93 1288 2.75
93 1524 3.13
93 1747 3.81
93 1884 3.81
93 2028 4.46
93 2069 1.59
93 2292 6.75
94 293 3.72
94 559 7.65
94 598 2.14
94 847 4.32
94 957 3.1
94 1473 1.8
94 1557 1.66
94 1561 7.78
94 1695 7.28
94 1717 2.42
94 1729 8.11
94 1958 6.03
94 2172 3.83
94 2371 4.72
94 2399 2.53
95 0 3.64
95 325 5.33
95 380 3.08
95 636 4.1
95 801 6.32
95 1287 5.22
95 1794 1.83
95 1949 4.12
95 2031 4.03
95 2243 4.86
95 2294 6.99
95 2387 8.45
96 71 5.51
96 74 2.68
96 82 3.99
96 335 6.6
96 388 3.67
96 402 7.94
96 554 5.25
96 1054 3.58
96 1142 6.01
96 1453 4.24
96 1546 5.41
96 2248 7.15
96 2291 8.59
96 2302 7.02
96 2392 7.38
97 538 3.24
97 887 5.17
97 1038 7.7
97 1184 6.65
97 1430 4.84
97 1495 5.2
97 1632 4.04
97 1838 3.51
97 1878 3.3
97 1966 1.81
97 2080 1.64
97 2282 3.97
97 2316 3.87
97 2326 6.31
97 2334 4.87
98 44 5.64
98 93 5.13
98 98 3.43
98 211 7.48
98 390 5.59
98 479 3.73
98 1121 5.29
98 1225 4.46
98 1423 4.07
98 1437 8.98
98 1829 0.91
98 1835 3.26
98 2120 4.27
98 2197 7.13
98 2207 6.63
99 233 2.31
99 346 6.14
99 771 5.73
99 783 4.56
99 837 5.52
99 1178 5.98
99 1345 7.15
99 1491 5.82
99 1514 4.23
99 1544 6.04
99 1548 4.83
99 1724 7.44
99 2072 8.52
99 2318 5.98
99 2354 7.09
100 40 3.94
100 89 4.33
100 233 2.53
100 310 6.63
100 458 2.96
100 510 4.14
100 624 5.55
100 664 4.49
100 669 6.15
100 1060 3.98
100 1138 4.88
100 1251 7.37
100 1269 5.57
100 1885 6.84
100 2046 4.45
101 24 3.22
101 287 1.43
101 550 4.4
101 650 2.84
101 1125 8.42
101 1159 2.99
101 1175 6.01
101 1177 5.99
101 1185 6.27
101 1352 3.6
101 1404 5.74
101 1428 1.14
101 1634 4.63
101 1766 6.54
101 2185 5.16
102 85 6.1
102 129 4.69
102 342 4.49
102 386 3
102 443 8.32
102 823 5.32
102 987 4.95
102 1254 5.39
102 1686 4
102 1771 1.98
102 1837 4.11
102 2018 1.85
102 2057 3.45
102 2175 4.31
102 2220 1.23
103 15 4.89
103 21 5.83
103 222 3.05
103 385 5.33
103 455 2.37
103 640 4.68
103 1477 5.95
103 1569 7.31
103 1670 3.66
103 1672 4.59
103 1907 4.42
103 1968 5.18
103 2290 3.04
103 2334 5.13
103 2349 2.75
104 27 1.2
104 94 3.13
104 144 4.17
104 184 5.63
104 394 2.86
104 491 5.88
104 629 4.96
104 1210 3.45
104 1332 9.34
104 1444 2.74
104 1631 6.8
104 1739 7.47
104 2091 3.7
105 149 3.91
105 474 6.34
105 529 5.13
105 546 4.18
105 590 6.19
105 591 1.42
105 938 4.75
105 965 4.92
105 1052 7.13
105 1154 8.19
105 1170 7.88
105 1379 6.23
105 1384 3.33
105 1476 4.59
105 1538 3.31
106 87 5.82
106 218 3.84
106 244 5.09
106 253 7.08
106 267 6.02
106 280 5.17
106 575 2.3
106 787 5.05
106 830 3.85
106 1157 3.72
106 1635 3.08
106 1702 2.75
106 2221 5.22
106 2316 2.98
107 357 5.05
107 447 3.85
107 448 4.24
107 455 2.44
107 504 5.83
107 512 2.89
107 756 4.89
107 792 4.05
107 1221 6.2
107 1479 4.25
107 1582 2.26
107 1757 5.64
107 1914 5.37
107 2315 4.63
107 2396 1.33
108 150 5.73
108 456 7.46
108 729 7.62
108 836 1.64
108 869 3.81
108 1020 8.38
108 1093 6.15
108 1321 6
108 1627 6.42
108 1732 1.3
108 1799 5.53
108 2095 7.13
108 2311 4.46
108 2353 4.42
108 2374 2.73
109 566 6.46
109 824 5.43
109 909 0.16
109 1002 6.04
109 1127 1.52
109 1450 7.2
109 1478 2.17
109 1516 4.35
109 1555 5.59
109 1850 5.48
109 1862 5.25
109 1969 2.54
109 2138 5.82
109 2200 2.59
109 2240 6.62
110 351 2.65
110 521 3.47
110 585 4.05
110 952 4.41
110 1000 8.73
110 1166 5.6
110 1169 7.16
110 1202 7.06
110 1443 2.85
110 1644 3.78
110 1679 2.66
110 1700 8.41
110 1938 4.14
110 2038 5.78
110 2181 5.78
111 381 5.39
111 465 1.48
111 483 5.64
111 674 2.64
111 897 5.58
111 958 5.35
111 980 5.78
111 1063 1.91
111 1133 3.33
111 1435 3.22
111 1495 4.73
111 1911 4.69
111 2158 6.92
111 2233 6.24
111 2319 5.05
112 241 0.96
112 252 4.47
112 313 5.65
112 807 7.51
112 1152 4.09
112 1227 3.27
112 1369 4.86
112 1510 6.88
112 1530 4.18
112 1681 3.34
112 1765 6.45
112 1823 8.99
112 1919 7.19
112 1996 0
112 2209 4.35
113 112 7.92
113 151 4.03
113 397 3.87
113 668 7.91
113 819 3.68
113 868 3.37
113 894 5.22
113 962 3.33
113 1406 4.76
113 1452 8.54
113 1486 5.78
113 1493 2.22
113 1626 6.95
113 1790 5.68
113 1956 3.97
114 197 2.42
114 202 4.49
114 307 6.97
114 588 4.18
114 928 6.31
114 940 4.05
114 1022 3.48
114 1239 5.22
114 1258 6.17
114 1355 7.83
114 1523 2.73
114 1858 4.93
114 1985 8.12
114 2085 0.81
114 2088 1.85
115 120 2.9
115 301 5.73
115 467 4.66
115 494 5.61
115 1029 4.58
115 1078 4.34
115 1168 4.15
115 1221 6.19
115 1537 5.53
115 1590 4.79
115 1666 2.01
115 1697 4.69
115 1861 4.87
115 2053 5.74
115 2217 5.82
116 83 6.04
116 477 4.86
116 655 6.35
116 744 2.47
116 1068 6.52
116 1078 4.5
116 1080 3.59
116 1194 3.74
116 1364 7.16
116 1739 7.23
116 1743 4.03
116 1802 6.41
116 2052 6.43
116 2163 2.63
116 2265 5.83
117 50 3.78
117 969 4.06
117 1327 4.68
117 1456 6.41
117 1460 4.87
117 1508 3.66
117 1576 6.67
117 1754 5.18
117 1881 7.88
117 1942 4.7
117 1988 2.52
117 1991 0.25
117 2115 1.61
117 2251 4.74
117 2283 5.62
118 142 4.93
118 147 5.96
118 292 3.37
118 337 4.43
118 482 3.25
118 722 5.23
118 886 6.78
118 938 5.24
118 1143 2.54
118 1252 7.34
118 1676 4.85
118 1944 2.58
118 2160 2.87
118 2321 5.12
118 2383 7.84
119 334 7.16
119 532 5.17
119 691 4.5
119 737 5.05
119 920 5.49
119 1090 3.77
119 1307 3.94
119 1439 5.06
119 1582 2.66
119 1867 3.42
119 1871 4.15
119 1897 3.95
119 1916 7.26
119 2061 3.2
119 2111 3.4
120 35 7.36
120 336 6.53
120 547 5.62
120 565 6.13
120 589 8.11
120 812 0
120 871 2.09
120 938 5.06
120 1188 4.91
120 1484 2.4
120 1515 3.96
120 1673 7.46
120 1895 3.13
120 1972 2.61
120 2036 2.03
121 264 5.96
121 323 2.44
121 398 2.87
121 630 3.73
121 704 0.66
121 795 6.28
121 1075 0
121 1112 6.25
121 1209 5.16
121 1213 4.84
121 1230 3.4
121 1280 5.3
121 1663 3.32
121 2054 5.27
121 2102 3.13
122 179 6.09
122 208 6.29
122 415 2.94
122 688 6.58
122 770 5.57
122 978 3.87
122 1340 7.7
122 1402 1.75
122 1621 5.73
122 1909 3.34
122 1920 5.27
122 1980 7.84
122 2129 5.43
122 2276 5.35
122 2352 7.86
123 70 5.19
123 74 3.26
123 79 2.27
123 582 2.79
123 796 4.5
123 891 4.1
123 946 5.49
123 1043 7.86
123 1140 5.72
123 1247 4.95
123 1420 1.56
123 1467 2.4
123 1749 5.01
123 1763 4.43
123 1993 6.17
124 258 6.53
124 298 6.04
124 312 5.77
124 438 7.24
124 732 4.8
124 791 2.57
124 849 4.21
124 1591 7.35
124 1760 4.51
124 1840 5.72
124 1857 3.23
124 1994 6.46
124 2095 7.18
124 2163 2.77
124 2249 5.95
125 63 7.64
125 99 7.46
125 328 3.58
125 577 3.7
125 642 4.2
125 678 1.05
125 745 7.42
125 803 5.27
125 904 5.72
125 1071 5.72
125 1186 4.55
125 1565 4.66
125 1651 5.96
125 1948 6.01
125 2027 3.49
126 175 6.84
126 624 4.95
126 786 6.18
126 871 2.14
126 890 7.55
126 1549 3.9
126 1578 6.79
126 1607 3.77
126 1719 1.23
126 1831 5.91
126 2064 6.95
126 2096 0.46
126 2266 3.78
126 2274 8.16
126 2338 4.17
127 26 4
127 151 4.15
127 941 6.64
127 1278 4.89
127 1350 3.72
127 1407 1.57
127 1522 1.42
127 1756 2.22
127 2001 1.87
127 2298 6.7
127 2323 5.76
127 2337 6.66
127 2380 5.33
127 2390 1.19
127 2394 5.45
128 272 5.89
128 426 4.85
128 593 5.53
128 666 3.07
128 816 2.87
128 1019 7.61
128 1025 5.04
128 1089 2.86
128 1616 7.8
128 1768 4.14
128 1811 5.59
128 2063 6.13
128 2199 3.96
128 2281 3.78
128 2375 2.01
129 76 5.86
129 320 5.59
129 429 8.48
129 596 3.31
129 611 3.11
129 647 4.72
129 797 7.48
129 815 4.7
129 1226 4.67
129 1277 4.61
129 1558 5.54
129 1736 5.1
129 1762 5.37
129 1867 3.16
129 1943 2.63
130 68 7
130 274 5.83
130 655 6.4
130 874 4.28
130 885 5.26
130 1395 7.24
130 1419 6.48
130 1551 3.85
130 1556 6.77
130 1829 0.97
130 1965 2.29
130 2029 5.21
130 2212 2.08
130 2214 5.96
130 2387 8.48
131 6 3.49
131 19 0.44
131 251 5.51
131 431 3.59
131 473 5.61
131 597 5.16
131 599 7.57
131 637 4.59
131 697 6.24
131 773 4.7
131 906 4.07
131 1130 3.68
131 1500 5.52
131 1678 4.77
131 1934 3.32
132 262 4.42
132 748 6.4
132 754 2.72
132 893 3.05
132 984 7.72
132 1094 4.23
132 1153 4.44
132 1188 4.77
132 1211 3.06
132 1438 3.36
132 1703 6.05
132 1816 2.25
132 2118 5.36
132 2241 2.33
132 2326 7.08
133 113 2.82
133 242 3.99
133 278 1.67
133 516 8.75
133 549 1.42
133 561 1.86
133 753 5.35
133 806 2.72
133 926 3.93
133 1135 4.85
133 1305 4.98
133 2232 6.18
133 2301 3.17
133 2314 4.65
133 2322 7.45
134 32 0.06
134 377 3.85
134 622 3.77
134 915 6.81
134 984 7.68
134 1066 7.11
134 1176 5.16
134 1445 3.29
134 1504 1.9
134 1859 4.67
135 161 5.57
135 182 0.03
135 190 5.18
135 330 7.97
135 378 5.76
135 463 2.9
135 677 6.26
135 935 6.59
135 1266 3.87
135 1382 4.05
135 1468 4.9
135 1777 5.55
135 1927 6.08
135 2013 2.2
135 2076 4.44
136 52 6.22
136 64 1.32
136 160 2.86
136 225 4.82
136 1009 4.62
136 1216 9.63
136 1220 4.06
136 1301 5.82
136 1967 5.07
136 2167 4.09
136 2207 6.68
136 2230 2.23
136 2241 2.51
136 2295 5.92
136 2356 3.06
137 151 4.23
137 297 7.27
137 317 5.61
137 321 4.35
137 601 3.06
137 789 5.11
137 902 3.05
137 1005 5.11
137 1190 5.24
137 1191 8
137 1778 5.13
137 1793 0.47
137 1939 4.87
137 2279 5.28
137 2351 7.56
138 217 5.72
138 243 3.49
138 419 6.38
138 701 5.59
138 707 5.48
138 751 5.57
138 784 2.09
138 1174 7.42
138 1418 5.61
138 1534 6.19
138 1741 8.74
138 2086 8.39
138 2127 8.27
138 2185 4.58
138 2250 7.84
139 5 8.92
139 194 1.85
139 265 4.01
139 340 1.91
139 434 5.1
139 495 5.17
139 535 4.11
139 854 3.68
139 989 6.36
139 1180 4.52
139 1282 4.58
139 1308 5.97
139 2009 5.4
139 2126 3.97
139 2242 3.2
140 198 1.17
140 237 9.15
140 353 4.53
140 369 7.89
140 443 7.94
140 542 2.55
140 903 7.84
140 1160 6.49
140 1319 2.74
140 1572 5.35
140 1596 6.94
140 1679 3.52
140 1752 4.04
140 2199 4.22
141 28 4.73
141 55 4.17
141 276 5.06
141 513 8.3
141 628 6.63
141 694 1.25
141 857 5.75
141 921 2.52
141 1194 4.54
141 1438 3.46
141 1501 7.38
141 1514 4.96
141 1598 3.97
141 1905 7.21
141 2197 6.72
142 13 5.74
142 30 7.67
142 158 8.42
142 207 4.5
142 534 3.21
142 657 5.21
142 880 2.12
142 955 4.97
142 1090 2.97
142 1744 7.43
142 2195 2.93
142 2222 2.68
142 2257 4.14
142 2358 6.98
142 2391 4.93
143 111 6.17
143 125 6.2
143 631 3.62
143 690 3.78
143 1081 4.09
143 1228 3.04
143 1380 5.21
143 1471 5.33
143 1713 2.77
143 1714 4.51
143 1801 4.61
143 2225 6.32
143 2241 2.08
144 277 5.69
144 339 4.22
144 503 3.87
144 600 4.88
144 718 2.61
144 1061 4.61
144 1382 3.88
144 1410 4.5
144 1412 4.24
144 1600 6.15
144 1837 4.23
144 1908 4.72
144 1929 5.31
144 2125 0.64
144 2176 2.28
145 23 7.91
145 175 7.21
145 428 5.21
145 430 6.96
145 436 5.58
145 531 7.04
145 639 6.05
145 817 4.6
145 1099 4.27
145 1167 1.52
145 1408 6.07
145 1474 3.92
145 1699 9.96
145 1852 5.36
145 1882 5.82
146 189 3.59
146 191 2.43
146 442 1.13
146 927 3.58
146 1201 6.99
146 1214 8.13
146 1391 4.35
146 1407 2.23
146 1422 4.55
146 1685 0.84
146 1785 5.07
146 2042 6.06
146 2105 5.48
146 2134 6.9
146 2296 7.28
147 103 3.69
147 177 4.84
147 576 8.13
147 613 5.85
147 667 0.27
147 679 4.46
147 825 4.87
147 862 2.84
147 1351 4.9
147 1764 1.9
147 1781 4.17
147 1996 0.04
147 2011 3.31
147 2077 6.84
147 2282 4.17
148 25 3.99
148 268 3.71
148 441 3.59
148 470 0.37
148 684 2.69
148 865 6.08
148 991 3.32
148 1072 7.91
148 1108 3.32
148 1337 6.51
148 1344 7.48
148 1708 5.69
148 1776 7.67
148 1945 4.38
148 2198 5.35
149 40 4.03
149 108 5.71
149 233 2.14
149 266 4.1
149 400 7.13
149 730 7.67
149 795 6.07
149 822 6.57
149 857 6.1
149 1011 5.39
149 1302 1.25
149 1608 3.28
149 1656 5.69
149 1858 4.89
149 1896 7.53
150 113 2.84
150 188 5.52
150 431 3.92
150 433 4.82
150 572 5.01
150 658 3.35
150 696 4.06
150 841 5.53
150 1015 1.19
150 1637 8.59
150 1825 8.45
150 1845 9.85
150 2065 6.39
150 2143 8.34
151 13 4.85
151 1055 7.51
151 1107 3.01
151 1251 8.03
151 1407 2.25
151 1535 3.46
151 1563 3.46
151 1577 4.47
151 1620 7.1
151 1975 6.63
151 2002 3.56
151 2055 8.12
151 2124 0.94
151 2144 8.61
151 2333 8.71
152 114 4.64
152 420 3.07
152 716 7.99
152 720 5.19
152 1274 9.12
152 1505 6.98
152 1531 2.93
152 1660 8.78
152 1732 1.64
152 1813 3.24
152 1902 5.57
152 2014 2.69
152 2058 6.16
152 2359 5.53
152 2367 3.88
153 96 7.64
153 143 3.05
153 170 5.56
153 302 4.23
153 344 5.12
153 525 4.32
153 682 6.54
153 953 3.97
153 1033 6.84
153 1049 3.86
153 1141 2.19
153 1261 6.25
153 1674 3.83
153 1738 2.12
153 2297 5.42
154 42 6.13
154 109 1.74
154 234 2.13
154 251 6.02
154 412 3.14
154 779 7.22
154 934 6.47
154 1104 4.73
154 1222 5.29
154 1795 4.33
154 2039 5.12
154 2081 5.78
154 2175 4.35
154 2202 6.2
154 2282 3.77
155 18 5.17
155 119 4.89
155 209 7.85
155 355 3.85
155 750 3.01
155 1119 6.08
155 1267 5.41
155 1459 5.01
155 1602 0.83
155 1812 5.62
155 1951 3.51
155 2003 8.69
155 2159 4.02
155 2234 3.57
155 2324 2.74
156 145 6.67
156 712 7.27
156 845 7.98
156 944 4.39
156 1150 6.86
156 1386 7.97
156 1536 6.35
156 1751 8.53
156 1779 5.93
156 1879 3.71
156 1952 5.23
156 2334 5.15
156 2354 7.77
156 2377 5.05
156 2381 0.5
157 118 7.13
157 353 5.03
157 761 9.02
157 1083 4.72
157 1230 2.96
157 1545 7.34
157 1568 3.28
157 1626 7.04
157 1639 5.98
157 1705 6.99
157 1900 6.05
157 1961 3.45
157 2024 4.68
157 2129 4.89
157 2139 4.65
158 224 3.04
158 624 4.81
158 755 4.5
158 1496 5.6
158 1562 6.44
158 1613 4.52
158 1709 4.18
158 1790 5.4
158 1794 2.44
158 1827 5
158 2005 6.61
158 2075 3.39
158 2196 7.34
158 2369 7.05
158 2376 3.91
159 255 6.42
159 368 2.91
159 759 2.89
159 863 2.28
159 1260 3.46
159 1357 3.7
159 1397 6.71
159 1547 6.1
159 1587 5.34
159 1636 5.82
159 1667 8.16
159 2090 2.38
159 2236 5.85
159 2311 4.49
159 2388 4.84
160 518 8.53
160 569 5.09
160 620 4.27
160 829 6.26
160 971 4.86
160 1086 5.3
160 1181 5.37
160 1377 4.15
160 1570 4.02
160 1819 4.63
160 1860 6.38
160 2103 1.68
160 2227 4.37
160 2269 7.1
160 2308 5.39
161 80 5.13
161 113 2.74
161 530 6.27
161 945 6.25
161 1187 4.79
161 1370 6.99
161 1594 5.19
161 1745 4.64
161 1774 6.24
161 1806 6.03
161 1875 4.32
161 2023 4.75
161 2095 6.68
161 2190 6.75
161 2310 4.16
162 499 3.58
162 535 4.15
162 536 2.78
162 673 5.37
162 776 6.24
162 823 5.38
162 974 7.58
162 1026 7.05
162 1354 4.69
162 1633 6.43
162 1731 7.03
162 2005 6.56
162 2008 3.17
162 2208 5.13
162 2395 5.26
163 126 5.9
163 376 3.45
163 540 5.06
163 553 5.47
163 651 7.49
163 850 5.45
163 857 6.26
163 878 5.46
163 1056 3.96
163 1449 7.55
163 1465 9.18
163 1598 4.11
163 1723 6.68
163 1727 1.06
163 1849 4.07
164 206 3.27
164 466 9.86
164 654 5.22
164 851 6.65
164 1145 5.8
164 1382 4.59
164 1478 1.66
164 2068 5.47
165 222 3.55
165 244 4.51
165 354 0.4
165 632 4.97
165 651 8.02
165 756 5.01
165 957 3.65
165 1105 3.45
165 1288 2.44
165 1448 5.03
165 2107 3.63
165 2203 3.97
165 2262 5.42
165 2336 6.16
166 74 2.89
166 140 2.63
166 164 6.7
166 431 3.51
166 579 3.7
166 606 8.71
166 829 5.97
166 1046 3.39
166 1120 8.69
166 1574 6.35
166 1603 6.8
166 1607 3.37
166 1832 2.42
166 2316 3.32
166 2346 4.44
167 29 4.89
167 47 4.93
167 104 2.74
167 186 4.83
167 281 7.18
167 370 4.37
167 374 8.57
167 672 2.07
167 910 2.78
167 1199 3.73
167 1310 5.75
167 1376 7.28
167 1690 5.69
167 2145 6.18
167 2210 5.85
168 260 4.78
168 490 4.27
168 562 4.77
168 706 8.08
168 785 4.94
168 827 5.95
168 896 4.29
168 1122 6.55
168 1132 9.13
168 1691 5.29
168 1758 2.47
168 1978 4.95
168 2217 6.01
168 2224 5.75
168 2258 8.44
169 185 5.22
169 227 5.74
169 379 3.14
169 505 6.03
169 1084 4.82
169 1207 1.44
169 1231 2.37
169 1290 4.34
169 1517 7.21
169 1588 6.41
169 1742 7.7
169 1834 8.19
169 2140 8.29
169 2178 4.61
169 2341 1.32
170 10 3.22
170 246 8.71
170 406 5.28
170 421 1.14
170 507 8.38
170 514 1.4
170 703 5.95
170 979 3.34
170 1123 4.36
170 1597 4.72
170 1618 3.07
170 1784 4.21
170 1926 6.58
170 2081 6.6
170 2328 7.29
171 91 2.78
171 175 6.38
171 308 4.8
171 404 5.19
171 594 7.18
171 607 3.05
171 738 4.63
171 868 3.37
171 895 7.8
171 1408 5.24
171 1476 4.45
171 1661 9.56
171 1866 6.84
171 2216 5.75
171 2310 3.96
172 154 4.76
172 228 3.25
172 245 4.7
172 295 8.64
172 365 4.72
172 375 5.8
172 957 3.29
172 963 4.67
172 1042 6.53
172 1359 1.11
172 1421 8.32
172 1571 6.56
172 1688 4.56
172 2311 4.44
172 2390 1.97
173 254 7.03
173 416 5.09
173 472 8.2
173 492 4.79
173 708 6.86
173 783 4.39
173 1064 4.13
173 1067 2.56
173 1506 0.02
173 1508 3.46
173 2020 5.89
173 2033 5.41
173 2191 6.41
173 2330 7.1
174 88 2.91
174 608 6.71
174 699 3.68
174 783 4.61
174 1057 3.05
174 1065 4.56
174 1111 2.79
174 1438 3.91
174 1475 7.44
174 1726 6.16
174 1771 2.1
174 1921 2.59
174 2123 1.23
174 2235 8.67
174 2356 3
175 67 7.73
175 492 4.41
175 523 3.41
175 610 5.01
175 731 4.56
175 1016 5.14
175 1212 6.28
175 1255 4.02
175 1342 5.62
175 1619 5.8
175 1698 3.42
175 1769 2.66
175 1836 2.43
175 2264 5
175 2393 4.48
176 46 3.04
176 102 5.85
176 107 3.51
176 156 2.18
176 305 7.15
176 432 4.51
176 537 5.92
176 811 6.59
176 881 3.01
176 1324 5.81
176 1518 3.58
176 1552 2.65
176 1581 3.71
176 1936 4.17
176 2286 3.26
177 467 5.25
177 486 7.43
177 535 4.02
177 713 7.39
177 1249 6.17
177 1328 2.91
177 1338 5.82
177 1482 1.79
177 1513 0.53
177 1594 5.34
177 1860 5.9
177 1997 6.88
177 2148 3.15
177 2152 3.41
177 2365 3.49
178 44 5.63
178 51 4.38
178 235 4.13
178 392 5.26
178 688 6.8
178 834 2.68
178 1165 5.32
178 1335 6.1
178 1457 5.73
178 1821 5.59
178 2045 3.08
178 2112 2.85
178 2196 7.34
178 2271 5.07
178 2323 5.19
179 33 6.5
179 78 7.23
179 223 6.39
179 316 4.44
179 364 7.76
179 396 4.97
179 527 6.26
179 873 3.64
179 921 2.5
179 1126 5.96
179 1497 6.42
179 1583 3.74
179 1718 3.62
179 1945 4.81
179 2259 5.26
180 384 1.05
180 609 5.26
180 689 7.63
180 788 7.77
180 814 2.14
180 1281 8.91
180 1642 3.55
180 1662 8.02
180 1794 2.18
180 2050 4.89
180 2109 6.53
180 2161 6.87
180 2179 1.2
180 2275 6.44
180 2310 3.77
181 111 6.14
181 362 4.64
181 380 2.55
181 613 5.84
181 754 3.32
181 898 0.62
181 971 4.84
181 1034 7.13
181 1367 2.93
181 1636 6.07
181 2320 4.56
182 74 2.72
182 347 5.39
182 389 3.28
182 399 4.86
182 627 3.8
182 661 6.91
182 668 7.62
182 757 8.19
182 790 3.59
182 798 3.91
182 1194 3.93
182 1383 3.39
182 2116 4.56
182 2133 5.2
182 2191 5.73
183 226 6.06
183 296 3.84
183 300 6.32
183 359 4.46
183 710 6.73
183 864 2.61
183 1018 6.15
183 1219 4.34
183 1409 4.82
183 1525 2.1
183 1529 1.5
183 1720 0.76
183 1864 7.93
183 2260 6.55
183 2325 1.4
184 37 6.58
184 146 6.52
184 152 8.11
184 216 4.96
184 634 5.24
184 681 1.01
184 739 5.55
184 781 3.73
184 903 8.17
184 1062 6.72
184 1403 4.29
184 1411 5.77
184 1712 2.39
184 1792 5.3
184 2184 2.63
185 61 5.46
185 101 3.83
185 110 5.89
185 289 9.51
185 651 8.17
185 721 0.88
185 1074 2.59
185 1173 5.82
185 1175 5.5
185 1309 4.68
185 1399 3.94
185 1863 3.55
185 2180 5.29
185 2290 3.26
186 200 5.77
186 203 5.57
186 290 10
186 517 5.84
186 558 4.19
186 568 8.54
186 970 2.87
186 1115 6.03
186 1442 4.84
186 1650 7.18
186 1808 9.35
186 1887 6.45
186 2048 6.52
186 2191 5.84
186 2218 5.83
187 65 7.05
187 239 4.66
187 425 4.51
187 663 3.28
187 699 3.52
187 718 2.39
187 914 1.2
187 997 8.71
187 1197 5.6
187 1689 5.87
187 1772 5.19
187 1850 4.77
187 1877 4.98
187 2130 5.02
187 2330 7.16
188 20 3.09
188 391 4.98
188 574 6.85
188 699 4.01
188 919 3.67
188 936 4.63
188 951 5.02
188 1387 4.59
188 1507 4.45
188 1533 4.82
188 1539 2.07
188 1601 3.83
188 1630 8.06
188 2306 8.21
188 2355 6.82
189 151 4.01
189 192 5.61
189 231 7.27
189 290 9.66
189 361 5.68
189 524 4.79
189 656 5.97
189 680 6.86
189 1103 2.7
189 1385 6.11
189 1425 8.2
189 1917 7.81
189 2016 4.26
189 2087 5.87
189 2143 8.23
190 173 3.2
190 619 6.06
190 775 4.25
190 961 7.21
190 988 9.32
190 1192 6.32
190 1306 6.13
190 1426 7.37
190 1492 6.83
190 1577 4.99
190 1615 3.63
190 1870 7.93
190 2147 7.6
190 2168 4.14
190 2340 9.15
191 77 6.47
191 584 4.45
191 735 4.65
191 793 4.78
191 858 4.29
191 1129 7.4
191 1136 0.99
191 1158 5.4
191 1183 8.44
191 1519 5.64
191 1725 5.97
191 2098 7.15
191 2106 5.21
191 2122 1.65
191 2368 5.56
192 154 4.38
192 284 3.6
192 414 4.1
192 487 6.42
192 492 4.83
192 624 5.3
192 675 6.24
192 1087 4.89
192 1535 3.4
192 1714 4.87
192 2016 3.7
192 2121 6.98
193 230 5.13
193 346 6.03
193 383 5.06
193 642 4.42
193 718 2.24
193 774 7.84
193 821 3.38
193 1030 4.12
193 1609 4.23
193 1728 4.49
193 1767 7.7
193 1916 7.57
193 1986 8.12
193 2159 4.02
193 2350 7.02
194 136 7.2
194 535 3.81
194 590 6.37
194 818 6.99
194 964 7.13
194 1256 7.44
194 1414 2.6
194 1485 7.63
194 1579 2.81
194 1770 5.67
194 1858 4.5
194 1955 4.53
194 2074 3.29
194 2137 7.05
194 2244 7.57
195 326 8.13
195 365 4.53
195 451 5.34
195 625 4.06
195 665 4.83
195 828 6.42
195 984 7.82
195 1100 9.28
195 2007 7.21
195 2356 3.29
195 2366 3.74
196 621 5.22
196 638 6.51
196 687 3.79
196 856 5.12
196 1031 3.97
196 1139 8.43
196 1171 2.67
196 1271 5.85
196 1374 5.8
196 1782 1.89
196 1806 5.97
196 1984 6.51
196 2082 7
196 2083 3.74
196 2310 4.13
197 248 4.66
197 301 5.69
197 605 3.32
197 649 2.02
197 664 4.25
197 846 3.39
197 883 2.72
197 1110 3.76
197 1194 3.96
197 1311 5.15
197 1799 5.72
197 1925 1.34
197 2025 6.12
197 2047 4.45
197 2252 8.74
198 13 5.44
198 153 3.06
198 155 5.62
198 234 1.68
198 715 7.64
198 767 2.4
198 889 3.4
198 923 7.56
198 1137 4.28
198 1147 9.61
198 1334 5.22
198 1380 5.53
198 1541 5.41
198 1564 4.96
198 2032 4.37
199 128 2.96
199 172 4.82
199 196 8.06
199 372 4.79
199 497 0.96
199 548 4.16
199 552 8.86
199 835 5.75
199 853 8.17
199 899 3.11
199 1333 3.37
199 1371 1.94
199 1543 8.39
199 1890 6.04
199 1953 5.43
