Seed: 1275095393
Researcher: 200
Papers: 800
Edges: 1460
RDensity: 0.3
minScore: 0
maxScore: 10
maxResearcherForPaper: 7
maxPaperForResearcher: 15
ToAssign: 500
0 128 3.51
0 318 8.5
0 423 2.05
0 716 3.48
0 746 8.74
1 34 6.34
1 54 3.99
1 562 5.91
1 645 2.19
2 35 0.66
2 371 5.47
2 378 4.2
2 435 7.86
2 457 3.21
2 545 7.51
2 624 1.73
3 71 2.97
4 56 3.9
4 123 4.07
4 259 4.31
4 328 5.07
4 347 8.03
4 516 4.64
4 564 4.51
4 577 6.01
4 592 7.77
4 650 3.21
5 8 7.62
5 301 7.3
5 449 7.06
5 556 4.15
5 661 2.56
5 702 2.46
5 799 5.5
6 2 1.98
6 3 4.5
6 228 5.32
6 314 5.12
6 544 5.15
6 729 6.86
7 526 4.18
7 532 6.59
8 240 7.22
8 281 4.16
8 424 6.24
8 529 7.91
8 626 3.92
8 636 6.27
8 647 8.61
8 685 4.26
8 687 2.28
8 731 4.63
8 736 10
9 0 3.69
9 79 3.94
9 122 3.74
9 358 5.36
9 396 5.02
9 414 6.28
9 445 5.64
9 641 3.32
9 719 8.7
10 173 3.72
10 239 6.7
10 361 5.66
10 480 8.54
11 31 4.43
11 216 1.49
11 338 2.19
11 441 0.9
11 775 6.34
11 778 2.98
12 3 4.94
12 162 6.11
12 306 6.57
12 333 7.5
12 349 1.5
12 377 8.81
12 425 3.35
12 496 1.89
12 567 8.23
12 596 2.33
12 636 6.57
12 669 4.65
12 678 4.3
13 168 3.49
13 246 5.27
13 427 7.17
13 507 1.1
14 43 4.32
14 210 5.68
14 605 5.48
14 734 4.34
15 32 1.57
15 38 7.88
15 69 4.4
15 129 2.34
15 461 6.89
15 573 7.29
15 732 3.79
16 11 5.5
16 167 4.76
16 171 5.29
16 209 1.15
16 274 5.4
16 566 4.92
16 599 4.51
16 624 2.26
16 657 4.16
16 665 4.74
16 761 5.19
17 101 3.96
17 260 3.81
17 323 2.15
17 394 4.73
17 576 6.59
17 653 1.91
17 725 6.13
17 750 7.62
17 766 4.14
17 784 2.35
18 173 3.82
18 317 3.31
18 389 2.08
18 469 6.57
18 706 2.8
19 33 6.95
19 66 4.77
19 154 1
19 227 6.65
19 252 2.65
19 253 8.97
19 279 5.3
19 511 6.06
20 216 0.82
20 227 6.56
20 301 6.8
20 330 5.37
20 522 6.19
20 635 4.06
20 728 4.94
20 738 5.66
21 113 3.4
21 123 4.08
21 149 3.19
21 170 4.86
21 290 6.36
21 356 7.21
21 386 4.81
21 556 3.37
21 695 5.31
22 37 4.16
22 204 4.79
22 459 5.21
22 673 6.41
22 770 2.04
23 46 3.04
23 117 3.64
23 310 3.87
23 364 7.28
23 387 1.24
23 393 7.04
23 777 4.9
23 789 1.19
24 25 5.94
24 95 3.2
24 112 6.68
24 121 6.59
24 314 5.36
24 388 3.88
24 469 5.93
24 490 6.1
24 538 4.53
25 21 4.95
25 53 3.85
25 370 8.11
25 546 4.82
26 147 3.12
26 150 3.35
26 480 9.06
26 519 8.66
26 523 7.75
26 591 5.74
26 720 8
27 48 5.9
27 155 8.59
27 225 7.59
27 244 3.27
27 435 7.51
27 533 8.66
27 672 4.62
27 799 5.91
28 308 7.39
28 394 5.25
28 493 4.93
28 564 4.68
28 665 5.35
29 10 4.18
29 141 3.29
29 214 9.12
29 268 3.94
29 312 2.4
29 422 4.65
29 540 1.49
29 669 4.81
30 3 5.26
30 153 1.5
30 340 3.58
30 398 6.36
30 430 3.66
30 662 7.09
30 686 4.58
30 791 1.61
31 52 3.81
31 310 4.05
31 395 3.12
31 429 5.5
31 432 7.23
31 462 6.16
31 552 5.47
31 616 5.22
31 764 2.21
32 43 3.59
32 134 9.66
32 223 2.03
32 238 7.24
32 330 4.78
32 430 4.01
32 487 5.88
32 542 6.67
32 556 4.02
32 674 5.38
32 715 3.74
32 732 2.89
33 88 6.12
33 204 5.55
33 321 5.06
33 362 7.74
33 515 4.31
33 578 4.52
33 607 1.46
34 77 0.39
34 133 3.11
34 177 4.96
34 360 3.98
34 538 4.45
34 562 6.2
34 731 5
34 746 8.5
35 51 3.32
35 81 3.34
35 135 2.02
35 182 4.62
35 250 5.18
35 345 1.85
35 380 7.29
35 404 5.67
35 765 9.23
36 18 5.35
36 41 3.87
36 59 5.06
36 63 6.82
36 84 8.13
36 140 4.95
36 353 5.35
36 382 2.79
36 475 6.33
36 618 5.46
37 233 2.78
37 462 6.32
37 514 2.15
37 679 6.93
38 110 7.37
38 158 3.05
38 366 2.81
38 555 2.43
38 677 1.37
39 51 3.1
39 147 3.25
39 154 1.28
39 458 5.63
39 747 6.73
40 174 4.32
40 224 8.25
40 226 3.14
40 238 7.15
40 407 7.08
40 435 8.41
40 646 6.79
40 647 8.96
40 653 1.75
40 724 1.49
40 725 6.48
40 774 4.63
41 230 6.52
41 425 3.59
41 558 3.72
41 683 5.17
41 685 4.88
41 698 5.11
42 373 1.04
42 414 6.43
42 431 5.4
42 584 4.31
42 616 5.04
43 36 4.18
43 57 4.41
43 517 6.05
43 573 7.13
43 649 7.67
43 678 4.6
44 1 6.1
44 23 5.73
44 35 1.18
44 383 2.29
44 477 6.73
44 777 4.8
45 98 8.65
45 175 4.59
45 294 4.06
45 387 1.55
45 513 5.02
45 629 3.42
45 677 1.23
46 114 6.28
46 256 6.18
46 370 8.59
46 426 0
46 552 5.25
46 786 8.84
47 149 3.41
47 526 4.28
47 528 7.24
47 659 5.18
47 693 4.82
47 711 2.53
48 151 2.5
48 296 6.16
48 316 7.46
48 336 9.18
48 391 4.86
48 406 5.95
48 457 2.99
48 797 6.24
49 30 6.94
49 411 6.12
49 508 6.56
49 513 4.36
49 714 4.8
49 718 5.76
49 781 4.12
50 113 3.73
50 176 5.56
50 213 3.06
50 401 5.74
50 691 5.83
51 30 6.45
51 68 3.29
51 85 4.54
51 141 2.84
51 169 5.68
51 272 8.46
51 309 4.29
51 727 4.07
51 757 4.82
52 465 2.87
52 533 9.08
52 541 5.13
52 642 8.49
52 651 3.54
52 675 4.51
52 739 2.86
53 249 2.94
53 270 6.34
53 339 7.53
53 438 9.23
53 452 6.25
53 497 4.31
54 26 5.29
54 114 6.33
54 400 6.27
54 496 1.58
54 663 6.48
54 687 2.67
54 746 8.4
55 47 4.12
55 57 4.56
55 59 5.5
55 70 5.69
55 156 4.16
55 440 2.13
55 755 8.16
55 763 4.74
56 147 2.92
56 416 7.27
56 547 5.7
56 569 5.12
56 743 3.98
57 14 2.44
57 15 6.48
57 147 3.6
57 242 5.92
57 305 5.51
57 525 5.02
57 584 4.24
58 122 3.64
58 282 4.54
58 548 4.54
58 567 7.95
58 635 4.9
59 132 5.32
59 261 7.08
59 269 4.69
59 394 4.53
59 743 4.22
60 289 2.51
60 455 4.03
60 568 4.46
60 597 5.94
60 687 2.29
60 723 5.75
61 11 5.87
61 152 2.04
61 307 5.78
61 331 4.31
61 334 2.51
61 367 5.57
61 554 8.03
61 580 2.92
61 592 8.11
61 712 6.07
61 758 7.95
62 211 4.29
62 217 0.4
62 234 3.15
62 363 6.01
62 420 3.16
62 573 6.62
62 619 1.94
62 628 6.24
63 12 4.21
63 238 7.25
63 325 5.42
63 421 2.16
63 435 8.04
63 486 7.68
63 684 1.7
63 780 4.81
64 215 5.33
64 274 5.69
64 310 3.71
64 322 3.99
64 337 5.83
64 461 7.46
64 673 5.73
64 698 4.77
65 76 6.01
65 410 4.97
65 530 5.66
65 561 7.6
65 687 2.32
66 84 8.11
66 375 4.18
66 611 9.02
66 794 7.32
67 13 7.16
67 60 7.22
67 176 5.72
67 389 1.91
67 421 2.15
67 466 2.08
67 617 8.45
67 717 3.81
68 171 4.74
68 251 3.11
68 311 5.82
68 506 6.32
68 598 7.8
68 654 4.69
68 715 3.05
69 42 7.42
69 60 6.78
69 92 0.87
69 262 5.19
69 448 5.39
69 464 7.68
69 792 7
70 124 2.04
70 136 3.81
70 163 5.03
70 178 6.42
70 306 7.21
70 313 2.71
70 371 5.42
70 393 7.25
70 399 2.49
70 487 6.46
70 654 4.7
70 781 3.94
71 11 5.89
71 100 4.72
71 236 4.96
71 316 7.66
71 363 6.46
71 527 0.74
71 639 2.21
71 664 3.41
71 732 3.59
72 79 3.76
72 138 3.02
72 172 7.28
72 176 6.03
72 192 5.4
72 221 3.95
72 273 7.58
72 309 4.16
72 383 2.58
72 644 1.72
72 772 5.33
73 55 1.38
73 122 3.85
73 245 5.84
73 417 4.68
73 452 6.01
74 77 0.47
74 265 5.83
74 267 5.64
74 386 4.23
74 566 4.22
74 703 2.51
74 755 7.66
75 335 3.33
75 354 3.12
75 427 7.23
76 65 5.75
76 510 4.49
76 565 6.46
76 709 6.02
77 66 4.34
77 168 3.14
77 236 4.85
77 293 6.31
77 408 5
77 441 1.55
77 523 8.16
77 622 5.01
78 121 7.22
78 179 4.44
78 493 4.73
78 549 4.65
78 570 6.48
78 616 4.78
78 649 7.07
78 766 3.2
79 52 3.87
79 92 1.19
79 104 7.27
79 278 3.68
79 358 5.5
79 385 5.45
79 450 2.65
79 703 2.28
80 32 1.74
80 167 4.55
80 194 3.03
80 198 6.62
80 291 4.76
80 689 6
80 776 3.63
81 118 7.5
81 177 4.54
81 185 2.25
81 539 3.44
81 685 4.7
81 709 5.68
81 740 4.96
82 107 5.38
82 251 3.2
82 299 5.14
82 325 5.53
82 530 5.01
82 650 2.83
83 155 8.89
83 167 4.35
83 229 1.48
83 275 4.25
83 337 6.31
83 521 4.51
83 621 4.18
83 661 2.85
84 13 6.79
84 137 4.82
84 183 5.85
84 540 1.88
85 148 3.05
85 191 8.52
85 491 5.93
85 608 8.36
85 750 8.03
86 29 5.78
86 88 6.74
86 328 5.95
86 478 7.71
86 513 4.99
86 602 5.69
86 620 6.18
86 786 9.36
87 27 1.18
87 100 5.3
87 196 7.12
87 198 6.51
87 219 3.28
87 357 2.12
87 568 4.6
87 631 4.09
88 61 5.92
88 108 1.49
88 193 5.97
88 357 2.01
89 85 4.9
89 89 5.21
89 112 6.47
89 214 8.35
89 216 1.55
89 374 5.22
89 444 6.05
89 579 8.07
89 609 4.12
89 703 2.23
89 798 5.44
90 81 4.09
90 83 1.53
90 190 3.73
90 276 2.61
90 364 7.34
90 545 7.79
90 563 4.5
90 572 3.04
90 632 5.14
90 751 6.93
91 6 6.43
91 96 3.16
91 220 3.63
91 247 1.41
91 385 5.93
91 411 5.63
91 442 6.27
91 503 1.65
91 580 2.71
91 668 5.03
92 116 6.14
92 249 3.42
92 254 6.29
92 263 7.13
92 574 5.11
92 613 4.26
92 657 3.5
93 28 1.56
93 66 4.18
93 202 5.28
93 287 0.9
93 327 6.88
93 417 5.14
93 484 6.98
93 517 5.9
93 735 5.01
93 755 8.45
94 7 5.07
94 61 5.94
94 300 1.51
94 309 4.07
94 386 4.59
94 439 1.32
94 468 9.19
94 470 5.78
94 783 2.31
94 794 7.88
95 86 7.11
95 241 4.98
95 246 5.2
95 345 1.77
95 460 5.39
95 621 3.93
95 629 3.74
95 702 2.17
95 728 5.43
96 58 8.88
96 209 1.58
96 251 3.05
96 534 5.64
96 683 5.16
97 102 7.99
97 107 5.45
97 151 3.02
97 292 2.63
97 564 4.08
97 779 6.86
98 55 1.87
98 96 3.49
98 108 1.57
98 208 4.04
98 225 7.86
98 398 6.1
98 405 7.36
98 499 3.54
98 696 2.16
98 701 5.49
99 64 3.82
99 140 5.15
99 224 9.09
99 264 7.48
99 375 3.83
99 644 1.52
99 666 4.54
99 732 3.79
99 753 8.5
100 42 7.14
100 230 6.49
100 237 3.95
100 341 5.98
100 548 5.29
100 581 1.2
100 690 2.04
101 44 1.63
101 270 7.07
101 302 3.83
101 557 3.19
101 644 1.06
102 68 3.07
102 103 4.94
102 114 6.92
102 152 1.92
102 166 4.81
102 197 4.28
102 230 6.6
102 238 6.98
102 499 4.3
102 765 9.53
103 235 5.36
103 257 0.46
103 437 2.19
103 540 1.69
103 615 6.93
103 704 4.75
103 775 6.6
104 557 3.41
104 605 5.83
105 259 4.43
105 342 5.68
105 372 5.43
105 565 5.69
105 593 4.76
105 799 5.14
106 222 5.3
106 258 2.24
106 301 7.35
106 507 0.45
106 704 4.49
106 785 8.44
107 126 8.12
107 142 7.86
107 170 4.28
107 200 3.1
107 421 2.35
107 469 6.42
107 754 6.16
108 4 4.61
108 134 9.42
108 187 5.41
108 188 2.96
108 526 3.69
108 597 5.6
108 744 6.6
108 788 5.55
109 259 3.99
109 414 6.3
109 484 7.09
109 517 6.69
109 559 4.03
109 728 4.92
110 7 4.91
110 71 3.01
110 332 6.09
110 338 2.87
110 372 6.29
110 508 6.83
110 512 2.58
110 689 6.49
110 765 9.21
111 167 4.14
111 286 3.89
111 463 4.49
111 546 4.95
111 613 3.94
111 671 9.03
111 691 5.95
111 719 8.44
112 84 7.4
112 110 7.36
112 111 7.4
112 115 7.48
112 350 2.58
112 540 1.66
112 667 6.67
112 777 4.24
113 78 4.99
113 225 7.43
113 368 6.95
113 784 2.34
114 45 6.48
114 51 3.24
114 531 2.4
114 583 5.2
114 606 6.97
115 184 6.06
115 481 5.26
115 507 0.33
115 671 9.06
116 91 8.81
116 230 5.86
116 315 5.15
116 341 6.09
116 454 4.18
116 579 7.69
116 717 4.32
117 284 6.6
117 498 4.99
117 505 8.95
117 596 2.49
117 633 6.36
117 703 2.52
117 767 5.31
117 787 3.14
118 90 1.84
118 119 4.09
118 267 5.88
118 465 2.91
118 665 5.17
118 759 5.45
118 796 7.83
119 9 4.74
119 158 3.37
119 186 2.13
119 267 6.01
119 445 5.07
119 520 5.79
119 533 8.84
119 618 5.93
119 666 4.94
119 780 4.96
120 100 5.43
120 352 7.8
120 441 1.26
120 477 5.97
120 499 3.91
120 542 6.64
120 567 8.05
120 669 4.8
120 782 4.23
121 8 7.35
121 320 1.84
121 576 6.11
121 681 3.01
121 708 5.49
122 46 2.06
122 183 5.55
122 187 6.03
122 188 2.68
122 282 3.75
122 402 5.2
122 420 3.39
122 509 5.01
122 620 5.45
123 212 4.46
123 311 6.36
123 358 4.95
123 410 5.12
123 434 1.46
123 510 4.13
123 575 3.02
123 794 7.43
124 128 3.59
124 287 0.7
124 347 7.83
124 455 3.71
124 471 3.86
124 679 6.95
125 8 7.81
125 30 6.89
125 99 4.41
125 203 3.88
125 277 3.7
125 310 4.03
125 501 4.09
125 560 4.28
125 754 5.77
125 769 4.83
125 779 7.59
126 90 1.49
126 169 6.16
126 180 4.32
126 298 6.46
126 477 6.87
126 536 6.62
126 602 6.21
126 664 3.44
127 204 5.33
127 222 4.61
127 230 6.63
127 352 7.85
127 738 5.85
127 761 5.6
127 799 5.57
128 304 5.19
128 327 6.94
128 414 5.97
128 436 2.57
128 608 8.29
128 737 4.69
128 739 2.93
129 41 4.26
129 48 6
129 67 2.47
129 90 1.08
129 448 5.56
129 633 5.88
129 693 4.85
129 751 7.08
129 796 7.86
130 130 4.41
130 207 5.73
130 291 3.9
130 720 8.35
130 768 6.94
130 790 4.42
131 49 6.94
131 64 3.7
131 199 4.93
131 277 4.22
131 316 8.25
131 495 6
131 502 4.47
132 31 4.19
132 45 7.13
132 56 4.27
132 77 0.44
132 359 5.1
132 390 5.55
133 1 6.16
133 3 5.09
133 24 6.8
133 146 4.76
133 190 3.93
133 262 5.95
133 326 6.17
133 384 5.44
133 399 1.89
133 492 4.8
133 551 5.99
134 107 5.26
134 204 5.16
134 230 6.59
134 361 6.53
134 482 6.01
134 643 6.82
135 70 6.34
135 500 6.27
135 582 7.19
135 750 7.71
135 768 6.69
136 33 6.88
136 71 2.45
136 94 8.09
136 147 2.73
136 199 4.85
136 364 7.1
136 365 7.36
136 476 2.44
136 524 5.32
136 531 2.28
136 536 6.13
136 546 4.4
136 667 6.54
136 681 3.43
136 773 3.77
137 120 4.27
137 205 8.27
137 283 6.19
137 296 6.89
137 485 7.36
138 123 4.17
138 346 1.81
138 599 4.05
138 733 3.89
139 285 2.52
139 325 4.88
139 415 8.93
139 439 0.96
139 455 4.17
139 474 9.63
139 543 4.32
139 656 7.47
140 263 7.12
140 453 5.95
140 504 3.02
140 584 4.5
140 626 3.61
141 150 3.33
141 219 3.16
141 226 2.63
141 256 5.85
141 451 3.56
142 109 8.31
142 157 6.04
142 223 2.21
142 353 4.94
142 486 7.49
142 589 4.28
143 325 5.74
143 426 0
143 483 5.33
143 505 8.89
143 531 2.13
143 601 4.19
143 603 2.25
143 685 4.69
143 730 6.37
143 799 5.89
144 117 4.24
144 207 6.34
144 230 6.31
144 348 4.46
144 447 6.38
144 707 3.88
144 713 0.35
145 0 3.89
145 163 4.45
145 251 3.61
145 351 6.8
145 519 8.09
145 623 4.46
145 788 5.57
146 29 5.53
146 164 2.55
147 1 6.82
147 79 3.68
147 218 6.48
147 234 3.57
147 357 1.79
147 584 3.62
147 652 6.18
147 678 4.86
147 705 6.13
147 762 6.59
148 40 5.89
148 89 4.99
148 97 4.95
148 168 3.65
148 410 5
148 413 7.04
148 608 8.23
149 425 3.81
149 495 6.56
149 541 5.54
149 584 4.59
149 696 2.75
149 765 9.46
150 22 8.83
150 40 6.02
150 324 6.29
150 350 2.23
150 355 2.93
150 473 4.24
150 486 7.6
150 664 3.09
150 673 5.63
150 761 5.83
151 33 6.82
151 144 4.55
151 334 2.75
151 421 2.33
151 487 6.36
151 577 6.51
151 594 4.26
151 595 6.24
151 610 7.15
151 636 6.12
151 706 3.13
152 263 7.36
152 545 7.75
152 583 4.93
152 696 2.4
153 63 6.27
153 74 2.85
153 132 4.69
153 190 3.44
153 243 5.35
153 258 2.74
153 270 6.91
153 284 6.66
153 418 8.14
153 492 4.65
153 765 9.31
153 790 3.96
154 36 3.44
154 80 6.77
154 125 3.62
154 356 6.31
154 376 0.19
154 692 3.93
154 732 3.58
154 788 4.72
155 149 3.65
155 255 3.43
155 369 3.53
155 384 5.7
155 610 7.23
155 634 5.73
155 722 6.61
156 441 1.62
156 507 0.26
156 580 2.75
156 621 4.41
156 695 5.24
156 738 5.28
157 1 6.66
157 115 6.74
157 327 7.14
157 342 5.71
157 479 2.74
158 99 5.02
158 175 4.49
158 276 3.32
158 357 2.35
158 360 3.54
158 492 4.27
158 726 6.15
158 748 2.19
158 786 9.21
159 82 3.37
159 157 5.5
159 167 4.94
159 325 5.31
159 406 5.62
159 450 2.98
159 533 8.77
159 660 2.32
159 728 5.09
160 379 4.84
160 464 7.54
160 515 4.12
160 648 3.41
160 694 4.38
160 742 5.63
161 4 4.46
161 113 3.41
161 197 3.73
161 206 7.27
161 409 3.82
161 522 6.76
161 550 6
161 612 8.61
161 702 2.51
161 710 5.23
161 746 8.46
162 414 6.38
162 587 7.01
162 649 7.57
162 792 6.77
162 793 2.64
163 380 6.67
163 434 1.87
163 507 0.77
163 581 0.75
163 745 6.49
163 758 8.56
163 795 5.6
164 62 2.72
164 63 6.25
164 119 3.45
164 266 1.83
164 340 3.26
164 384 5.51
164 428 9.9
164 668 5.32
165 61 6.5
165 349 2.17
165 473 4.31
165 483 4.71
165 577 5.93
165 776 3.67
166 16 4.85
166 381 5.85
166 551 5.8
166 590 2.51
167 161 3.89
167 175 4.63
167 270 6.92
167 286 3.46
167 373 0.86
167 549 5.05
167 553 4.47
167 717 4.24
168 87 3.65
168 277 3.57
168 294 4.18
168 472 5.64
168 555 1.89
168 603 2.01
169 5 2.13
169 39 7.56
169 150 3.41
169 217 0.37
169 288 2.7
169 303 5.61
169 351 6.08
169 374 5.02
169 387 1.39
169 619 1.88
169 748 2.46
170 175 5.11
170 465 3.1
170 474 9.74
170 539 3.21
170 619 2.63
170 756 0.68
171 17 2.76
171 84 7.36
171 131 4.71
171 148 2.54
171 246 5.25
171 276 2.88
171 663 7.09
171 677 0.77
172 68 2.43
172 103 4.85
172 109 8.66
172 154 1.49
172 360 3.07
172 459 5.6
172 471 4.57
172 708 5.26
173 159 6.22
173 201 6.46
173 285 2.8
173 297 2.76
173 476 1.75
173 537 3.96
173 600 7.76
173 604 5.66
173 670 6.85
174 221 4.3
174 343 3.86
174 433 5.34
174 467 6.44
174 518 2.76
174 554 7.45
174 625 7.08
174 630 3.52
174 763 4.61
175 38 8.08
175 42 7.57
175 105 3.84
175 139 1.3
175 248 5.28
175 280 2.91
175 487 5.77
175 711 1.76
175 716 3.32
176 169 6.16
176 181 6.83
176 258 2.32
176 294 4.73
176 394 4.94
176 673 6.09
176 699 9.54
176 752 9.57
177 16 5.01
177 70 5.91
177 129 1.82
177 143 5.09
177 277 3.55
177 298 6.98
177 324 7.04
177 482 6.12
177 558 3.92
178 18 5.43
178 148 2.77
178 177 4.74
178 189 3.57
178 319 3.1
178 396 5.33
178 704 4.93
179 70 5.7
179 218 7
179 271 2.52
179 375 4.78
179 521 5.15
179 586 4.41
179 682 5.63
180 232 2.17
180 279 5.71
180 403 7.48
180 419 4.58
180 510 4.35
180 535 4.45
180 630 3.84
180 650 3.6
181 23 6.1
181 54 4.49
181 121 6.41
181 133 3.32
181 329 5.59
181 344 5.51
181 397 6.01
181 456 6.3
181 474 9.5
181 488 2.73
181 536 6.28
181 613 4.22
181 738 6.04
182 130 4.75
182 145 3.16
182 165 8.79
182 242 6.26
182 299 5.62
183 62 2.69
183 119 3.7
183 335 3.59
183 443 6.54
183 489 5.78
183 610 7.27
183 611 8.99
183 676 4.53
184 20 5.36
184 91 9.24
184 289 3.1
184 494 1.59
184 557 3.6
184 569 5.68
184 638 6.39
184 724 1.44
184 741 1.72
185 19 5.47
185 35 0.54
185 42 6.92
185 73 6.65
185 90 1.04
185 93 2.74
185 127 1.27
185 195 4.88
185 422 4.38
185 431 5.61
185 614 3.61
185 680 2.24
186 50 6.19
186 237 3.79
186 325 5.34
186 382 2.87
186 412 3.3
186 446 5.91
186 553 4.32
186 596 3.01
186 607 2.31
186 655 4.89
186 718 6.04
186 767 5.55
187 182 5.16
187 186 2.11
187 452 5.92
187 453 6.32
187 528 7.29
187 534 5.7
187 543 3.95
187 722 6.37
187 729 6.89
187 751 7.25
188 52 4.11
188 147 3.13
188 221 4.23
188 332 6.18
188 418 8.17
189 295 3.49
189 381 6.45
189 433 5.32
189 445 5.55
189 572 3.2
189 638 6.82
189 658 4.97
189 697 7.75
189 760 5.14
190 146 4.84
190 167 4.77
190 176 6.24
190 226 3.11
190 390 5.38
190 588 4.89
190 627 6.18
190 737 4.56
191 156 4.22
191 268 3.67
191 325 5.13
191 378 4.19
191 392 6.43
191 510 4.21
191 585 3.7
191 721 7.12
191 730 5.94
192 46 2.54
192 109 8.37
192 160 2.1
192 598 7.51
192 635 4.34
192 749 6.02
193 256 6.22
193 270 6.61
193 422 4.35
193 510 4.27
193 617 7.96
193 797 5.64
194 175 4.73
194 224 9.04
194 508 6.99
194 700 0.68
194 743 4.51
195 73 6.32
195 97 5.06
195 246 5.24
195 517 6.6
195 539 2.96
195 636 5.93
195 652 5.8
196 225 7.72
196 462 6.14
196 501 3.22
196 533 8.33
196 571 5.08
196 583 4.7
196 640 8.83
196 681 3.45
196 688 5
197 106 5.35
197 273 7.67
197 543 4.09
197 637 5.07
197 697 7.58
198 120 5.03
198 231 4.33
198 303 5.98
198 319 3.41
198 390 5.26
198 425 3.19
198 771 6.11
199 72 5.69
199 75 1.92
199 184 5.86
199 305 6.19
199 372 5.67
199 395 2.7
199 480 8.26
